Date,Open,High,Low,Close,Volume,OpenInt
2016-09-23,14.11,16.8,14.11,16.1,3579175,0
2016-09-26,15.6,17.4,15.5,16.47,964244,0
2016-09-27,16.78,18.364,16.39,18.21,510028,0
2016-09-28,19.04,19.97,18.6,19.3,455672,0
2016-09-29,19.6,19.7,17.22,17.54,303421,0
2016-09-30,17.48,17.69,16.38,16.47,321011,0
2016-10-03,16.5,17.9,15.61,17.86,524031,0
2016-10-04,17.69,18.95,17,17.52,287558,0
2016-10-05,17.5,18.22,16.5,16.66,160527,0
2016-10-06,16.6,17.13,15.83,16.08,223513,0
2016-10-07,15.9,16.5438,15.08,15.81,151011,0
2016-10-10,15.75,15.75,14.501,15.25,255338,0
2016-10-11,15.31,15.66,14.51,15.1,172440,0
2016-10-12,15.22,15.55,14.256,14.48,115428,0
2016-10-13,14.25,14.33,13.01,14.01,273890,0
2016-10-14,14.02,14.5,13.63,13.96,89048,0
2016-10-17,14,14.47,13.48,14.43,26690,0
2016-10-18,14.83,15.8663,14.685,15.19,240291,0
2016-10-19,15.3,15.33,14.74,14.75,85328,0
2016-10-20,14.74,15.19,14.74,14.96,25603,0
2016-10-21,14.84,15.75,14.74,15.68,156620,0
2016-10-24,15.75,16.18,14.6,15.18,102196,0
2016-10-25,15.25,15.78,14.8501,15.74,137308,0
2016-10-26,15.77,16.28,15.34,15.75,228337,0
2016-10-27,15.8,16.12,14.75,14.91,237907,0
2016-10-28,14.83,15.03,14.1801,14.56,100579,0
2016-10-31,14.0421,14.74,13.15,13.62,82385,0
2016-11-01,13.6,14.25,12.55,12.81,108009,0
2016-11-02,12.7,13.09,12.01,12.05,48214,0
2016-11-03,12.05,12.57,11.83,12.08,30007,0
2016-11-04,11.855,12.76,11.07,11.86,177062,0
2016-11-07,11.85,12.38,11.1,11.51,256186,0
2016-11-08,11.82,12.16,10.36,10.37,293973,0
2016-11-09,11.12,13.42,11.09,13.29,210918,0
2016-11-10,14,14.9,13.68,14.15,184961,0
2016-11-11,14,15.39,13.8318,15.11,97129,0
2016-11-14,15.41,15.41,14.261,14.7,69987,0
2016-11-15,14.75,15.8,14.5,15.36,142977,0
2016-11-16,15.15,15.75,14.64,15.57,71872,0
2016-11-17,15.65,17.47,15.305,16.11,114586,0
2016-11-18,16.12,16.6,15.24,15.27,134094,0
2016-11-21,16.16,16.2903,13.88,14.08,148326,0
2016-11-22,14.15,15.0555,13.5,13.7,85661,0
2016-11-23,12.6,12.6,11.5,11.53,591137,0
2016-11-25,11.75,13.58,11.5,12.61,269053,0
2016-11-28,12.58,13.49,11.94,12.13,158535,0
2016-11-29,12.27,12.51,11.77,11.8,84945,0
2016-11-30,12.16,12.16,11.56,11.59,77076,0
2016-12-01,11.7,11.888,11.48,11.58,69820,0
2016-12-02,11.58,11.82,11.49,11.5,43759,0
2016-12-05,11.6,12.3283,11.6,11.93,44362,0
2016-12-06,12,12.41,11.9,12.07,56106,0
2016-12-07,11.93,12.1807,11.53,11.65,48452,0
2016-12-08,11.84,12.57,11.6,12.05,114836,0
2016-12-09,13.25,15,13,14.93,413036,0
2016-12-12,15,15,12.1,12.87,327323,0
2016-12-13,12.9,13.4,12,13.36,148130,0
2016-12-14,13.66,13.9,12.86,13.61,141347,0
2016-12-15,13.6,13.86,13.02,13.55,100908,0
2016-12-16,13.55,14.32,13.014,14.32,164380,0
2016-12-19,14.4,14.83,14.11,14.53,69411,0
2016-12-20,14.78,14.78,14.01,14.33,41018,0
2016-12-21,14.21,14.88,12.76,12.85,219478,0
2016-12-22,12.9,13.84,12.55,12.56,290601,0
2016-12-23,12.65,13.69,12.65,13.23,35067,0
2016-12-27,13.48,13.85,12.61,13.52,61284,0
2016-12-28,13.3,13.4387,12.6,12.7,60634,0
2016-12-29,12.86,13.46,12.4,12.54,152957,0
2016-12-30,12.74,13.0252,12.5,12.98,78689,0
2017-01-03,13.43,13.43,12.66,13.01,60401,0
2017-01-04,13.22,13.73,13.14,13.65,61129,0
2017-01-05,13.87,13.87,13.28,13.53,24096,0
2017-01-06,13.74,13.88,13.64,13.64,21530,0
2017-01-09,13.88,14.06,13.28,13.34,51324,0
2017-01-10,13.73,14,13.29,13.29,26716,0
2017-01-11,13.5,13.705,12.68,13.42,71245,0
2017-01-12,13.5,13.75,12.8303,13.05,30898,0
2017-01-13,13.05,13.65,13.05,13.31,24294,0
2017-01-17,13.5,13.74,13.1,13.2,34429,0
2017-01-18,13.35,13.48,12.93,12.98,19353,0
2017-01-19,13.02,13.5,12.59,12.65,34068,0
2017-01-20,12.7,13.35,12.6,12.6,117397,0
2017-01-23,12.82,12.82,12.4,12.4,78403,0
2017-01-24,12.45,12.645,12.03,12.05,40551,0
2017-01-25,12.5,12.58,12.06,12.15,51806,0
2017-01-26,12.05,12.5,12.04,12.25,24028,0
2017-01-27,12.22,12.41,12.12,12.12,10547,0
2017-01-30,12.42,12.75,11.75,11.76,38008,0
2017-01-31,11.84,12.33,11.8001,12.02,30638,0
2017-02-01,12.2,12.3,11.98,11.98,46910,0
2017-02-02,12.05,12.225,11.85,12.09,42456,0
2017-02-03,12.18,12.5,11.92,12.14,43110,0
2017-02-06,12.05,12.25,11.88,12,14473,0
2017-02-07,12,12.2,11.98,12.01,17553,0
2017-02-08,11.9,12.19,11.85,12.18,15631,0
2017-02-09,12.02,12.22,11.62,11.63,32544,0
2017-02-10,11.81,12.1447,11.81,12.01,15130,0
2017-02-13,11.99,12.2,11.8064,12.19,33066,0
2017-02-14,12.15,13.18,11.88,12.94,114700,0
2017-02-15,13.1,13.67,12.55,12.57,49658,0
2017-02-16,12.65,12.85,12.11,12.72,37045,0
2017-02-17,12.48,12.71,12.48,12.71,20268,0
2017-02-21,12.71,12.71,12.45,12.69,14139,0
2017-02-22,12.55,13.01,12.26,12.3,19543,0
2017-02-23,12.37,12.41,12.02,12.32,33636,0
2017-02-24,12.15,12.29,11.781,11.85,20958,0
2017-02-27,12.01,12.48,11.84,12.26,22670,0
2017-02-28,12.36,12.68,12.2,12.24,55711,0
2017-03-01,12.45,12.7,12.45,12.56,13550,0
2017-03-02,12.79,13.39,12.55,12.65,29727,0
2017-03-03,12.85,13.33,12.47,12.96,21439,0
2017-03-06,13.09,13.09,12.13,12.5,30677,0
2017-03-07,12.38,12.44,11.45,11.5,120133,0
2017-03-08,11.56,11.8125,11.5,11.52,23075,0
2017-03-09,11.7,12.02,11.53,12.02,26367,0
2017-03-10,12.38,12.38,11.62,11.81,13713,0
2017-03-13,12.47,12.47,12,12.2,58955,0
2017-03-14,12.04,12.1,11.61,11.61,14100,0
2017-03-15,11.87,12.53,11.87,12.27,20861,0
2017-03-16,12.33,12.5912,11.86,12.35,13973,0
2017-03-17,12.26,12.3481,11.84,12.07,5675,0
2017-03-20,12.04,12.0803,11.5,11.55,47260,0
2017-03-21,11.65,11.78,11.15,11.55,179346,0
2017-03-22,11.5,11.64,11.025,11.47,330632,0
2017-03-23,11.5,11.5651,11.01,11.04,55126,0
2017-03-24,11.17,11.27,11.01,11.02,13718,0
2017-03-27,11,11.59,10.955,11.13,87787,0
2017-03-28,11.13,11.84,11.065,11.62,66300,0
2017-03-29,11.52,11.6699,11.395,11.58,41953,0
2017-03-30,11.58,11.775,11.5,11.57,17157,0
2017-03-31,10.27,10.88,10.27,10.36,195443,0
2017-04-03,10.01,10.5,10.01,10.17,68839,0
2017-04-04,10.02,10.2916,9.37,9.51,101861,0
2017-04-05,9.6,10.12,9.6,9.67,46572,0
2017-04-06,9.68,9.98,9.66,9.91,16280,0
2017-04-07,10.1,10.19,9.99,10.08,19657,0
2017-04-10,10.1,10.25,9.91,10.15,30111,0
2017-04-11,10.04,10.49,10,10.16,30283,0
2017-04-12,10.07,10.3,9.82,10.04,14115,0
2017-04-13,9.96,10.34,9.85,10.1,15875,0
2017-04-17,10.03,10.18,9.97,10.01,7028,0
2017-04-18,9.96,10.31,9.8,10.01,31500,0
2017-04-19,10,10.065,9.89,9.98,17977,0
2017-04-20,9.7836,10,9.73,9.86,8080,0
2017-04-21,9.86,9.98,9.65,9.66,10696,0
2017-04-24,9.73,9.85,9.6,9.6,27848,0
2017-04-25,9.6,9.74,9.6,9.61,65636,0
2017-04-26,9.6,9.62,9.5,9.57,78760,0
2017-04-27,9.64,9.84,9.53,9.55,15509,0
2017-04-28,9.5,9.77,9.5,9.55,38460,0
2017-05-01,9.5,9.57,8.91,8.93,146267,0
2017-05-02,9.1,9.29,9.1,9.29,82621,0
2017-05-03,9.29,9.29,9,9,106170,0
2017-05-04,9.04,9.1,9,9.09,21946,0
2017-05-05,9.04,9.7804,9,9,57102,0
2017-05-08,9.05,9.15,9,9.12,46657,0
2017-05-09,9,9.13,9,9.02,53780,0
2017-05-10,9,9.1,8.9,9.06,34451,0
2017-05-11,8.95,9.23,8.95,8.95,42500,0
2017-05-12,9.0046,9.1879,8.95,9.1,46054,0
2017-05-15,9.1,9.25,8.96,9.01,14414,0
2017-05-16,9.1,9.1,8.57,8.64,77494,0
2017-05-17,8.8,9.41,8.7,8.74,16848,0
2017-05-18,8.9,8.93,8.77,8.8,14533,0
2017-05-19,8.801,9.0699,8.801,8.88,63744,0
2017-05-22,9,9.1,8.965,9.06,24728,0
2017-05-23,9.05,9.05,8.9,8.93,23461,0
2017-05-24,8.97,9.1,8.9,8.96,28645,0
2017-05-25,8.97,9.01,8.9,8.91,16323,0
2017-05-26,8.91,9,8.9,8.95,7501,0
2017-05-30,8.9,8.94,8.9,8.9,11564,0
2017-05-31,8.9,8.9232,8.9,8.9,40814,0
2017-06-01,8.84,8.9189,8.8,8.82,21876,0
2017-06-02,8.8,8.9,8.67,8.84,159006,0
2017-06-05,8.89,9.46,8.89,9.45,44851,0
2017-06-06,9.1,9.59,8.81,9.03,50523,0
2017-06-07,9.26,9.29,9.05,9.29,8878,0
2017-06-08,9.12,9.4,9.12,9.33,35703,0
2017-06-09,9.31,9.3799,9.1,9.2,25881,0
2017-06-12,9.02,9.02,8.9,8.92,46731,0
2017-06-13,8.9,8.99,8.9,8.99,17175,0
2017-06-14,8.99,8.99,8.9,8.9,16154,0
2017-06-15,8.9,9,8.8,8.83,72165,0
2017-06-16,8.82,8.89,8.51,8.51,59376,0
2017-06-19,8.8,8.909,8.77,8.865,41575,0
2017-06-20,8.8,9.2,8.8,8.96,32909,0
2017-06-21,8.99,9.14,8.96,9.14,6367,0
2017-06-22,9.15,9.4,9.12,9.12,22267,0
2017-06-23,9.1,9.4,9.1,9.39,12246,0
2017-06-26,9.31,9.31,9.11,9.24,57059,0
2017-06-27,9.2,9.4,9.12,9.34,33363,0
2017-06-28,9.3,9.3,9.0101,9.04,28257,0
2017-06-29,9,9.1,8.88,8.9,12006,0
2017-06-30,8.9,9.0299,8.8,8.8,13028,0
2017-07-03,8.8,9.01,8.8,8.905,30418,0
2017-07-05,8.83,8.98,8.8,8.8,14381,0
2017-07-06,8.9,8.98,8.8,8.8,36526,0
2017-07-07,8.97,8.97,8.57,8.59,24359,0
2017-07-10,8.56,8.62,8.22,8.3,19034,0
2017-07-11,8.3,8.72,8.02,8.24,20978,0
2017-07-12,8.39,8.58,8.205,8.36,11627,0
2017-07-13,8.42,8.64,8.23,8.5,8911,0
2017-07-14,8.55,8.82,8.48,8.69,21569,0
2017-07-17,8.56,8.9465,8.42,8.49,27931,0
2017-07-18,8.47,8.48,8.14,8.24,28695,0
2017-07-19,8.21,8.6918,8.1,8.12,20728,0
2017-07-20,8.19,8.5,8.02,8.02,51916,0
2017-07-21,8.02,8.24,8,8.08,32588,0
2017-07-24,8.08,8.29,8.08,8.11,11812,0
2017-07-25,8.33,8.33,8.08,8.09,6882,0
2017-07-26,8.08,8.23,8,8.15,12284,0
2017-07-27,8.2387,8.2387,8.01,8.01,18469,0
2017-07-28,8.11,8.1759,7.73,7.73,26063,0
2017-07-31,8.03,8.1255,6.89,7.33,66880,0
2017-08-01,7.43,7.43,6.66,6.97,21664,0
2017-08-02,7.06,7.29,7,7.23,47684,0
2017-08-03,7.17,7.17,6.7,6.7,35528,0
2017-08-04,6.9,6.992,6.7,6.7,17374,0
2017-08-07,6.8,7.531,6.75,7.4,39853,0
2017-08-08,7.44,7.73,7.43,7.61,30817,0
2017-08-09,7.76,7.76,7.53,7.74,30732,0
2017-08-10,6.35,7.35,6.03,7.31,105153,0
2017-08-11,7.45,7.45,7,7.12,19529,0
2017-08-14,7.28,7.3,7.09,7.29,9561,0
2017-08-15,7.35,7.4,7.1,7.19,32188,0
2017-08-16,7.3,7.61,7.3,7.43,22329,0
2017-08-17,7.4,7.75,7.36,7.36,32258,0
2017-08-18,7.4,7.7,7.4,7.68,23161,0
2017-08-21,7.7,7.81,7.48,7.8,35094,0
2017-08-22,7.81,8.6892,7.66,8.25,79661,0
2017-08-23,8.45,8.45,7.81,8,8124,0
2017-08-24,8.07,8.0799,7.57,7.9,18336,0
2017-08-25,8.08,8.08,7.4,7.42,31962,0
2017-08-28,7.94,7.94,7.4,7.4,147428,0
2017-08-29,7.4,7.5,6.94,7.06,70489,0
2017-08-30,7.06,7.7,7.02,7.63,500943,0
2017-08-31,7.68,7.9064,7.24,7.84,218638,0
2017-09-01,7.85,8.19,7.57,8.18,91974,0
2017-09-05,8.26,8.87,8,8.455,237051,0
2017-09-06,8.59,9.2499,8.47,9.03,48246,0
2017-09-07,9,9.7,8.75,9.6,86832,0
2017-09-08,9.5,9.89,8.44,9.42,90325,0
2017-09-11,9.2,9.77,9.06,9.77,45702,0
2017-09-12,9.4,9.9,9.33,9.78,41986,0
2017-09-13,9.89,9.89,9.65,9.87,11659,0
2017-09-14,9.9,11.23,9.86,10.75,138348,0
2017-09-15,11,11,9.61,10.93,135268,0
2017-09-18,10.99,11.65,10.875,11.2,176182,0
2017-09-19,11.15,11.6999,10.82,10.92,98809,0
2017-09-20,10.85,10.975,10.52,10.57,22813,0
2017-09-21,10.52,10.5652,10.11,10.25,25664,0
2017-09-22,10,10.49,9.601,10.24,64044,0
2017-09-25,10.06,10.47,10,10.3,55972,0
2017-09-26,10.25,10.44,10.19,10.4,37235,0
2017-09-27,10.35,10.9,10.32,10.9,220459,0
2017-09-28,11,11.47,10.6,10.78,73559,0
2017-09-29,10.79,11.29,10.5,11.17,62103,0
2017-10-02,10.1,11.46,10.1,11.26,84111,0
2017-10-03,11.25,11.5,10.75,11.48,77430,0
2017-10-04,11.43,11.5,10.81,11.11,106565,0
2017-10-05,11.1,11.5,10.75,11.3,106895,0
2017-10-06,11.1,11.5,10.8,11.26,80020,0
2017-10-09,11.34,11.57,11.085,11.57,59259,0
2017-10-10,11.63,12.1,11.63,12,110316,0
2017-10-11,12,12.09,11.76,11.98,83910,0
2017-10-12,11.8,12.05,11.697,11.75,112602,0
2017-10-13,11.7,11.755,11.311,11.61,60114,0
2017-10-16,11.75,11.8,11.22,11.8,75239,0
2017-10-17,11.82,11.9,11.39,11.6,60456,0
2017-10-18,11.65,11.65,11.41,11.58,15357,0
2017-10-19,11.34,11.86,11.05,11.75,78805,0
2017-10-20,11.75,11.9,11.74,11.87,17808,0
2017-10-23,11.6,11.69,11.55,11.56,41622,0
2017-10-24,11.56,11.56,11.26,11.43,30906,0
2017-10-25,11.4683,11.525,11.24,11.51,22327,0
2017-10-26,11.47,11.52,11.3,11.33,9409,0
2017-10-27,11.43,11.7,11.43,11.65,61069,0
2017-10-30,11.7,11.845,11.62,11.71,44021,0
2017-10-31,11.55,11.8,11.4,11.76,40450,0
2017-11-01,11.77,12.2,11.732,11.95,110309,0
2017-11-02,12.1,12.76,11.98,12.52,191820,0
2017-11-03,11.41,12.25,10.8,11.32,143898,0
2017-11-06,11.34,12.1199,11.34,11.81,69687,0
2017-11-07,11.82,12.43,11.82,11.96,64622,0
2017-11-08,12.04,12.2954,11.78,11.99,88831,0
2017-11-09,11.9,12.03,11.575,11.75,95381,0
2017-11-10,11.65,12.06,11.52,11.6,50961,0
2017-11-13,12.040,12.040,11.270,11.450,155800,0
2017-11-14,11.000,11.390,10.200,10.820,132800,0
2017-11-15,10.280,11.200,10.280,10.750,72100,0
2017-11-16,10.840,11.500,10.700,10.980,231600,0
2017-11-17,11.020,11.115,10.560,10.610,76500,0
2017-11-20,10.610,10.940,10.250,10.370,41700,0
2017-11-21,10.460,12.000,10.330,11.730,144000,0
2017-11-22,11.500,11.940,11.248,11.370,51100,0
2017-11-24,11.230,11.560,10.890,11.480,19800,0
2017-11-27,11.350,11.910,11.240,11.310,19400,0
2017-11-28,11.280,11.870,11.059,11.700,130500,0
2017-11-29,11.700,11.880,11.590,11.720,72000,0
2017-11-30,11.800,11.800,11.530,11.690,146200,0
2017-12-01,11.590,11.880,10.870,11.850,41700,0
2017-12-04,11.820,12.100,11.440,11.750,321000,0
2017-12-05,11.510,12.000,11.500,11.920,71400,0
2017-12-06,11.900,12.100,11.790,12.030,109000,0
2017-12-07,12.000,12.420,11.900,12.000,169400,0
2017-12-08,12.160,12.350,12.066,12.270,46800,0
2017-12-11,12.370,12.400,11.970,12.000,73400,0
2017-12-12,12.000,12.580,11.950,12.360,167600,0
2017-12-13,12.300,12.990,12.160,12.170,195800,0
2017-12-14,12.230,12.840,12.230,12.300,98000,0
2017-12-15,12.330,12.900,12.330,12.630,39300,0
2017-12-18,12.630,13.000,12.630,12.850,160700,0
2017-12-19,12.850,13.090,11.850,12.000,252800,0
2017-12-20,11.910,12.440,11.910,12.190,111400,0
2017-12-21,12.190,12.200,11.883,12.020,91800,0
2017-12-22,12.000,12.910,11.980,12.750,172400,0
2017-12-26,12.560,12.950,12.560,12.780,28100,0
2017-12-27,12.700,12.950,12.650,12.720,50900,0
2017-12-28,12.780,12.940,12.460,12.650,126400,0
2017-12-29,12.540,12.880,12.510,12.800,60100,0
2018-01-02,12.880,13.490,12.880,13.350,82700,0
2018-01-03,13.500,13.500,12.880,13.140,73100,0
2018-01-04,13.200,13.200,12.900,13.060,22500,0
2018-01-05,13.100,13.190,12.900,13.040,58000,0
2018-01-08,13.160,13.170,12.761,12.940,101900,0
2018-01-09,13.000,13.000,12.820,12.920,31600,0
2018-01-10,12.920,13.100,12.795,13.100,57600,0
2018-01-11,13.100,13.440,12.930,13.270,45400,0
2018-01-12,13.320,13.750,13.320,13.480,74100,0
2018-01-16,13.470,13.740,12.920,13.050,41300,0
2018-01-17,13.180,13.295,12.305,13.180,54500,0
2018-01-18,13.100,13.150,12.995,13.060,25700,0
2018-01-19,13.200,13.210,13.000,13.140,24000,0
2018-01-22,13.210,13.540,13.090,13.510,59700,0
2018-01-23,13.540,13.750,13.450,13.750,44400,0
2018-01-24,13.800,13.910,13.520,13.780,37000,0
2018-01-25,13.850,13.850,13.310,13.430,13900,0
2018-01-26,13.510,13.520,13.220,13.520,17500,0
2018-01-29,13.580,13.750,13.240,13.600,37600,0
2018-01-30,13.490,13.640,13.241,13.550,49700,0
2018-01-31,13.500,13.500,13.200,13.360,44800,0
2018-02-01,13.300,13.500,13.200,13.230,88700,0
2018-02-02,13.000,13.330,12.550,12.630,63900,0
2018-02-05,12.500,12.890,12.500,12.600,53800,0
2018-02-06,12.110,12.980,12.110,12.740,74600,0
2018-02-07,12.760,12.880,12.395,12.620,58500,0
2018-02-08,12.770,12.770,12.160,12.550,35000,0
2018-02-09,12.440,12.440,11.215,11.680,99900,0
2018-02-12,11.600,11.875,11.535,11.650,64800,0
2018-02-13,11.920,12.088,11.500,11.500,116600,0
2018-02-14,11.500,11.710,11.220,11.290,142100,0
2018-02-15,11.270,11.869,11.270,11.400,95000,0
2018-02-16,11.360,11.970,11.210,11.720,152300,0
2018-02-20,11.600,12.325,11.550,11.790,304900,0
2018-02-21,11.830,11.870,10.900,10.900,61900,0
2018-02-22,10.930,11.735,10.520,10.820,146000,0
2018-02-23,10.890,10.900,10.520,10.900,40400,0
2018-02-26,10.960,11.580,10.850,11.200,116400,0
2018-02-27,11.055,11.145,10.885,10.910,22300,0
2018-02-28,10.846,11.010,10.570,10.570,44400,0
2018-03-01,-,-,-,-,-,0
2018-03-02,10.430,11.220,10.430,11.120,52800,0
2018-03-05,10.810,11.240,10.680,10.680,146800,0
2018-03-06,10.897,11.430,10.740,11.170,60900,0
2018-03-07,11.176,11.650,11.176,11.440,48600,0
2018-03-08,11.500,12.000,11.220,11.810,129300,0
2018-03-09,11.960,12.300,11.420,12.090,96100,0
2018-03-12,12.100,12.270,11.800,12.010,20800,0
2018-03-13,12.130,12.360,11.680,11.830,29100,0
2018-03-14,11.810,12.130,11.475,11.750,56100,0
2018-03-15,12.370,12.370,11.520,11.580,11400,0
2018-03-16,11.750,11.960,11.420,11.940,38800,0
2018-03-19,11.980,11.980,11.510,11.590,52200,0
2018-03-20,11.500,11.980,11.470,11.980,21000,0
2018-03-21,12.000,12.550,11.990,12.550,46300,0
2018-03-22,12.370,12.500,12.140,12.500,23300,0
2018-03-23,12.000,12.170,11.110,11.360,47100,0
2018-03-26,11.410,11.700,10.410,10.560,151600,0
2018-03-27,10.560,11.380,10.420,10.720,76500,0
2018-03-28,10.500,10.820,10.150,10.400,47300,0
2018-03-29,10.140,10.800,10.060,10.340,44100,0
2018-04-02,10.110,10.275,9.030,9.290,89500,0
2018-04-03,9.720,10.460,9.600,10.450,47200,0
2018-04-04,10.390,10.810,9.836,10.800,30400,0
2018-04-05,10.920,11.240,9.560,9.600,54200,0
2018-04-06,9.800,9.800,9.000,9.010,47900,0
2018-04-09,9.090,10.400,9.060,9.235,44064,0