Date,Open,High,Low,Close,Volume,OpenInt
2017-06-15,7.25,8.1,7.25,7.25,84760,0
2017-06-16,7.8,9.83,7.2295,9.6,290541,0
2017-06-19,10,11.66,9.5,10.1123,216452,0
2017-06-20,10.05,10.7,9.6001,10.25,45807,0
2017-06-21,10.25,10.5,10,10.5,104702,0
2017-06-22,10.65,10.65,10.0201,10.56,92290,0
2017-06-23,10.5,10.7,10.11,10.61,23586,0
2017-06-26,10.63,10.7,10.4278,10.6502,23458,0
2017-06-27,10.75,10.77,10.6,10.77,18026,0
2017-06-28,10.8,14.5,10.8,14.5,239715,0
2017-06-29,17.3,17.3,14.65,15.69,297762,0
2017-06-30,16,16.3864,15.69,16.05,134663,0
2017-07-03,15.65,17.499,15.65,16.5033,121931,0
2017-07-05,17.05,17.05,15.37,17.01,174571,0
2017-07-06,17.38,17.45,15.89,17.1,114485,0
2017-07-07,16.68,17.15,16.5,16.85,34952,0
2017-07-10,17,17.1027,16.39,17.0995,35585,0
2017-07-11,17.12,17.18,16.7401,17.116,86292,0
2017-07-12,17.19,18.31,14.61,17.15,219380,0
2017-07-13,17.4,17.4,15.2001,15.38,85832,0
2017-07-14,16,16.12,14.59,15.03,54856,0
2017-07-17,15.01,15.0192,12.5,12.75,187606,0
2017-07-18,12.75,12.85,12.15,12.422,105267,0
2017-07-19,12.25,12.25,10.4158,10.51,65546,0
2017-07-20,10.04,10.155,8.7,9.2,74775,0
2017-07-21,9.1,9.2799,8.75,8.8,103462,0
2017-07-24,8.73,9.874,8.25,8.8001,79555,0
2017-07-25,8.74,9.3999,8.71,8.86,116735,0
2017-07-26,8.4,10.6495,8.4,10.5,215379,0
2017-07-27,10.65,10.65,9.95,10.03,52184,0
2017-07-28,9.8,10.03,9.4,9.7,40775,0
2017-07-31,9.47,10.0875,8.6,8.99,33046,0
2017-08-01,8.8,8.9657,8.25,8.3,103464,0
2017-08-02,8.42,8.42,6.5,6.75,92981,0
2017-08-03,6.69,7.16,6.11,6.51,129102,0
2017-08-04,6.635,6.73,6.38,6.39,23543,0
2017-08-07,7.19,7.19,6.3874,6.49,29817,0
2017-08-08,6.79,8.2719,6.5756,7.7,176098,0
2017-08-09,8.25,8.39,7.53,8.2,45058,0
2017-08-10,8.22,10.49,8,10.49,143678,0
2017-08-11,10.459,10.55,8.73,10.55,83895,0
2017-08-14,10.55,11.86,10.0802,11.5,109697,0
2017-08-15,11.45,12.608,11.3,12,178471,0
2017-08-16,12.5,12.98,12.0125,12.86,124705,0
2017-08-17,12.86,13.58,12.169,13.09,203224,0
2017-08-18,12.86,13.44,12.0192,13.11,123208,0
2017-08-21,13.15,13.46,12.5,13.2,119157,0
2017-08-22,12.31,13.24,12.02,13.2,131990,0
2017-08-23,13.22,13.25,12.43,12.69,103426,0
2017-08-24,12.7,13,12.271,12.87,79010,0
2017-08-25,12.85,12.99,12.12,12.83,78777,0
2017-08-28,12.83,13.16,12.59,13.05,66005,0
2017-08-29,12.9,13.28,12.76,13.05,84513,0
2017-08-30,12.64,13.57,12.64,13.22,189526,0
2017-08-31,13.24,13.24,11.14,11.74,156693,0
2017-09-01,11.75,12,10.9499,11.95,60172,0
2017-09-05,11.88,12.2,11.26,11.9,317892,0
2017-09-06,12,13.05,11.6013,12.995,260945,0
2017-09-07,12.52,13.81,11.7025,13.35,230334,0
2017-09-08,13.22,13.4,12.65,12.86,234557,0
2017-09-11,13.31,13.31,11.74,11.76,255040,0
2017-09-12,11.6,11.855,11.16,11.41,175022,0
2017-09-13,11.24,11.2581,9.6,10.12,341628,0
2017-09-14,10.08,10.08,7.81,8.01,522853,0
2017-09-15,7.93,7.95,6.89,7,778291,0
2017-09-18,7.1,7.98,6.89,6.96,352314,0
2017-09-19,6.96,7.18,6.51,6.75,184407,0
2017-09-20,6.67,7.53,6.67,7.19,751259,0
2017-09-21,7.27,8.3339,7.27,7.88,742008,0
2017-09-22,8,8.48,7.9,8.18,598903,0
2017-09-25,8.21,8.2999,6.54,7.15,642222,0
2017-09-26,7,7.33,6.83,7.1,238613,0
2017-09-27,7.16,7.2,6.91,6.95,77528,0
2017-09-28,6.95,7.5699,6.95,7.32,236883,0
2017-09-29,7.36,7.489,6.94,6.96,148564,0
2017-10-02,7.03,7.16,7,7.1,50132,0
2017-10-03,7.1,7.2,6.9101,7,116614,0
2017-10-04,7.0051,7.2,6.91,6.94,46940,0
2017-10-05,7,7,6.52,6.7,125194,0
2017-10-06,6.72,6.74,6.511,6.69,53163,0
2017-10-09,6.77,6.86,6.34,6.41,74263,0
2017-10-10,6.52,6.85,6.43,6.85,95101,0
2017-10-11,7.2,7.2,6.59,6.7,61391,0
2017-10-12,6.73,6.98,6.69,6.93,60849,0
2017-10-13,7,7,6.5801,6.86,22572,0
2017-10-16,6.66,6.6837,6.49,6.5,51394,0
2017-10-17,6.629,6.629,4.77,4.83,263794,0
2017-10-18,4.9,4.95,3.96,4.19,279254,0
2017-10-19,4.11,4.68,3.91,4.21,121430,0
2017-10-20,4.26,4.42,4.23,4.23,123341,0
2017-10-23,4.3,4.3404,3.81,4.1,173022,0
2017-10-24,3.921,4.0043,3.66,3.67,55666,0
2017-10-25,3.7,3.99,3.67,3.96,73081,0
2017-10-26,4.02,4.56,4.02,4.4,225702,0
2017-10-27,4.4,5.1487,4.4,4.82,206710,0
2017-10-30,5.01,5.45,4.66,4.69,127768,0
2017-10-31,4.78,4.97,4.78,4.96,50460,0
2017-11-01,5,5.07,4.31,4.55,114003,0
2017-11-02,4.62,4.87,4.45,4.85,80715,0
2017-11-03,4.91,4.91,4.471,4.6,38934,0
2017-11-06,4.51,4.6,4.34,4.43,39335,0
2017-11-07,4.43,4.43,3.83,3.94,150332,0
2017-11-08,3.95,4.02,3.68,3.69,100905,0
2017-11-09,4.02,4.03,3.82,3.96,50328,0
2017-11-10,4.4,4.4,3.96,4.12,66422,0
2017-11-13,4.1300,4.2700,4.0500,4.2100,38200,0
2017-11-14,4.2500,4.3000,4.0900,4.3000,49200,0
2017-11-15,4.3200,4.8300,4.2700,4.6800,99800,0
2017-11-16,4.6800,4.9400,4.6100,4.9200,90300,0
2017-11-17,4.8300,4.8900,4.7300,4.8900,20300,0
2017-11-20,4.8900,4.8900,3.9000,4.0100,73700,0
2017-11-21,3.9500,4.1100,3.9500,4.0300,64100,0
2017-11-22,4.0400,4.1100,4.0210,4.0400,20400,0
2017-11-24,4.0400,4.0410,3.6800,3.8700,32300,0
2017-11-27,3.9100,3.9770,3.7980,3.8200,34300,0
2017-11-28,3.8500,3.8530,3.0500,3.0600,189400,0
2017-11-29,3.2100,3.5600,3.2100,3.3600,66200,0
2017-11-30,3.4200,3.4400,3.1200,3.2500,34800,0
2017-12-01,3.2400,3.4300,3.0500,3.1980,57200,0
2017-12-04,3.2000,3.6700,3.2000,3.4900,66200,0
2017-12-05,3.4300,3.8400,3.4300,3.6600,58400,0
2017-12-06,3.6900,3.6900,3.2960,3.4200,26600,0
2017-12-07,3.6500,3.7000,3.0400,3.1900,137100,0
2017-12-08,3.2800,3.7700,3.0700,3.7400,126000,0
2017-12-11,3.6200,3.7300,3.3600,3.3700,37400,0
2017-12-12,3.3900,3.6670,3.1000,3.1300,44000,0
2017-12-13,3.4700,3.4700,2.7500,3.0000,179800,0
2017-12-14,2.9100,3.1300,2.9000,2.9000,73500,0
2017-12-15,3.0000,3.1000,2.9000,2.9100,76400,0
2017-12-18,2.9600,3.3300,2.8600,2.9900,87700,0
2017-12-19,3.0400,3.0400,2.6000,2.6200,148300,0
2017-12-20,2.6300,2.6860,2.3500,2.4000,82000,0
2017-12-21,2.4500,2.5000,2.3700,2.3700,68100,0
2017-12-22,2.4000,4.7500,2.4000,3.6800,1382300,0
2017-12-26,3.7000,6.7300,3.6000,5.0000,2694000,0
2017-12-27,5.4000,6.4710,4.2100,4.3600,1253200,0
2017-12-28,4.2900,4.5600,3.6300,4.1800,959400,0
2017-12-29,4.2100,4.6400,4.0630,4.4000,413200,0
2018-01-02,4.5900,5.1200,4.1800,4.9300,380300,0
2018-01-03,5.0900,5.1400,4.3300,4.5750,130300,0
2018-01-04,4.5100,4.5500,4.0500,4.3300,219200,0
2018-01-05,3.9900,4.0400,3.2000,3.2100,759800,0
2018-01-08,3.3800,3.5400,3.2600,3.3500,247100,0
2018-01-09,3.3200,3.5000,3.2700,3.2900,186800,0
2018-01-10,3.3900,3.4400,3.0000,3.1000,218900,0
2018-01-11,3.0700,3.1200,2.7000,2.8400,280000,0
2018-01-12,2.9000,2.9000,2.0600,2.1600,1633000,0
2018-01-16,2.1900,2.2490,2.0100,2.0700,699000,0
2018-01-17,2.1100,2.1100,1.9000,2.0100,485600,0
2018-01-18,2.2300,2.2300,1.9500,2.0300,481300,0
2018-01-19,2.0300,2.0590,1.9500,2.0100,281600,0
2018-01-22,2.0100,2.0310,1.9500,1.9750,304300,0
2018-01-23,2.0000,2.0040,1.8800,1.9000,343000,0
2018-01-24,1.8800,1.9200,1.7500,1.7800,385200,0
2018-01-25,1.8100,1.9600,1.7800,1.8400,363000,0
2018-01-26,1.8500,1.8500,1.7200,1.7600,305800,0
2018-01-29,1.7300,1.7500,1.6600,1.7000,287500,0
2018-01-30,1.6900,1.7220,1.6200,1.6400,104700,0
2018-01-31,1.6400,2.0500,1.6400,1.9100,2349400,0
2018-02-01,1.9300,1.9390,1.7100,1.7500,317600,0
2018-02-02,1.7600,1.7850,1.5400,1.7730,447000,0
2018-02-05,1.8000,1.9000,1.6000,1.7100,362300,0
2018-02-06,1.7000,1.7000,1.5600,1.6700,188700,0
2018-02-07,1.6500,1.6600,1.5700,1.6170,158500,0
2018-02-08,1.6500,1.6600,1.4700,1.5500,213400,0
2018-02-09,1.5900,1.5900,1.3900,1.4600,202500,0
2018-02-12,1.4500,1.4590,1.3600,1.3700,186100,0
2018-02-13,1.3700,1.4800,1.3050,1.4500,203900,0
2018-02-14,1.4500,1.4520,1.3600,1.4100,108400,0
2018-02-15,1.4200,1.4500,1.3800,1.4500,81800,0
2018-02-16,1.4500,1.4500,1.3600,1.4000,85100,0
2018-02-20,1.3900,1.4100,1.3500,1.3600,36500,0
2018-02-21,1.3800,1.3900,1.3600,1.3800,9300,0
2018-02-22,1.3520,1.3800,1.3500,1.3600,39900,0
2018-02-23,1.3600,1.3800,1.3500,1.3570,79700,0
2018-02-26,1.3600,1.3700,1.2300,1.2420,141300,0
2018-02-27,1.2500,1.2600,1.1000,1.1400,245200,0
2018-02-28,1.2300,1.2300,1.1400,1.1760,52700,0
2018-03-01,1.2000,1.2000,1.1310,1.1900,39600,0
2018-03-02,1.1900,1.2800,1.0610,1.2760,310100,0
2018-03-05,1.2900,1.3500,1.2400,1.3200,101400,0
2018-03-06,1.3300,1.3600,1.2800,1.3600,63500,0
2018-03-07,1.3500,1.3600,1.2700,1.3200,34800,0
2018-03-08,1.3500,1.3600,1.2940,1.3000,38500,0
2018-03-09,1.3000,1.6200,1.2910,1.4100,485000,0
2018-03-12,1.4100,1.4220,1.3700,1.3900,104400,0
2018-03-13,1.3900,1.4200,1.3200,1.3470,28500,0
2018-03-14,1.3400,1.3820,1.2800,1.3800,93400,0
2018-03-15,1.3800,1.5400,1.3500,1.3900,229000,0
2018-03-16,1.4000,1.4000,1.3600,1.3700,27400,0
2018-03-19,1.3700,1.3800,1.3000,1.3300,63200,0
2018-03-20,1.3300,1.3500,1.3120,1.3300,34000,0
2018-03-21,1.3300,1.3300,1.2700,1.3200,33900,0
2018-03-22,1.3200,1.3200,1.2040,1.2200,39700,0
2018-03-23,1.2300,1.2300,1.1600,1.1700,79500,0
2018-03-26,1.1800,1.1900,1.1400,1.1400,31800,0
2018-03-27,1.1400,1.1400,1.1100,1.1200,67800,0
2018-03-28,1.1200,1.2250,1.1100,1.1800,85600,0
2018-03-29,1.1800,1.2000,1.1400,1.1800,90300,0
2018-04-02,1.1800,1.1800,1.0600,1.0900,45800,0
2018-04-03,1.0800,1.0900,1.0200,1.0600,48100,0
2018-04-04,1.0500,1.0500,0.9520,0.9900,94500,0
2018-04-05,1.0000,1.0400,0.8340,0.9560,148300,0
2018-04-06,0.9500,0.9900,0.9000,0.9510,53600,0
2018-04-09,0.9600,1.0000,0.9500,0.9591,22205,0