Date,Open,High,Low,Close,Volume,OpenInt
2017-08-28,25.01,25.25,25.01,25.09,307173,0
2017-08-29,25.08,25.1,24.9,25.07,198414,0
2017-08-30,25.06,25.17,25.06,25.09,167903,0
2017-08-31,25.12,25.13,25.06,25.09,278768,0
2017-09-01,25.09,25.13,25.05,25.12,244958,0
2017-09-05,25.19,25.19,25.07,25.07,262948,0
2017-09-06,25.14,25.229,25.08,25.229,187266,0
2017-09-07,25.25,25.34,25.16,25.34,178936,0
2017-09-08,25.25,25.38,25.25,25.3494,101776,0
2017-09-11,25.4,25.4,25.29,25.32,140610,0
2017-09-12,25.34,25.39,25.29,25.37,165995,0
2017-09-13,25.32,25.39,25.24,25.31,205221,0
2017-09-14,25.28,25.45,25.28,25.38,306902,0
2017-09-15,25.39,25.39,25.29,25.33,271210,0
2017-09-18,25.35,25.45,25.29,25.45,400383,0
2017-09-19,25.45,25.45,25.35,25.39,201589,0
2017-09-20,25.43,25.48,25.36,25.4,168868,0
2017-09-21,25.39,25.47,25.35,25.36,385958,0
2017-09-22,25.33,25.42,25.32,25.4,122162,0
2017-09-25,25.42,25.47,25.4,25.4541,110287,0
2017-09-26,25.49,25.53,25.43,25.5,145164,0
2017-09-27,25.47,25.6,25.44,25.51,225332,0
2017-09-28,25.38,25.5,25.3,25.48,205175,0
2017-09-29,25.49,25.94,25.4012,25.75,118421,0
2017-10-02,25.86,25.86,25.64,25.75,92062,0
2017-10-03,25.79,25.79,25.65,25.66,50210,0
2017-10-04,25.65,25.83,25.64,25.68,89473,0
2017-10-05,25.75,25.8,25.7,25.77,134682,0
2017-10-06,25.7001,25.79,25.58,25.75,178430,0
2017-10-09,25.75,25.85,25.7,25.72,211513,0
2017-10-10,25.79,25.8,25.6636,25.73,151771,0
2017-10-11,25.71,25.85,25.71,25.8,155415,0
2017-10-12,25.82,25.94,25.8047,25.91,161914,0
2017-10-13,25.94,26.17,25.91,26.14,130550,0
2017-10-16,26.03,26.45,26.03,26.19,115759,0
2017-10-17,26.2,26.27,26.14,26.2,117516,0
2017-10-18,26.26,26.53,26.2001,26.44,153069,0
2017-10-19,26.4,26.49,26.35,26.46,162550,0
2017-10-20,26.49,26.505,26.27,26.45,1342402,0
2017-10-23,26.43,26.71,26.37,26.54,92182,0
2017-10-24,26.57,26.57,26.2,26.46,79591,0
2017-10-25,26.51,26.67,26.3091,26.46,128318,0
2017-10-26,26.4,26.6105,26.3734,26.59,115357,0
2017-10-27,26.59,26.79,26.5,26.56,81993,0
2017-10-30,26.6,26.65,26.5384,26.55,89795,0
2017-10-31,26.65,26.79,26.6,26.75,46083,0
2017-11-01,26.75,26.75,26.42,26.49,95395,0
2017-11-02,26.6,26.6,26.405,26.48,74323,0
2017-11-03,26.48,26.49,26.41,26.43,39650,0
2017-11-06,26.4,26.42,26.3469,26.35,12364,0
2017-11-07,26.48,26.48,26.248,26.36,30936,0
2017-11-08,26.44,26.44,26.16,26.21,85549,0
2017-11-09,26.2,26.3767,26.06,26.11,59038,0
2017-11-10,26.28,26.3,26.1101,26.3,452741,0
2017-11-15,26.48,26.49,26.21,26.47,133000,0
2017-11-16,26.48,26.48,25.81,25.82,126200,0
2017-11-17,25.80,25.95,25.58,25.80,159900,0
2017-11-20,25.90,26.02,25.85,25.86,58500,0
2017-11-21,25.86,25.99,25.79,25.84,34800,0
2017-11-22,25.90,26.08,25.80,25.98,107400,0
2017-11-24,26.08,26.08,26.01,26.03,5300,0
2017-11-27,26.02,26.05,25.91,26.01,22800,0
2017-11-28,26.03,26.03,25.87,25.99,37100,0
2017-11-29,26.00,26.00,25.78,25.90,101300,0
2017-11-30,25.93,26.09,25.78,25.82,92500,0
2017-12-01,25.78,25.98,25.75,25.89,45400,0
2017-12-04,26.00,26.00,25.89,26.00,9300,0
2017-12-05,26.00,26.09,25.96,26.07,28800,0
2017-12-06,26.03,26.22,25.94,25.94,28900,0
2017-12-07,26.08,26.29,26.05,26.28,72700,0
2017-12-08,26.27,26.31,26.15,26.27,19000,0
2017-12-11,26.30,26.37,26.19,26.25,4600,0
2017-12-12,26.36,26.36,26.19,26.24,8700,0
2017-12-13,26.14,26.34,26.14,26.21,13100,0
2017-12-14,26.44,26.44,26.12,26.31,30400,0
2017-12-15,26.31,26.44,26.18,26.18,26800,0
2017-12-18,26.37,26.39,26.20,26.27,23600,0
2017-12-19,26.20,26.29,26.20,26.25,35600,0
2017-12-20,26.40,26.40,26.12,26.12,30300,0
2017-12-21,26.17,26.33,26.17,26.32,18500,0
2017-12-22,26.45,26.45,26.30,26.41,21800,0
2017-12-26,26.45,26.45,26.31,26.42,9600,0
2017-12-27,26.35,26.45,26.30,26.40,29800,0
2017-12-28,26.25,26.25,25.75,25.78,57500,0
2017-12-29,25.89,25.89,25.72,25.72,19000,0
2018-01-02,25.84,25.88,25.65,25.86,31800,0
2018-01-03,25.90,25.90,25.77,25.87,46400,0
2018-01-04,25.76,25.90,25.76,25.83,27800,0
2018-01-05,25.85,26.08,25.80,25.84,33500,0
2018-01-08,25.89,26.07,25.82,26.03,53900,0
2018-01-09,26.00,26.03,25.85,25.92,103200,0
2018-01-10,25.92,25.92,25.72,25.85,53000,0
2018-01-11,25.95,26.00,25.85,25.95,44500,0
2018-01-12,25.98,26.00,25.80,25.95,32300,0
2018-01-16,25.98,26.00,25.80,25.89,34100,0
2018-01-17,25.85,25.97,25.66,25.87,74000,0
2018-01-18,25.91,25.91,25.63,25.75,52700,0
2018-01-19,25.87,26.13,25.70,26.06,186700,0
2018-01-22,26.15,26.20,25.84,25.91,28900,0
2018-01-23,25.89,26.04,25.79,25.90,25000,0
2018-01-24,25.85,26.00,25.73,25.79,38200,0
2018-01-25,25.90,25.90,25.66,25.66,31500,0
2018-01-26,25.69,25.87,25.47,25.53,89000,0
2018-01-29,25.54,25.63,25.38,25.39,63600,0
2018-01-30,25.39,25.45,25.04,25.26,112600,0
2018-01-31,25.45,25.45,25.15,25.44,74200,0
2018-02-01,25.43,25.52,25.35,25.43,485700,0
2018-02-02,25.38,25.50,25.25,25.43,49500,0
2018-02-05,25.45,25.53,25.30,25.37,113300,0
2018-02-06,25.35,25.45,25.22,25.40,38900,0
2018-02-07,25.42,25.52,25.39,25.45,123800,0
2018-02-08,25.43,25.45,25.39,25.45,42700,0
2018-02-09,25.50,25.50,25.33,25.42,41300,0
2018-02-12,25.49,25.49,25.32,25.47,34700,0
2018-02-13,25.61,25.61,25.26,25.30,52600,0
2018-02-14,25.29,25.44,25.17,25.20,68000,0
2018-02-15,25.42,25.51,25.23,25.51,23300,0
2018-02-16,25.48,25.66,25.45,25.48,189800,0
2018-02-20,25.50,25.80,25.35,25.45,23800,0
2018-02-21,25.58,25.65,25.35,25.40,48000,0
2018-02-22,25.53,25.53,25.11,25.18,502400,0
2018-02-23,25.22,25.32,25.14,25.18,252300,0
2018-02-26,25.18,25.32,25.18,25.18,174400,0
2018-02-27,25.20,25.24,25.10,25.20,142700,0
2018-02-28,25.20,25.31,25.14,25.19,56500,0
2018-03-01,25.25,25.25,25.09,25.15,39600,0
2018-03-02,25.18,25.18,24.95,25.00,129100,0
2018-03-05,25.05,25.31,25.05,25.27,56200,0
2018-03-06,25.29,25.46,25.24,25.46,44400,0
2018-03-07,25.44,25.49,25.41,25.49,20500,0
2018-03-08,25.52,25.58,25.51,25.57,28100,0
2018-03-09,25.60,25.78,25.54,25.65,32400,0
2018-03-12,25.69,25.70,25.60,25.70,31900,0
2018-03-13,25.79,25.79,25.54,25.64,23400,0
2018-03-14,25.60,25.69,25.58,25.67,31900,0
2018-03-15,25.77,25.77,25.54,25.69,10900,0
2018-03-16,25.73,25.80,25.70,25.79,20700,0
2018-03-19,25.87,25.87,25.62,25.71,17300,0
2018-03-20,25.83,25.83,25.37,25.61,63000,0
2018-03-21,25.66,25.67,25.52,25.60,11100,0
2018-03-22,25.50,25.74,25.50,25.74,35600,0
2018-03-23,25.77,25.77,25.58,25.72,40600,0
2018-03-26,25.76,25.82,25.70,25.82,37300,0
2018-03-27,25.86,25.98,25.85,25.94,33100,0
2018-03-28,25.72,25.72,25.40,25.58,20200,0
2018-03-29,25.69,25.69,25.46,25.48,60300,0
2018-04-02,25.56,25.59,25.30,25.34,46500,0
2018-04-03,25.40,25.45,25.32,25.35,22900,0
2018-04-04,25.39,25.45,25.37,25.42,4600,0
2018-04-05,25.45,25.45,25.39,25.45,11000,0
2018-04-06,25.45,25.45,25.38,25.45,26100,0
2018-04-09,25.45,25.67,25.45,25.66,27365,0