Date,Open,High,Low,Close,Volume,OpenInt
2017-10-19,25.5,25.5,25.01,25.285,198382,0
2017-10-20,25.61,25.61,25.35,25.39,589799,0
2017-10-23,25.97,25.99,25.11,25.17,1761476,0
2017-10-24,25.28,25.28,25.181,25.19,546093,0
2017-10-25,25.2,25.24,24.7,24.91,439747,0
2017-10-26,25.04,25.0499,24.91,24.97,428437,0
2017-10-27,25.08,25.08,24.78,25,280538,0
2017-10-30,25.015,25.02,24.7213,24.77,377773,0
2017-10-31,24.83,24.97,24.77,24.91,179655,0
2017-11-01,25.06,25.15,24.75,24.85,269928,0
2017-11-02,24.86,24.86,24.62,24.68,104694,0
2017-11-03,24.72,24.72,24.5,24.6,132984,0
2017-11-06,24.55,24.74,24.55,24.72,198694,0
2017-11-07,24.76,24.76,24.37,24.45,380839,0
2017-11-08,24.39,24.6,24.3201,24.56,150315,0
2017-11-09,24.56,24.56,24.2981,24.52,211326,0
2017-11-10,24.4,24.53,24.4,24.41,53616,0
2017-11-15,24.1200,24.3250,24.0300,24.2800,53200,0
2017-11-16,24.2900,24.5990,24.2900,24.5300,79700,0
2017-11-17,24.5500,24.7500,24.5270,24.7200,46100,0
2017-11-20,24.8100,24.9300,24.7400,24.9000,81700,0
2017-11-21,25.0400,25.1000,25.0000,25.0700,112200,0
2017-11-22,25.1500,25.2000,25.0200,25.0400,78100,0
2017-11-24,25.0700,25.1500,25.0200,25.0900,46800,0
2017-11-27,25.1000,25.1500,25.0000,25.0500,51500,0
2017-11-28,25.0300,25.4080,25.0100,25.4000,93400,0
2017-11-29,25.4700,25.6500,25.4150,25.4700,167100,0
2017-11-30,25.5000,25.7400,25.5000,25.5500,134200,0
2017-12-01,25.6000,25.6040,24.9000,25.5000,214000,0
2017-12-04,25.7600,25.9300,25.5500,25.5600,106500,0
2017-12-05,25.5600,25.5860,25.3200,25.3200,92300,0
2017-12-06,25.3200,25.3650,25.2300,25.2400,93200,0
2017-12-07,25.3200,25.4600,25.2060,25.3900,127200,0
2017-12-08,25.5000,25.5800,25.4400,25.5400,99900,0
2017-12-11,25.6000,25.6590,25.5800,25.6000,126400,0
2017-12-12,25.7000,25.7900,25.6800,25.6900,126700,0
2017-12-13,25.8000,25.8000,25.6100,25.6200,96800,0
2017-12-14,25.6600,25.6790,25.3420,25.3700,135000,0
2017-12-15,25.5500,25.7390,25.4210,25.6900,55500,0
2017-12-18,25.8700,26.0000,25.8200,25.9800,65700,0
2017-12-19,26.0600,26.0900,25.9200,25.9300,93400,0
2017-12-20,26.0000,26.0000,25.8700,25.9300,62700,0
2017-12-21,25.9300,26.2000,25.9300,26.1200,91800,0
2017-12-22,26.2000,26.2000,26.0000,26.1000,60500,0
2017-12-26,26.1200,26.1200,25.9800,26.0100,81500,0
2017-12-27,26.1200,26.1200,26.0000,26.0400,62800,0
2017-12-28,26.0500,26.1100,26.0200,26.0800,60100,0
2017-12-29,26.1700,26.1700,25.8800,25.8900,66700,0
2018-01-02,26.0000,26.1000,25.9000,26.0500,70000,0
2018-01-03,26.1400,26.2500,26.1000,26.2400,99400,0
2018-01-04,26.3900,26.5800,26.3000,26.5300,138500,0
2018-01-05,26.6300,26.7400,26.5570,26.7400,147100,0
2018-01-08,26.8100,26.8800,26.6500,26.7840,156200,0
2018-01-09,26.8400,26.9900,26.8100,26.9100,130100,0
2018-01-10,26.8600,26.9890,26.8000,26.8900,92100,0
2018-01-11,26.9700,27.2700,26.9100,27.2400,177300,0
2018-01-12,27.2600,27.4300,27.2600,27.4100,274600,0
2018-01-16,27.5900,27.6700,27.0510,27.1600,355100,0
2018-01-17,27.3800,27.4230,27.1000,27.3500,154400,0
2018-01-18,27.4000,27.4000,27.2300,27.3000,82600,0
2018-01-19,27.3700,27.5500,27.3100,27.5500,118300,0
2018-01-22,27.5800,27.7200,27.4700,27.7200,185300,0
2018-01-23,27.7700,27.8700,27.6800,27.8300,1143100,0
2018-01-24,27.9300,28.0000,27.6500,27.8000,512200,0
2018-01-25,27.9100,27.9500,27.6000,27.7300,269900,0
2018-01-26,27.8600,27.9400,27.7450,27.9350,151800,0
2018-01-29,27.9500,27.9800,27.8010,27.8400,229300,0
2018-01-30,27.5700,27.6690,27.4600,27.5500,232700,0
2018-01-31,27.7100,27.7600,27.3300,27.4000,171000,0
2018-02-01,27.3100,27.6000,27.3000,27.5100,139900,0
2018-02-02,27.3800,27.4600,26.8800,26.9200,274800,0
2018-02-05,26.7600,26.9700,25.7600,25.8400,481000,0
2018-02-06,25.3000,26.4500,25.1300,26.3700,339900,0
2018-02-07,26.2900,26.6000,26.2160,26.2500,118600,0
2018-02-08,26.2700,26.3440,25.2100,25.2100,215600,0
2018-02-09,25.5300,25.7400,24.8000,25.5600,272100,0
2018-02-12,25.7800,26.0800,25.6000,25.9000,92400,0
2018-02-13,25.8800,26.0400,25.7500,26.0000,48500,0
2018-02-14,25.9000,26.4800,25.8200,26.4800,112700,0
2018-02-15,26.7300,26.7400,26.3590,26.7400,136100,0
2018-02-16,26.7600,26.9500,26.7100,26.7400,96300,0
2018-02-20,26.7100,26.9000,26.6000,26.7100,96100,0
2018-02-21,26.7000,27.0000,26.5610,26.5610,75100,0
2018-02-22,26.5900,26.8000,26.4400,26.4800,69100,0
2018-02-23,26.4700,26.9100,26.4700,26.8500,89400,0
2018-02-26,26.9300,27.1200,26.9090,27.0900,103200,0
2018-02-27,27.1100,27.2490,26.8200,26.8200,59500,0
2018-02-28,27.0000,27.0000,26.5000,26.5000,43800,0
2018-03-01,26.4100,26.6180,26.0800,26.2800,108300,0
2018-03-02,26.1000,26.6000,26.0000,26.5500,64100,0
2018-03-05,26.4000,26.8770,26.3200,26.7900,58700,0
2018-03-06,27.0000,27.0000,26.7000,26.9700,73500,0
2018-03-07,26.8100,27.0800,26.8050,27.0800,47900,0
2018-03-08,27.0800,27.1900,26.9900,27.0800,41100,0
2018-03-09,27.2500,27.5800,27.2490,27.5700,83000,0
2018-03-12,27.7000,27.7390,27.4600,27.5900,89600,0
2018-03-13,27.7200,27.7490,27.3200,27.3700,52500,0
2018-03-14,27.4900,27.5400,27.1700,27.1970,52100,0
2018-03-15,27.2800,27.3000,27.0600,27.1500,33800,0
2018-03-16,27.1500,27.2700,27.0900,27.2100,34500,0
2018-03-19,27.1100,27.1550,26.5650,26.7400,73300,0
2018-03-20,26.8200,26.9400,26.7410,26.8400,30400,0
2018-03-21,26.8700,27.1800,26.8320,26.9400,37100,0
2018-03-22,26.6400,26.8190,26.2700,26.2850,74800,0
2018-03-23,26.2200,26.2510,25.6300,25.6500,115500,0
2018-03-26,26.0000,26.3100,25.7160,26.2600,66000,0
2018-03-27,26.3100,26.4490,25.6810,25.7800,53900,0
2018-03-28,25.7300,25.8600,25.5250,25.6700,46200,0
2018-03-29,25.8300,26.2150,25.7000,26.0600,21600,0
2018-04-02,25.9300,26.0000,25.1900,25.4000,83800,0
2018-04-03,25.6000,25.8200,25.4300,25.7500,42600,0
2018-04-04,25.3100,26.0000,25.2700,25.9500,29800,0
2018-04-05,26.0600,26.2790,26.0500,26.2300,44100,0
2018-04-06,25.9100,26.1490,25.5000,25.7000,35700,0
2018-04-09,25.7600,25.9370,25.6600,25.8860,58522,0