Date,Open,High,Low,Close,Volume,OpenInt
2017-11-03,9.31,10.41,9.01,9.51,4969952,0
2017-11-06,9.81,10.7098,9.6,10.43,830753,0
2017-11-07,10.75,12.05,10.75,11.95,902374,0
2017-11-08,12.46,12.75,11.08,11.43,1324881,0
2017-11-09,11.32,11.37,10.7508,11.04,244432,0
2017-11-10,11.15,11.2478,10.9197,11.02,145100,0
2017-11-13,11.00,11.43,10.50,10.96,388500,0
2017-11-14,10.90,11.99,10.85,11.66,352900,0
2017-11-15,11.62,11.70,11.25,11.47,149600,0
2017-11-16,11.33,11.79,11.33,11.73,116100,0
2017-11-17,11.79,12.00,11.50,11.73,99000,0
2017-11-20,11.69,11.98,11.67,11.76,132500,0
2017-11-21,11.76,11.96,11.58,11.81,214600,0
2017-11-22,11.86,11.98,11.51,11.73,157100,0
2017-11-24,11.74,11.85,11.51,11.72,37100,0
2017-11-27,11.80,11.95,11.61,11.80,103200,0
2017-11-28,12.00,13.52,11.98,13.46,980800,0
2017-11-29,13.50,13.80,12.25,12.57,747300,0
2017-11-30,12.59,13.00,11.73,11.95,342900,0
2017-12-01,11.75,12.27,11.27,11.62,313700,0
2017-12-04,11.68,12.19,11.00,11.29,364300,0
2017-12-05,11.25,11.47,10.72,10.89,447100,0
2017-12-06,10.78,11.60,10.73,10.98,190000,0
2017-12-07,10.95,11.48,10.83,11.22,268100,0
2017-12-08,11.16,11.35,11.00,11.00,123800,0
2017-12-11,11.00,11.32,10.94,11.00,138200,0
2017-12-12,11.12,11.12,10.69,10.86,199500,0
2017-12-13,10.93,11.28,10.76,11.17,197300,0
2017-12-14,11.20,11.39,10.63,10.80,324600,0
2017-12-15,10.80,11.03,10.61,10.65,836300,0
2017-12-18,10.89,10.92,10.75,10.91,140100,0
2017-12-19,10.93,10.98,10.76,10.86,90900,0
2017-12-20,10.90,11.61,10.90,11.42,132000,0
2017-12-21,11.50,11.75,11.45,11.55,68800,0
2017-12-22,11.51,11.51,11.14,11.19,41100,0
2017-12-26,11.26,11.37,11.23,11.31,32800,0
2017-12-27,11.32,11.32,11.01,11.28,130800,0
2017-12-28,11.33,11.33,11.14,11.31,119600,0
2017-12-29,11.31,11.39,10.92,11.33,146500,0
2018-01-02,11.29,11.57,10.91,11.35,187600,0
2018-01-03,11.33,11.50,10.92,11.25,191000,0
2018-01-04,11.26,11.41,10.92,10.97,141800,0
2018-01-05,10.99,11.05,10.88,10.97,108800,0
2018-01-08,11.01,11.01,10.50,10.64,127300,0
2018-01-09,10.63,10.66,9.83,10.11,399700,0
2018-01-10,10.13,10.23,9.85,9.90,136800,0
2018-01-11,9.90,10.39,9.90,10.36,117000,0
2018-01-12,10.41,11.10,10.26,10.94,153800,0
2018-01-16,11.00,11.00,10.62,10.67,132100,0
2018-01-17,10.74,11.24,10.56,11.22,143200,0
2018-01-18,11.20,11.33,11.01,11.06,77600,0
2018-01-19,11.00,11.09,10.77,11.08,215500,0
2018-01-22,11.07,11.07,10.83,10.96,42400,0
2018-01-23,10.93,11.38,10.93,11.25,69800,0
2018-01-24,11.27,11.27,10.80,11.21,72100,0
2018-01-25,11.25,11.25,10.86,10.90,44900,0
2018-01-26,11.00,11.08,10.72,10.99,44900,0
2018-01-29,10.88,11.75,10.80,11.59,198700,0
2018-01-30,12.91,13.75,11.82,13.00,1397000,0
2018-01-31,13.20,13.90,12.66,13.08,831900,0
2018-02-01,12.76,14.40,12.76,14.26,827800,0
2018-02-02,14.41,14.43,13.00,13.79,563300,0
2018-02-05,13.66,14.17,13.23,13.36,499500,0
2018-02-06,13.00,15.75,12.92,15.11,1306100,0
2018-02-07,15.27,17.04,15.27,16.00,1616900,0
2018-02-08,16.05,16.47,14.01,14.17,1093200,0
2018-02-09,14.21,15.00,13.00,13.67,1016400,0
2018-02-12,13.79,14.61,13.79,13.98,573200,0
2018-02-13,14.00,14.98,13.82,14.97,462200,0
2018-02-14,14.80,15.55,14.47,14.64,459600,0
2018-02-15,14.95,15.00,14.00,14.12,417800,0
2018-02-16,14.06,14.75,14.06,14.67,213200,0
2018-02-20,14.60,14.91,13.73,13.83,423300,0
2018-02-21,13.89,14.61,13.89,14.38,300500,0
2018-02-22,14.48,14.64,14.15,14.28,171400,0
2018-02-23,14.35,15.15,14.20,14.71,417200,0
2018-02-26,14.92,15.41,14.72,14.79,443500,0
2018-02-27,14.88,15.08,14.27,14.34,269600,0
2018-02-28,14.36,14.58,13.75,13.80,347600,0
2018-03-01,13.80,14.29,13.44,14.27,378600,0
2018-03-02,14.13,15.08,14.00,15.07,424200,0
2018-03-05,15.04,15.85,15.00,15.39,465800,0
2018-03-06,15.48,15.87,15.04,15.71,300100,0
2018-03-07,15.48,15.60,14.88,15.04,300700,0
2018-03-08,15.07,17.32,15.07,16.55,1396600,0
2018-03-09,16.69,17.90,16.16,17.33,830900,0
2018-03-12,17.53,18.01,16.52,16.57,624100,0
2018-03-13,16.87,17.25,16.10,16.65,449500,0
2018-03-14,16.75,17.40,16.50,17.22,367400,0
2018-03-15,17.25,18.49,17.10,17.83,833300,0
2018-03-16,17.95,17.97,17.04,17.33,434400,0
2018-03-19,17.35,17.45,16.51,16.80,439700,0
2018-03-20,16.77,16.97,16.44,16.66,345700,0
2018-03-21,16.73,17.48,16.66,17.37,346100,0
2018-03-22,17.14,17.30,16.60,16.61,459000,0
2018-03-23,16.68,16.84,16.16,16.32,407900,0
2018-03-26,16.55,16.97,16.32,16.91,317100,0
2018-03-27,17.10,17.25,15.34,15.81,654400,0
2018-03-28,15.68,16.17,14.68,15.19,601700,0
2018-03-29,15.22,15.94,15.10,15.70,190800,0
2018-04-02,15.70,16.08,15.21,15.81,340900,0
2018-04-03,15.85,16.45,15.52,16.27,279500,0
2018-04-04,15.80,16.20,15.21,16.12,358300,0
2018-04-05,16.39,16.63,15.78,16.04,286700,0
2018-04-06,15.91,16.28,15.86,15.92,197400,0
2018-04-09,15.92,15.97,14.87,15.01,269676,0