Date,Open,High,Low,Close,Volume,OpenInt
2017-04-13,99.72,99.72,99.72,99.72,80,0
2017-04-17,99.53,99.53,99.53,99.53,3014,0
2017-04-18,99.53,99.53,99.53,99.53,4019,0
2017-04-19,99.53,99.53,99.53,99.53,4019,0
2017-04-20,99.53,99.53,99.53,99.53,200942,0
2017-04-21,99.82,99.82,99.82,99.82,4059,0
2017-04-24,99.53,99.53,99.53,99.53,3456,0
2017-04-25,99.53,99.53,99.53,99.53,3516,0
2017-04-26,99.53,99.53,99.53,99.53,3516,0
2017-04-27,99.53,99.53,99.53,99.53,251,0
2017-04-28,99.53,99.53,99.53,99.53,201,0
2017-05-01,99.53,99.53,99.53,99.53,4019,0
2017-05-02,99.58,99.58,99.58,99.58,4019,0
2017-05-03,99.53,99.53,99.53,99.53,4019,0
2017-05-04,99.53,99.53,99.53,99.53,3014,0
2017-05-05,99.53,99.53,99.53,99.53,2010,0
2017-05-08,99.53,99.53,99.53,99.53,4019,0
2017-05-09,99.58,99.58,99.58,99.58,2010,0
2017-05-10,99.58,99.58,99.58,99.58,0,0
2017-05-11,99.53,99.53,99.53,99.53,2010,0
2017-05-12,99.6,99.6,99.6,99.6,170799,0
2017-05-15,99.58,99.58,99.58,99.58,2010,0
2017-05-16,99.58,99.58,99.58,99.58,2010,0
2017-05-17,99.58,99.58,99.58,99.58,201,0
2017-05-18,99.58,99.58,99.58,99.58,201,0
2017-05-19,99.58,99.58,99.58,99.58,201,0
2017-05-22,99.58,99.58,99.58,99.58,201,0
2017-05-23,99.58,99.58,99.58,99.58,201,0
2017-05-24,99.58,99.58,99.58,99.58,0,0
2017-05-25,99.62,99.62,99.62,99.62,201,0
2017-05-26,99.62,99.62,99.62,99.62,201,0
2017-05-30,99.62,99.62,99.62,99.62,0,0
2017-05-31,99.58,99.58,99.58,99.58,2010,0
2017-06-01,99.58,99.58,99.58,99.58,2008,0
2017-06-02,99.63,99.63,99.63,99.63,5021,0
2017-06-05,99.63,99.63,99.63,99.63,0,0
2017-06-06,99.76,99.76,99.76,99.76,40,0
2017-06-07,99.63,99.63,99.63,99.63,2008,0
2017-06-08,99.76,99.76,99.63,99.63,2049,0
2017-06-09,99.63,99.63,99.63,99.63,0,0
2017-06-12,99.63,99.63,99.63,99.63,0,0
2017-06-13,99.83,99.83,99.83,99.83,40,0
2017-06-14,100.63,100.63,100.63,100.63,50,0
2017-06-15,99.83,99.83,99.83,99.83,40,0
2017-06-16,99.83,99.83,99.83,99.83,0,0
2017-06-19,99.83,99.83,99.83,99.83,0,0
2017-06-20,99.88,99.94,99.88,99.94,65,0
2017-06-21,99.98,99.98,99.98,99.98,25,0
2017-06-22,99.98,99.98,99.98,99.98,20,0
2017-06-23,99.58,99.74,99.58,99.74,80,0
2017-06-26,99.74,99.74,99.74,99.74,0,0
2017-06-27,99.74,99.74,99.74,99.74,0,0
2017-06-28,99.74,99.74,99.74,99.74,0,0
2017-06-29,99.74,99.74,99.74,99.74,0,0
2017-06-30,99.74,99.74,99.74,99.74,0,0
2017-07-03,99.68,99.68,99.68,99.68,0,0
2017-07-05,99.68,99.68,99.68,99.68,0,0
2017-07-06,99.68,99.68,99.68,99.68,0,0
2017-07-07,99.68,99.68,99.68,99.68,0,0
2017-07-10,99.68,99.68,99.68,99.68,0,0
2017-07-11,99.68,99.68,99.68,99.68,0,0
2017-07-12,99.68,99.68,99.68,99.68,0,0
2017-07-13,99.68,99.68,99.68,99.68,0,0
2017-07-14,99.68,99.68,99.68,99.68,0,0
2017-07-17,99.68,99.68,99.68,99.68,0,0
2017-07-18,99.68,99.68,99.68,99.68,0,0
2017-07-19,99.68,99.68,99.68,99.68,0,0
2017-07-20,99.68,99.68,99.68,99.68,0,0
2017-07-21,99.68,99.68,99.68,99.68,0,0
2017-07-24,99.63,99.63,99.63,99.63,4017,0
2017-07-25,99.63,99.63,99.63,99.63,0,0
2017-07-26,99.63,99.63,99.63,99.63,0,0
2017-07-27,99.63,99.63,99.63,99.63,0,0
2017-07-28,99.63,99.63,99.63,99.63,0,0
2017-07-31,99.63,99.63,99.63,99.63,0,0
2017-08-01,99.63,99.63,99.63,99.63,0,0
2017-08-02,99.63,99.63,99.63,99.63,0,0
2017-08-03,99.63,99.63,99.63,99.63,0,0
2017-08-04,99.66,99.66,99.66,99.66,18365,0
2017-08-07,99.66,99.66,99.66,99.66,12041,0
2017-08-08,99.66,99.66,99.66,99.66,22074,0
2017-08-09,99.66,99.66,99.66,99.66,0,0
2017-08-10,99.66,99.66,99.66,99.66,0,0
2017-08-11,99.71,99.71,99.71,99.71,2508,0
2017-08-14,99.71,99.71,99.71,99.71,2508,0
2017-08-15,99.71,99.71,99.71,99.71,0,0
2017-08-16,99.71,99.71,99.71,99.71,0,0
2017-08-17,99.66,99.66,99.66,99.66,1404,0
2017-08-18,99.66,99.66,99.66,99.66,0,0
2017-08-21,99.66,99.66,99.66,99.66,0,0
2017-08-22,99.66,99.66,99.66,99.66,0,0
2017-08-23,99.66,99.66,99.66,99.66,0,0
2017-08-24,100.03,100.03,99.79,99.98,80572,0
2017-08-25,99.98,99.98,99.98,99.98,0,0
2017-08-28,100.06,100.11,99.98,100,613,0
2017-08-29,100,100,100,100,20067,0
2017-08-30,99.71,99.86,99.71,99.86,78866,0
2017-08-31,99.86,99.86,99.86,99.86,0,0
2017-09-01,100.1,100.1,100.04,100.1,80,0
2017-09-05,100.3,100.3,100.3,100.3,346,0
2017-09-06,100.3,100.3,100.3,100.3,0,0
2017-09-07,99.8,99.8,99.8,99.8,0,0
2017-09-08,99.8,99.8,99.8,99.8,0,0
2017-09-11,99.8,99.8,99.8,99.8,0,0
2017-09-12,99.8,99.8,99.8,99.8,0,0
2017-09-13,99.87,99.87,99.74,99.74,80,0
2017-09-14,99.74,99.74,99.74,99.74,0,0
2017-09-15,99.74,99.74,99.74,99.74,0,0
2017-09-18,99.8,99.8,99.8,99.8,8016,0
2017-09-19,99.8,99.8,99.8,99.8,120242,0
2017-09-20,99.8,99.8,99.8,99.8,0,0
2017-09-21,99.8,99.8,99.8,99.8,0,0
2017-09-22,99.8,99.8,99.8,99.8,0,0
2017-09-25,99.8,99.8,99.8,99.8,0,0
2017-09-26,99.8,99.8,99.8,99.8,0,0
2017-09-27,100.6,100.6,100.6,100.6,0,0
2017-09-28,100.6,100.6,100.6,100.6,0,0
2017-09-29,100.6,100.6,100.6,100.6,0,0
2017-10-02,100.59,100.59,100.59,100.59,0,0
2017-10-03,99.8,99.8,99.8,99.8,0,0
2017-10-04,99.204,99.204,99.204,99.204,80,0
2017-10-05,99.204,99.204,99.204,99.204,0,0
2017-10-06,99.204,99.204,99.204,99.204,0,0
2017-10-09,100.6,100.6,100.6,100.6,0,0
2017-10-10,100.6,100.6,100.6,100.6,0,0
2017-10-11,100.6,100.6,100.6,100.6,0,0
2017-10-12,100.6,100.6,100.6,100.6,1,0
2017-10-13,99.85,99.85,99.85,99.85,0,0
2017-10-16,100.05,100.05,99.95,99.95,360,0
2017-10-17,100.04,100.05,100.03,100.03,200,0
2017-10-18,100.03,100.03,100.03,100.03,0,0
2017-10-19,100.03,100.03,100.03,100.03,0,0
2017-10-20,100.1,100.1,100.1,100.1,203,0
2017-10-23,100.1,100.1,100.1,100.1,160,0
2017-10-24,100.1,100.1,100.1,100.1,0,0
2017-10-25,100.1,100.1,100.1,100.1,0,0
2017-10-26,100.1,100.1,100.1,100.1,0,0
2017-10-27,100.1,100.1,100.1,100.1,0,0
2017-10-30,100.1,100.1,100.1,100.1,0,0
2017-10-31,100.1,100.1,100.1,100.1,0,0
2017-11-01,100.104,100.104,100.104,100.104,0,0
2017-11-02,104.25,104.25,104.2,104.2,1801,0
2017-11-03,104.2,104.2,104.2,104.2,21,0
2017-11-06,104.2,104.2,104.2,104.2,0,0
2017-11-07,104.2,104.2,100.104,100.104,0,0
2017-11-08,100.08,100.08,100.08,100.08,40000,0
2017-11-09,100.08,100.08,100.08,100.08,0,0
2017-11-10,100.08,100.08,100.08,100.08,301,0
2017-11-16,100.08,100.08,100.08,100.08,-,0
2017-11-17,100.08,100.08,100.08,100.08,-,0
2017-11-20,100.08,100.08,100.08,100.08,-,0
2017-11-21,100.08,100.08,100.08,100.08,-,0
2017-11-22,100.08,100.08,100.08,100.08,-,0
2017-11-24,100.20,100.20,100.20,100.20,600,0
2017-11-27,100.21,100.21,100.21,100.21,600,0
2017-11-28,100.23,100.23,100.23,100.23,600,0
2017-11-29,100.23,100.23,100.23,100.23,600,0
2017-11-30,100.24,100.24,100.24,100.24,600,0
2017-12-01,100.24,100.24,100.24,100.24,600,0
2017-12-04,100.24,100.24,100.24,100.24,-,0
2017-12-05,100.20,100.20,100.20,100.20,50000,0
2017-12-06,100.20,100.20,100.20,100.20,-,0
2017-12-07,100.20,100.20,100.20,100.20,-,0
2017-12-08,100.20,100.20,100.20,100.20,-,0
2017-12-11,100.20,100.20,100.20,100.20,-,0
2017-12-12,100.20,100.20,100.20,100.20,50000,0
2017-12-13,100.20,100.20,100.20,100.20,-,0
2017-12-14,100.20,100.20,100.20,100.20,-,0
2017-12-15,100.21,100.21,100.21,100.21,160000,0
2017-12-18,100.21,100.21,100.21,100.21,-,0
2017-12-19,100.21,100.21,100.21,100.21,-,0
2017-12-20,100.36,100.36,100.36,100.36,-,0
2017-12-21,100.36,100.36,100.36,100.36,100,0
2017-12-22,100.36,100.36,100.36,100.36,-,0
2017-12-26,100.36,100.36,100.36,100.36,-,0
2017-12-27,100.36,100.36,100.36,100.36,-,0
2017-12-28,100.10,100.10,100.10,100.10,100000,0
2017-12-29,100.10,100.10,100.10,100.10,-,0
2018-01-02,100.10,100.10,100.10,100.10,-,0
2018-01-03,100.10,100.10,100.10,100.10,-,0
2018-01-04,100.10,100.10,100.10,100.10,-,0
2018-01-05,100.10,100.10,100.10,100.10,-,0
2018-01-08,100.24,100.24,100.08,100.08,1400,0
2018-01-09,100.15,100.15,100.15,100.15,22000,0
2018-01-10,100.15,100.15,100.15,100.15,-,0
2018-01-11,102.22,102.22,100.19,100.19,2300,0
2018-01-12,100.19,100.19,100.19,100.19,3000,0
2018-01-16,100.20,100.20,100.15,100.15,200,0
2018-01-17,100.20,100.20,100.20,100.20,50000,0
2018-01-18,100.20,100.20,100.20,100.20,100,0
2018-01-19,100.20,100.20,100.20,100.20,-,0
2018-01-22,100.20,100.20,100.20,100.20,7500,0
2018-01-23,100.20,100.20,100.20,100.20,50000,0
2018-01-24,100.23,100.23,100.23,100.23,20000,0
2018-01-25,100.23,100.23,100.23,100.23,-,0
2018-01-26,100.23,100.23,100.23,100.23,-,0
2018-01-29,100.23,100.23,100.23,100.23,-,0
2018-01-30,100.23,100.23,100.23,100.23,-,0
2018-01-31,100.23,100.23,100.23,100.23,-,0
2018-02-01,100.13,100.13,100.13,100.13,200,0
2018-02-02,100.14,100.15,99.93,99.93,2700,0
2018-02-05,100.20,100.20,100.20,100.20,500,0
2018-02-06,100.09,100.09,100.00,100.00,1000,0
2018-02-07,100.30,100.31,100.30,100.31,2600,0
2018-02-08,100.05,100.32,99.94,100.32,1400,0
2018-02-09,100.33,100.33,100.33,100.33,400,0
2018-02-12,100.33,100.33,100.33,100.33,-,0
2018-02-13,100.32,100.33,100.32,100.33,1100,0
2018-02-14,100.33,100.33,100.13,100.13,300,0
2018-02-15,100.13,100.13,100.13,100.13,-,0
2018-02-16,100.13,100.13,100.13,100.13,-,0
2018-02-20,100.13,100.13,100.13,100.13,-,0
2018-02-21,100.13,100.13,100.13,100.13,-,0
2018-02-22,100.13,100.13,100.13,100.13,-,0
2018-02-23,100.13,100.13,100.13,100.13,-,0
2018-02-26,100.13,100.13,100.13,100.13,-,0
2018-02-27,100.13,100.13,100.13,100.13,-,0
2018-02-28,100.13,100.13,100.13,100.13,-,0
2018-03-01,100.13,100.13,100.13,100.13,-,0
2018-03-02,100.13,100.13,100.13,100.13,-,0
2018-03-05,100.13,100.13,100.13,100.13,-,0
2018-03-06,100.13,100.13,100.13,100.13,-,0
2018-03-07,100.13,100.13,100.13,100.13,-,0
2018-03-08,100.17,100.17,100.17,100.17,200,0
2018-03-09,100.17,100.17,100.17,100.17,-,0
2018-03-12,100.17,100.17,100.17,100.17,-,0
2018-03-13,100.17,100.17,100.17,100.17,-,0
2018-03-14,100.17,100.17,100.17,100.17,-,0
2018-03-15,100.17,100.17,100.17,100.17,-,0
2018-03-16,100.17,100.17,100.17,100.17,-,0
2018-03-19,100.17,100.17,100.17,100.17,-,0
2018-03-20,100.17,100.17,100.17,100.17,-,0
2018-03-21,100.17,100.17,100.17,100.17,-,0
2018-03-22,100.17,100.17,100.17,100.17,900,0
2018-03-23,100.18,100.18,100.18,100.18,4900,0
2018-03-26,100.18,100.18,100.18,100.18,-,0
2018-03-27,100.18,100.18,100.18,100.18,-,0
2018-03-28,100.18,100.18,100.18,100.18,-,0
2018-03-29,100.18,100.18,100.18,100.18,-,0
2018-04-02,100.06,100.06,100.06,100.06,-,0
2018-04-03,100.15,100.15,100.15,100.15,600,0
2018-04-04,100.15,100.15,100.15,100.15,-,0
2018-04-05,100.15,100.15,100.15,100.15,-,0
2018-04-06,100.15,100.15,100.15,100.15,-,0