
2017-11-13,35.83,36.10,33.50,35.54,53800,0
2017-11-14,35.36,35.85,34.13,35.50,67400,0
2017-11-15,35.21,35.59,33.94,35.03,66000,0
2017-11-16,35.29,37.49,35.29,36.75,131400,0
2017-11-17,35.02,37.30,35.02,36.94,366400,0
2017-11-20,36.67,36.98,34.53,36.13,157100,0
2017-11-21,36.45,36.94,35.83,36.49,62500,0
2017-11-22,36.57,38.40,36.10,37.11,301300,0
2017-11-24,36.60,37.40,36.03,36.81,39600,0
2017-11-27,36.90,38.49,35.68,36.15,248600,0
2017-11-28,36.38,37.13,35.31,36.47,80100,0
2017-11-29,36.50,36.95,35.54,35.91,501000,0
2017-11-30,35.92,37.26,35.43,37.10,74000,0
2017-12-01,36.99,37.60,35.41,36.91,76300,0
2017-12-04,37.02,37.74,36.55,36.61,101300,0
2017-12-05,36.52,37.40,36.52,37.13,125400,0
2017-12-06,37.08,37.35,36.39,36.47,48900,0
2017-12-07,36.30,37.74,36.30,37.11,76500,0
2017-12-08,37.45,37.99,37.10,37.51,76900,0
2017-12-11,37.84,38.16,37.20,37.54,187200,0
2017-12-12,37.40,38.50,36.07,37.18,112900,0
2017-12-13,36.99,37.66,36.82,37.39,98400,0
2017-12-14,37.42,37.92,36.70,37.36,92500,0
2017-12-15,37.36,37.43,36.38,36.83,698800,0
2017-12-18,36.72,37.30,36.56,36.97,79000,0
2017-12-19,36.92,38.36,36.70,38.05,226200,0
2017-12-20,38.11,40.48,38.00,39.12,401400,0
2017-12-21,39.13,39.70,38.15,39.28,48100,0
2017-12-22,39.06,39.64,38.65,39.47,25400,0
2017-12-26,39.39,40.64,39.39,40.10,31400,0
2017-12-27,40.12,40.35,39.86,40.09,33300,0
2017-12-28,40.06,40.92,39.76,40.38,39500,0
2017-12-29,40.43,41.14,40.04,40.06,62900,0
2018-01-02,40.20,41.06,39.73,39.80,75600,0
2018-01-03,40.09,41.12,39.77,39.87,168800,0
2018-01-04,40.14,40.85,38.28,38.98,155000,0
2018-01-05,39.02,40.05,38.31,39.92,134200,0
2018-01-08,40.11,41.20,39.23,40.54,197800,0
2018-01-09,40.83,47.71,40.83,46.00,245900,0
2018-01-10,46.00,47.00,44.95,45.99,152200,0
2018-01-11,45.78,46.60,44.88,45.63,100200,0
2018-01-12,45.50,46.89,45.17,46.58,65800,0
2018-01-16,47.00,48.92,46.25,47.60,276200,0
2018-01-17,48.07,50.36,47.80,49.91,275700,0
2018-01-18,50.10,50.56,49.75,50.24,127700,0
2018-01-19,50.24,51.58,50.24,51.53,170700,0
2018-01-22,51.75,54.00,51.75,53.69,149900,0
2018-01-23,53.81,54.38,53.65,54.13,178000,0
2018-01-24,54.08,54.95,53.58,54.17,462200,0
2018-01-25,54.99,55.00,50.87,51.48,210000,0
2018-01-26,51.88,54.99,51.84,53.64,207600,0
2018-01-29,53.16,54.90,53.02,53.67,99700,0
2018-01-30,53.25,54.68,51.48,51.50,220300,0
2018-01-31,51.55,52.37,50.80,50.97,194700,0
2018-02-01,50.48,50.69,49.58,50.28,131900,0
2018-02-02,50.25,50.97,49.08,49.79,81500,0
2018-02-05,49.30,50.96,48.01,48.73,86500,0
2018-02-06,48.00,50.24,48.00,48.60,204600,0
2018-02-07,48.76,51.75,48.76,51.32,69400,0
2018-02-08,50.99,52.24,49.88,51.04,97800,0
2018-02-09,51.10,51.35,48.72,50.10,334300,0
2018-02-12,50.80,52.22,49.49,51.52,59100,0
2018-02-13,51.30,53.38,50.58,51.37,41200,0
2018-02-14,51.64,56.99,51.22,56.00,358600,0
2018-02-15,56.74,56.98,55.44,55.79,341200,0
2018-02-16,56.33,56.36,55.05,55.81,75000,0
2018-02-20,56.26,59.11,52.02,59.00,102000,0
2018-02-21,56.34,58.38,54.16,58.00,322500,0
2018-02-22,60.99,63.00,58.40,59.43,1757200,0
2018-02-23,59.55,61.49,59.14,61.37,215000,0
2018-02-26,61.37,63.69,60.36,62.86,187700,0
2018-02-27,63.12,63.12,60.98,62.35,206800,0
2018-02-28,62.90,62.90,58.63,62.19,111800,0
2018-03-01,62.17,64.76,59.02,63.65,123200,0
2018-03-02,63.74,66.51,62.96,65.99,438000,0
2018-03-05,66.10,69.00,66.10,67.85,527600,0
2018-03-06,67.90,68.34,65.35,65.95,403800,0
2018-03-07,66.05,67.90,65.42,67.23,210000,0
2018-03-08,67.55,67.98,63.18,67.93,60200,0
2018-03-09,68.28,69.00,66.57,67.84,121200,0
2018-03-12,68.16,68.48,66.81,68.04,66700,0
2018-03-13,68.00,68.00,66.71,66.96,66600,0
2018-03-14,67.09,67.66,65.17,66.62,83700,0
2018-03-15,67.26,67.38,63.27,66.95,61800,0
2018-03-16,67.02,67.02,63.49,63.80,149100,0
2018-03-19,63.17,67.72,62.71,63.00,170600,0
2018-03-20,63.22,65.79,62.54,64.10,240000,0
2018-03-21,64.86,66.70,64.74,66.04,205800,0
2018-03-22,64.96,66.39,63.51,64.54,139400,0
2018-03-23,64.70,65.96,63.09,64.32,78200,0
2018-03-26,65.09,65.09,61.53,64.31,114200,0
2018-03-27,64.14,64.80,59.18,63.16,103800,0
2018-03-28,60.25,63.74,59.76,63.42,430300,0
2018-03-29,63.67,67.08,63.67,65.40,161500,0
2018-04-02,65.72,65.77,59.92,60.06,203500,0
2018-04-03,60.30,60.30,58.16,59.26,73700,0
2018-04-04,58.25,60.74,57.80,60.49,75300,0
2018-04-05,60.51,61.65,58.02,60.71,110900,0
2018-04-06,60.03,60.50,58.00,58.55,104400,0
2018-04-09,58.60,61.30,58.31,60.16,35903,0