Date,Open,High,Low,Close,Volume,OpenInt
2017-06-22,31.6,32.74,31.52,32.71,31456654,0
2017-06-23,32.68,35.29,32.6,34.3,5374730,0
2017-06-26,35.08,35.19,33.53,33.9,1792781,0
2017-06-27,33.89,34.055,32.66,32.86,2619488,0
2017-06-28,32.97,33.19,32.63,32.91,4455129,0
2017-06-29,32.83,32.86,32.4101,32.68,2115511,0
2017-06-30,32.62,32.79,32.01,32.3,2491148,0
2017-07-03,32.34,32.44,31.9,31.9,917007,0
2017-07-05,31.79,32.08,31.11,31.2,1762885,0
2017-07-06,31.12,32.51,30.66,31.88,1430730,0
2017-07-07,31.96,32.69,31.58,32.45,1409377,0
2017-07-10,32.48,32.73,31.51,32.27,972874,0
2017-07-11,32.24,32.24,31.275,31.75,709384,0
2017-07-12,32.22,32.37,31.48,31.9,747556,0
2017-07-13,31.92,32.06,31.5,31.55,916058,0
2017-07-14,31.4,32,31.4,31.79,193149,0
2017-07-17,31.53,32.215,31.53,31.91,1521137,0
2017-07-18,32.15,32.19,31.67,32.01,1033878,0
2017-07-19,32.01,32.1,31.33,31.64,677595,0
2017-07-20,31.59,31.737,30.78,31.44,660577,0
2017-07-21,31.31,31.44,31.03,31.1,583011,0
2017-07-24,31.15,31.3,30.88,30.96,503926,0
2017-07-25,30.87,31.2,30.73,31.08,397160,0
2017-07-26,31,31.9,30.97,31.6,408045,0
2017-07-27,31.75,34.06,31.684,33.88,1943934,0
2017-07-28,33.76,33.94,32.17,32.57,780391,0
2017-07-31,32.82,34.86,32.82,33.44,1888011,0
2017-08-01,33.29,34.4,32.85,33.81,1030601,0
2017-08-02,33.46,34,32.48,32.62,2013425,0
2017-08-03,32.5,32.78,32.07,32.35,310719,0
2017-08-04,32.15,32.93,32.15,32.48,165768,0
2017-08-07,32.75,32.75,31,31.08,613167,0
2017-08-08,30.91,31.47,30.9,31.05,522098,0
2017-08-09,31,32,30.3001,31.09,2489569,0
2017-08-10,30.91,32,30.75,31.04,704607,0
2017-08-11,31.09,31.55,30.88,31.49,371784,0
2017-08-14,31.7,31.9,31.15,31.34,574488,0
2017-08-15,31.67,31.755,30.94,31.02,411205,0
2017-08-16,31.06,31.16,30.47,30.55,2357685,0
2017-08-17,30.5,30.66,29.99,30.34,1434157,0
2017-08-18,30.46,30.6,30.08,30.41,230419,0
2017-08-21,30.42,30.75,30.32,30.72,754281,0
2017-08-22,30.73,30.87,30.601,30.86,580258,0
2017-08-23,30.75,31.12,30.75,30.89,636587,0
2017-08-24,30.81,31.14,30.68,30.69,269784,0
2017-08-25,30.72,31.08,30.5,30.68,393003,0
2017-08-28,30.73,31.17,30.73,31.05,385630,0
2017-08-29,31.02,31.14,30.79,30.85,360840,0
2017-08-30,30.73,31.14,30.73,31,379734,0
2017-08-31,30.95,31.31,30.42,30.51,525389,0
2017-09-01,30.52,30.89,30.495,30.5,366373,0
2017-09-05,30.6,30.96,29.83,30.01,1369494,0
2017-09-06,30.07,30.68,29.82,30.29,2503790,0
2017-09-07,30.38,30.78,27.82,29.25,6253839,0
2017-09-08,29.35,29.39,27.61,28.19,1992697,0
2017-09-11,28.45,29.15,28.235,28.66,1002877,0
2017-09-12,29.73,30.06,29.25,29.5,1770687,0
2017-09-13,29.47,29.83,29.21,29.69,2170330,0
2017-09-14,29.63,29.845,29.12,29.48,1433049,0
2017-09-15,29.25,29.27,27.27,27.3,5102323,0
2017-09-18,27.24,27.73,26.49,26.72,2573156,0
2017-09-19,26.75,27.3,26.11,26.99,1874331,0
2017-09-20,26.9,27.81,26.9,27.35,817529,0
2017-09-21,27.3,27.62,26.92,26.94,837591,0
2017-09-22,26.89,27.36,26.872,27.3,430138,0
2017-09-25,27.32,28.38,27.32,27.67,1182690,0
2017-09-26,27.8,28.14,27.64,27.69,1117219,0
2017-09-27,27.84,28.23,27.64,27.85,727231,0
2017-09-28,27.82,27.95,26.7,27,1282193,0
2017-09-29,26.78,27.55,26.72,27.31,1734573,0
2017-10-02,27.61,28.07,27.31,27.53,902061,0
2017-10-03,27.59,27.66,27.2,27.25,1117782,0
2017-10-04,27.34,27.6,26.88,27.02,663315,0
2017-10-05,26.99,28.45,26.82,28.24,1239186,0
2017-10-06,28.2,28.41,27.59,27.93,614275,0
2017-10-09,27.96,28.08,27.15,27.22,566739,0
2017-10-10,27.09,27.175,26.36,26.75,1398047,0
2017-10-11,26.73,26.73,25.695,25.86,1098921,0
2017-10-12,25.63,25.88,24.56,25.15,1768995,0
2017-10-13,25.1,25.12,24.43,24.58,1313600,0
2017-10-16,24.71,25,24.3,24.6,1009262,0
2017-10-17,24.47,24.66,24.33,24.49,603890,0
2017-10-18,24.58,24.75,24.49,24.65,734786,0
2017-10-19,24.54,25.6,24.42,25.52,1012243,0
2017-10-20,25.61,26.29,25.61,26.02,626399,0
2017-10-23,26.06,26.335,25.24,25.6,783847,0
2017-10-24,25.47,25.64,24.89,25.11,522059,0
2017-10-25,25.07,25.47,24.66,25.4,952976,0
2017-10-26,25,25.01,23.685,23.88,2410200,0
2017-10-27,24.21,24.21,22.74,23.69,1977111,0
2017-10-30,23.82,23.93,23.46,23.52,593480,0
2017-10-31,23.89,23.89,23.15,23.68,1233190,0
2017-11-01,23.83,24.96,23.69,24.94,3809998,0
2017-11-02,24.76,25.35,24.36,24.5,2316777,0
2017-11-03,22.91,23.52,20.66,22.59,6994855,0
2017-11-06,21.65,24.12,21.65,23.91,3272923,0
2017-11-07,25.05,25.15,22.62,23.06,5692505,0
2017-11-08,22.85,23.26,22.05,22.8,2208933,0
2017-11-09,22.56,22.56,21,21.8,3900997,0
2017-11-10,22.66,23.6,21.75,21.9,2010124,0
2017-11-13,21.90,21.92,21.05,21.10,1309300,0
2017-11-14,20.75,20.79,18.73,19.40,4668500,0
2017-11-15,19.50,20.82,19.45,20.26,3434700,0
2017-11-16,20.28,20.93,20.03,20.24,2048000,0
2017-11-17,20.06,20.23,19.39,19.86,1907500,0
2017-11-20,20.25,20.75,19.92,20.48,1175000,0
2017-11-21,20.50,21.00,19.81,20.10,1800300,0
2017-11-22,19.75,19.86,19.10,19.33,3303700,0
2017-11-24,19.24,19.37,19.05,19.20,957100,0
2017-11-27,19.20,19.49,18.65,18.79,1232200,0
2017-11-28,18.76,19.12,18.07,18.36,2201100,0
2017-11-29,18.34,18.92,18.28,18.70,2049400,0
2017-11-30,18.86,19.00,17.81,17.85,1537100,0
2017-12-01,17.80,18.52,17.80,18.44,2575800,0
2017-12-04,18.54,18.73,17.99,18.36,2163500,0
2017-12-05,18.68,19.33,18.39,18.52,2880500,0
2017-12-06,18.67,18.67,17.83,18.13,1843000,0
2017-12-07,18.02,18.50,17.85,18.41,1050900,0
2017-12-08,18.41,19.41,18.19,19.08,2377800,0
2017-12-11,19.24,19.71,18.96,19.21,3064400,0
2017-12-12,19.34,19.36,18.80,19.05,3342400,0
2017-12-13,19.16,19.58,18.85,19.35,2281000,0
2017-12-14,19.37,19.71,19.17,19.47,3863500,0
2017-12-15,19.45,19.57,18.68,19.03,6614400,0
2017-12-18,19.30,19.67,19.06,19.26,1526400,0
2017-12-19,19.30,20.07,19.07,19.96,1760300,0
2017-12-20,19.96,20.85,19.85,20.34,2784900,0
2017-12-21,20.06,21.41,20.04,20.97,5882900,0
2017-12-22,20.95,21.42,20.65,21.01,1844000,0
2017-12-26,20.97,21.15,20.70,20.90,761900,0
2017-12-27,20.90,20.95,20.46,20.67,850500,0
2017-12-28,20.58,21.03,20.46,20.91,1012700,0
2017-12-29,20.88,21.36,20.84,21.23,1428400,0
2018-01-02,21.26,21.53,20.51,21.44,2495700,0
2018-01-03,21.60,22.22,21.52,21.67,2090200,0
2018-01-04,21.59,21.89,21.04,21.53,1841100,0
2018-01-05,21.52,21.72,21.17,21.24,1045400,0
2018-01-08,21.30,21.46,21.07,21.09,822900,0
2018-01-09,23.77,25.15,23.01,23.11,11591900,0
2018-01-10,22.74,23.03,22.10,22.75,3023600,0
2018-01-11,22.60,23.20,21.81,23.13,4018900,0
2018-01-12,23.13,23.69,23.00,23.27,2681800,0
2018-01-16,23.21,23.45,22.16,22.42,2206300,0
2018-01-17,22.28,22.32,21.50,21.86,3476600,0
2018-01-18,21.84,22.14,21.58,21.85,2985800,0
2018-01-19,21.73,22.00,21.15,21.30,2751600,0
2018-01-22,21.12,21.93,21.12,21.90,2603100,0
2018-01-23,22.77,23.28,22.49,22.83,3637200,0
2018-01-24,22.85,22.85,22.30,22.76,1783900,0
2018-01-25,22.82,22.86,22.11,22.38,1282200,0
2018-01-26,22.57,22.65,22.25,22.51,1297600,0
2018-01-29,22.38,22.60,22.04,22.44,1594100,0
2018-01-30,22.40,22.40,21.53,21.81,1580000,0
2018-01-31,21.89,22.20,21.31,21.47,2057000,0
2018-02-01,21.55,21.74,21.42,21.55,1470700,0
2018-02-02,21.36,21.59,21.09,21.35,1650800,0
2018-02-05,21.14,21.14,20.45,20.68,2265800,0
2018-02-06,20.13,20.85,20.04,20.59,2580800,0
2018-02-07,20.61,21.10,20.41,20.41,1967000,0
2018-02-08,20.57,20.57,19.54,19.77,1775400,0
2018-02-09,19.87,19.98,18.66,19.21,2099300,0
2018-02-12,19.41,19.81,19.21,19.63,1047800,0
2018-02-13,19.44,19.54,18.71,19.54,1724300,0
2018-02-14,19.45,20.06,19.44,19.97,1306500,0
2018-02-15,20.11,20.38,19.73,20.26,994500,0
2018-02-16,20.24,20.27,19.67,19.81,1359300,0
2018-02-20,19.88,19.95,18.95,19.15,1541600,0
2018-02-21,19.04,19.29,18.73,18.79,1437900,0
2018-02-22,18.90,19.05,18.25,18.56,1245700,0
2018-02-23,18.56,19.27,18.56,19.26,1124200,0
2018-02-26,19.43,19.43,18.99,19.19,1111400,0
2018-02-27,19.24,19.44,18.44,18.48,1737200,0
2018-02-28,18.50,19.68,18.06,18.20,2853600,0
2018-03-01,18.20,18.83,18.11,18.71,1789600,0
2018-03-02,18.40,19.74,18.23,19.29,2088000,0
2018-03-05,19.22,20.46,19.08,20.19,2492900,0
2018-03-06,20.39,20.96,20.14,20.25,1430500,0
2018-03-07,20.24,20.63,20.01,20.57,2207000,0
2018-03-08,20.45,20.84,20.33,20.42,883100,0
2018-03-09,20.65,20.84,19.85,20.21,1497500,0
2018-03-12,20.09,20.55,19.89,19.91,1619800,0
2018-03-13,21.35,21.49,20.16,20.25,2970500,0
2018-03-14,20.04,20.46,19.74,19.86,2198900,0
2018-03-15,19.93,20.10,19.57,19.76,1316800,0
2018-03-16,19.83,20.60,19.83,20.50,2689100,0
2018-03-19,20.32,20.42,19.76,20.05,1356400,0
2018-03-20,20.20,20.27,19.50,19.70,2039300,0
2018-03-21,19.70,20.03,19.56,19.93,1127900,0
2018-03-22,19.80,19.89,19.28,19.28,1297600,0
2018-03-23,19.33,19.33,18.54,18.59,1309300,0
2018-03-26,18.66,18.87,17.92,18.00,3951000,0
2018-03-27,18.28,18.32,17.58,17.92,2711700,0
2018-03-28,17.93,18.64,17.93,18.19,1519700,0
2018-03-29,18.30,18.60,18.04,18.48,1961500,0
2018-04-02,18.42,18.69,18.24,18.29,650100,0
2018-04-03,18.95,18.98,18.02,18.50,2531300,0
2018-04-04,18.22,18.64,18.17,18.60,1088200,0
2018-04-05,18.54,19.01,18.40,18.71,1489200,0
2018-04-06,18.69,18.96,18.38,18.50,942400,0
2018-04-09,18.95,18.91,18.43,18.58,630127,0