Date,Open,High,Low,Close,Volume,OpenInt
2017-09-01,132,132.7,132,132.7,2163,0
2017-09-05,136.98,141.07,133.65,134.404,3280,0
2017-09-06,134.21,134.21,133.65,133.65,1653,0
2017-09-07,135,135,134.87,134.87,1191,0
2017-09-08,138.72,142.87,134.813,134.973,2704,0
2017-09-11,134.9,134.9,132.93,132.93,1287,0
2017-09-12,132.91,133.3,132.785,133.3,2512,0
2017-09-13,133.12,133.12,132.16,132.3,6859,0
2017-09-14,132.527,132.69,132.527,132.69,2930,0
2017-09-15,132.548,132.548,132.224,132.224,358,0
2017-09-18,131.27,131.27,130.664,130.69,1911,0
2017-09-19,132.66,132.66,130.61,130.61,661,0
2017-09-20,131.24,131.5,129.69,130.11,6420,0
2017-09-21,129.45,129.45,129.37,129.37,390,0
2017-09-22,129.65,129.74,129.65,129.74,582,0
2017-09-25,129.28,131,129.28,130.916,2810,0
2017-09-26,130.25,130.25,130.06,130.06,724,0
2017-09-27,128.42,128.553,128.38,128.4,4633,0
2017-09-28,128.49,128.65,128.49,128.65,745,0
2017-09-29,128.6,128.6,128.209,128.209,3012,0
2017-10-02,127.34,127.34,127.13,127.15,1380,0
2017-10-03,127.15,127.15,127.1,127.1,1367,0
2017-10-04,127.32,127.38,127.28,127.38,7122,0
2017-10-05,127.28,127.28,126.87,126.87,1765,0
2017-10-06,126.35,127.41,126.35,127.41,7652,0
2017-10-09,128.03,128.03,128.03,128.03,474,0
2017-10-10,129.03,129.17,128.81,128.819,3602,0
2017-10-11,129.06,129.35,129.06,129.28,15694,0
2017-10-13,129.91,130.11,129.91,130.11,1515,0
2017-10-16,129.73,129.73,129.23,129.23,2009,0
2017-10-17,128.48,128.48,128.48,128.48,218,0
2017-10-19,128.64,128.64,128.64,128.64,1560,0
2017-10-20,127.94,128.17,127.94,128.13,719,0
2017-10-23,127.36,128,127.36,127.979,1456,0
2017-10-24,127.57,127.97,127.57,127.97,1385,0
2017-10-26,127.06,127.06,127.01,127.01,3132,0
2017-10-27,126.67,126.83,126.67,126.83,600,0
2017-10-30,127.47,127.47,127.47,127.47,1404,0
2017-10-31,127.05,127.05,127.05,127.05,126,0
2017-11-01,127.38,127.51,127.38,127.51,246,0
2017-11-02,128.17,128.18,127.49,127.74,5520,0
2017-11-03,127.68,127.68,126.74,126.752,2335,0
2017-11-06,128.25,128.25,128.25,128.25,180,0
2017-11-07,127.97,127.97,127.62,127.62,1200,0
2017-11-09,128.88,128.88,128.77,128.83,1751,0
2017-11-10,127.98,127.98,127.98,127.98,360,0
2017-11-13,127.98,127.98,127.98,127.98,-,0
2017-11-14,127.69,128.06,127.69,127.91,6400,0
2017-11-15,128.10,128.10,127.76,127.78,2900,0
2017-11-16,127.78,127.78,127.78,127.78,-,0
2017-11-17,128.88,129.28,128.88,129.28,2600,0
2017-11-20,128.58,128.58,127.80,127.81,5400,0
2017-11-21,128.07,128.28,127.95,127.95,1900,0
2017-11-22,129.16,129.35,129.16,129.35,600,0
2017-11-24,129.35,129.35,129.35,129.35,-,0
2017-11-27,129.44,129.50,129.21,129.50,1500,0
2017-11-28,129.23,129.23,129.23,129.23,400,0
2017-11-29,128.70,128.70,128.43,128.44,500,0
2017-11-30,127.52,127.52,127.52,127.52,300,0
2017-12-01,128.01,128.71,128.00,128.00,3900,0
2017-12-04,127.58,127.58,127.28,127.52,5500,0
2017-12-05,126.86,126.86,126.24,126.24,2500,0
2017-12-06,126.24,126.24,126.24,126.24,-,0
2017-12-07,125.31,125.31,124.55,124.55,500,0
2017-12-08,124.75,124.75,124.70,124.70,500,0
2017-12-11,124.38,124.38,124.38,124.38,300,0
2017-12-12,123.68,123.68,123.68,123.68,600,0
2017-12-13,123.68,123.68,123.68,123.68,1900,0
2017-12-14,125.40,125.40,125.40,125.40,400,0
2017-12-15,125.78,125.78,125.35,125.59,800,0
2017-12-18,126.11,126.12,126.11,126.12,1800,0
2017-12-19,125.98,125.98,125.95,125.95,300,0
2017-12-20,126.51,126.51,126.48,126.48,500,0
2017-12-21,126.47,126.70,126.47,126.63,800,0
2017-12-22,126.63,126.63,126.63,126.63,-,0
2017-12-26,128.10,128.28,128.05,128.28,800,0
2017-12-27,128.28,128.28,128.28,128.28,-,0
2017-12-28,129.35,129.35,129.35,129.35,100,0
2017-12-29,130.31,130.31,130.31,130.31,400,0
2018-01-02,131.23,131.47,131.19,131.47,1800,0
2018-01-03,131.53,131.62,130.85,130.91,1900,0
2018-01-04,131.79,132.24,131.79,132.24,1000,0
2018-01-05,131.59,132.06,131.59,132.05,43100,0
2018-01-08,131.88,131.88,131.77,131.77,1400,0
2018-01-09,130.98,130.98,130.98,130.98,300,0
2018-01-10,131.85,131.85,131.63,131.74,1600,0
2018-01-11,132.16,132.30,132.13,132.13,3100,0
2018-01-12,132.64,133.70,132.64,133.70,2800,0
2018-01-16,133.40,133.89,133.40,133.87,2400,0
2018-01-17,133.50,133.52,132.73,132.81,5100,0
2018-01-18,132.69,132.69,132.69,132.69,200,0
2018-01-19,133.18,133.18,133.18,133.18,400,0
2018-01-22,133.22,133.22,133.03,133.03,800,0
2018-01-23,134.00,134.00,134.00,134.00,400,0
2018-01-24,135.42,135.42,135.42,135.42,200,0
2018-01-25,135.44,136.05,134.15,134.15,6700,0
2018-01-26,135.20,135.28,134.92,134.92,1900,0
2018-01-29,134.30,134.30,134.00,134.00,500,0
2018-01-30,134.06,134.06,134.06,134.06,200,0
2018-01-31,134.22,134.64,133.18,134.64,7900,0
2018-02-01,134.11,134.83,134.11,134.83,1600,0
2018-02-02,133.56,133.56,132.86,132.86,2400,0
2018-02-05,133.49,133.75,133.36,133.75,3600,0
2018-02-06,133.00,133.09,132.10,132.20,10800,0
2018-02-07,132.12,132.12,131.20,131.20,700,0
2018-02-08,131.30,131.89,131.30,131.64,1400,0
2018-02-09,131.77,131.77,131.42,131.42,1200,0
2018-02-12,132.31,132.31,132.31,132.31,200,0
2018-02-13,132.34,132.89,132.34,132.86,3000,0
2018-02-14,135.11,135.28,135.11,135.28,400,0
2018-02-15,134.83,134.92,134.83,134.92,600,0
2018-02-16,134.73,134.73,134.70,134.70,1300,0
2018-02-20,134.09,134.09,132.87,133.03,1900,0
2018-02-21,132.90,132.90,132.23,132.23,1100,0
2018-02-22,133.05,133.05,133.05,133.05,400,0
2018-02-23,132.74,132.79,132.74,132.79,300,0
2018-02-26,133.31,133.31,133.31,133.31,300,0
2018-02-27,132.20,132.20,131.65,131.70,400,0
2018-02-28,131.71,131.74,131.66,131.66,500,0
2018-03-01,130.75,131.76,130.29,131.75,3000,0
2018-03-02,131.75,131.75,131.75,131.75,-,0
2018-03-05,131.75,131.75,131.75,131.75,-,0
2018-03-06,133.28,133.28,133.23,133.23,200,0
2018-03-07,132.40,132.40,132.40,132.40,300,0
2018-03-08,132.09,132.09,131.93,131.93,600,0
2018-03-09,131.93,131.93,131.93,131.93,600,0
2018-03-12,131.62,132.29,131.62,132.24,1900,0
2018-03-13,132.43,132.43,132.43,132.43,300,0
2018-03-14,132.21,132.21,132.21,132.21,1100,0
2018-03-15,132.21,132.21,132.21,132.21,-,0
2018-03-16,131.19,131.19,131.03,131.03,1700,0
2018-03-19,131.73,131.73,131.59,131.59,500,0
2018-03-20,131.10,131.10,131.10,131.10,200,0
2018-03-21,132.05,132.46,132.05,132.46,500,0
2018-03-22,132.46,132.46,132.46,132.46,-,0
2018-03-23,134.64,134.64,134.64,134.64,200,0
2018-03-26,135.08,135.36,135.08,135.36,1500,0
2018-03-27,134.35,134.38,134.23,134.23,800,0
2018-03-28,132.45,132.45,132.25,132.25,7000,0
2018-03-29,132.11,132.29,132.11,132.29,600,0
2018-04-02,133.99,133.99,133.99,133.99,200,0
2018-04-03,133.30,133.30,132.95,133.26,700,0
2018-04-04,134.14,134.14,133.12,133.12,3600,0
2018-04-05,132.18,132.44,132.18,132.42,900,0
2018-04-06,133.18,133.18,133.18,133.18,300,0
2018-04-09,133.20,133.52,133.20,133.52,939,0