Date,Open,High,Low,Close,Volume,OpenInt
2017-01-09,50.632,50.632,50.552,50.552,268,0
2017-01-12,50.605,50.785,50.508,50.785,17552,0
2017-01-13,51.08,51.08,51.08,51.08,211,0
2017-01-18,51.06,51.06,51.06,51.06,314,0
2017-01-25,51.586,52.034,51.576,52.034,40924,0
2017-01-30,51.652,51.652,51.652,51.652,105,0
2017-02-01,53.005,53.005,52.995,52.995,5877,0
2017-02-06,53.882,53.882,53.882,53.882,170,0
2017-02-07,53.939,53.939,53.637,53.637,744,0
2017-02-10,54.159,54.159,54.046,54.054,367,0
2017-02-14,54.378,54.378,54.378,54.378,105,0
2017-02-22,53.187,53.187,53.187,53.187,105,0
2017-03-06,54.092,54.092,54.092,54.092,312,0
2017-03-08,52.749,52.749,52.148,52.148,691,0
2017-03-09,50.954,51.137,50.954,51.137,314,0
2017-03-15,51.233,51.309,51.233,51.262,577,0
2017-03-17,51.576,51.576,51.576,51.576,105,0
2017-03-21,51.576,51.576,50.461,50.461,936,0
2017-03-23,51.459,51.462,51.459,51.461,438,0
2017-03-24,50.588,50.588,50.588,50.588,328,0
2017-03-30,51.303,51.303,51.303,51.303,104,0
2017-04-21,50.568,50.568,50.568,50.568,104,0
2017-04-24,51.323,51.323,51.323,51.323,104,0
2017-04-25,50.926,50.926,50.926,50.926,104,0
2017-04-27,50.22,50.22,50.22,50.22,310,0
2017-04-28,50.202,50.202,50.202,50.202,104,0
2017-05-03,50.144,50.144,50.124,50.124,6826,0
2017-05-16,50.434,50.434,50.434,50.434,17329,0
2017-05-18,49.338,49.338,49.338,49.338,214,0
2017-05-25,50.366,50.366,50.366,50.366,126,0
2017-05-26,50.008,50.008,50.008,50.008,104,0
2017-05-31,48.393,48.393,48.074,48.074,305,0
2017-06-07,47.755,47.755,47.755,47.755,337,0
2017-06-14,46.875,46.875,46.875,46.875,337,0
2017-06-21,44.206,44.206,44.206,44.206,161,0
2017-06-28,46.955,46.955,46.955,46.955,110,0
2017-07-17,48.528,48.528,48.528,48.528,178,0
2017-07-19,48.608,48.62,48.607,48.62,655,0
2017-07-24,47.991,47.991,47.958,47.958,305,0
2017-08-03,49.069,49.069,48.872,48.872,412,0
2017-08-28,45.805,45.824,45.726,45.824,406,0
2017-08-31,47.082,47.083,47.063,47.083,478,0
2017-09-01,46.945,46.945,46.926,46.945,478,0
2017-09-06,46.866,47.102,46.793,47.043,2648,0
2017-09-11,46.892,46.892,46.892,46.892,102,0
2017-09-12,46.797,46.906,46.797,46.906,341,0
2017-09-25,46.611,46.611,46.611,46.611,234,0
2017-09-26,46.591,46.611,46.561,46.611,915,0
2017-10-02,47.2718,47.2718,47.2718,47.2718,235,0
2017-10-06,47.8799,47.8799,47.868,47.868,297,0
2017-10-13,47.4401,47.5068,47.44,47.44,650,0
2017-10-17,47.1035,47.2,47.0465,47.0465,933,0
2017-10-19,46.24,46.24,46.24,46.24,100,0
2017-10-20,46.5399,46.54,46.5275,46.5275,712,0
2017-10-23,46.3,46.3,46.07,46.07,325,0
2017-10-26,45.35,45.67,45.35,45.5619,1817,0
2017-10-30,45.96,45.96,45.96,45.96,125,0
2017-10-31,46.13,46.13,46.0501,46.062,802,0
2017-11-01,46.97,47,46.97,47,212,0
2017-11-07,48.0599,48.0599,48.047,48.047,279,0
2017-11-09,47.7299,47.73,47.7175,47.7175,776,0
2017-11-14,47.72,47.72,47.72,47.72,-,0
2017-11-15,45.88,46.20,45.30,46.20,600,0
2017-11-16,46.21,46.23,46.20,46.23,600,0
2017-11-17,46.36,46.37,46.36,46.37,200,0
2017-11-20,46.37,46.37,46.37,46.37,-,0
2017-11-21,45.95,45.95,45.77,45.77,400,0
2017-11-22,46.24,46.24,46.24,46.24,300,0
2017-11-24,46.24,46.24,46.24,46.24,-,0
2017-11-27,46.24,46.24,46.24,46.24,-,0
2017-11-28,46.24,46.24,46.24,46.24,-,0
2017-11-29,45.35,45.35,45.33,45.33,800,0
2017-11-30,46.17,46.17,46.09,46.09,1100,0
2017-12-01,47.22,47.22,46.75,46.75,1000,0
2017-12-04,46.75,46.75,46.75,46.75,-,0
2017-12-05,46.81,46.91,46.81,46.91,400,0
2017-12-06,46.18,46.23,46.18,46.23,600,0
2017-12-07,46.23,46.23,46.23,46.23,-,0
2017-12-08,47.32,47.59,47.30,47.39,500,0
2017-12-11,47.39,47.39,47.39,47.39,-,0
2017-12-12,47.39,47.39,47.39,47.39,-,0
2017-12-13,47.39,47.39,47.39,47.39,-,0
2017-12-14,47.39,47.39,47.39,47.39,-,0
2017-12-15,47.39,47.39,47.39,47.39,-,0
2017-12-18,47.39,47.39,47.39,47.39,-,0
2017-12-19,47.97,47.97,47.71,47.80,1300,0
2017-12-20,47.80,47.80,47.80,47.80,-,0
2017-12-21,48.12,48.12,48.05,48.05,400,0
2017-12-22,48.05,48.05,48.05,48.05,-,0
2017-12-26,48.85,48.89,47.83,48.39,5300,0
2017-12-27,48.70,48.82,48.68,48.81,2100,0
2017-12-28,47.99,47.99,47.71,47.83,1500,0
2017-12-29,47.70,47.80,47.68,47.73,1000,0
2018-01-02,48.59,49.08,48.31,49.08,3800,0
2018-01-03,49.42,49.42,49.42,49.42,100,0
2018-01-04,49.52,49.72,49.51,49.64,700,0
2018-01-05,49.64,49.64,49.64,49.64,500,0
2018-01-08,49.64,49.64,49.64,49.64,-,0
2018-01-09,49.64,49.64,49.64,49.64,-,0
2018-01-10,49.65,49.79,49.65,49.72,700,0
2018-01-11,50.28,50.97,50.28,50.90,600,0
2018-01-12,51.08,51.08,51.08,51.08,300,0
2018-01-16,53.32,53.32,51.72,51.72,900,0
2018-01-17,51.02,51.34,51.02,51.34,800,0
2018-01-18,51.34,51.34,51.34,51.34,-,0
2018-01-19,51.20,51.20,50.65,50.88,1000,0
2018-01-22,50.88,50.88,50.88,50.88,-,0
2018-01-23,50.88,50.88,50.88,50.88,-,0
2018-01-24,52.15,52.15,52.13,52.13,500,0
2018-01-25,51.79,51.79,51.77,51.77,400,0
2018-01-26,51.77,51.77,51.77,51.77,-,0
2018-01-29,51.77,51.77,51.77,51.77,-,0
2018-01-30,50.68,50.68,50.17,50.17,300,0
2018-01-31,50.17,50.17,50.17,50.17,-,0
2018-02-01,50.17,50.17,50.17,50.17,-,0
2018-02-02,50.67,50.67,50.67,50.67,300,0
2018-02-05,49.65,50.35,48.71,48.71,7000,0
2018-02-06,49.80,49.80,49.80,49.80,300,0
2018-02-07,49.56,49.56,49.56,49.56,300,0
2018-02-08,49.26,49.26,49.26,49.26,200,0
2018-02-09,47.79,47.79,47.79,47.79,200,0
2018-02-12,47.72,47.72,47.72,47.72,300,0
2018-02-13,47.72,47.72,47.72,47.72,-,0
2018-02-14,47.97,47.97,47.97,47.97,100,0
2018-02-15,47.97,47.97,47.97,47.97,-,0
2018-02-16,47.97,47.97,47.97,47.97,-,0
2018-02-20,47.97,47.97,47.97,47.97,-,0
2018-02-21,47.97,47.97,47.97,47.97,-,0
2018-02-22,47.97,47.97,47.97,47.97,-,0
2018-02-23,47.97,47.97,47.97,47.97,-,0
2018-02-26,47.97,47.97,47.97,47.97,-,0
2018-02-27,47.97,47.97,47.97,47.97,-,0
2018-02-28,47.97,47.97,47.97,47.97,-,0
2018-03-01,47.97,47.97,47.97,47.97,-,0
2018-03-02,47.97,47.97,47.97,47.97,-,0
2018-03-05,46.33,46.33,46.33,46.33,1000,0
2018-03-06,46.33,46.33,46.33,46.33,-,0
2018-03-07,46.33,46.33,46.33,46.33,-,0
2018-03-08,46.33,46.33,46.33,46.33,-,0
2018-03-09,46.33,46.33,46.33,46.33,-,0
2018-03-12,47.11,47.12,47.11,47.12,300,0
2018-03-13,47.12,47.12,47.12,47.12,-,0
2018-03-14,47.12,47.12,47.12,47.12,-,0
2018-03-15,47.12,47.12,47.12,47.12,-,0
2018-03-16,47.12,47.12,47.12,47.12,-,0
2018-03-19,47.12,47.12,47.12,47.12,-,0
2018-03-20,44.90,44.90,44.90,44.90,600,0
2018-03-21,44.90,44.90,44.90,44.90,-,0
2018-03-22,44.90,44.90,44.90,44.90,-,0
2018-03-23,44.90,44.90,44.90,44.90,-,0
2018-03-26,44.28,44.28,43.96,43.96,300,0
2018-03-27,43.96,43.96,43.96,43.96,-,0
2018-03-28,43.96,43.96,43.96,43.96,-,0
2018-03-29,43.96,43.96,43.96,43.96,-,0
2018-04-02,43.00,43.29,43.00,43.29,300,0
2018-04-03,43.29,43.29,43.29,43.29,-,0
2018-04-04,43.29,43.29,43.29,43.29,-,0
2018-04-05,43.29,43.29,43.29,43.29,-,0
2018-04-06,43.29,43.29,43.29,43.29,-,0