Date,Open,High,Low,Close,Volume,OpenInt
2017-02-16,15.25,15.26,15.1098,15.144,11669,0
2017-02-17,15.11,15.17,15.09,15.155,2384,0
2017-02-21,15.39,15.39,15.2144,15.33,20193,0
2017-02-22,15.42,15.42,15.24,15.245,15107,0
2017-02-23,15.3,15.3,15.0101,15.1,10870,0
2017-02-24,15.01,15.12,15.0065,15.12,3891,0
2017-02-27,15.11,15.3,15.11,15.3,15772,0
2017-02-28,15.3,15.3,15.1844,15.2,5252,0
2017-03-01,15.29,15.43,15.29,15.419,1794,0
2017-03-02,15.32,15.32,15.28,15.28,971,0
2017-03-03,15.18,15.19,15.1601,15.17,4495,0
2017-03-06,15.17,15.17,15.071,15.1228,3341,0
2017-03-07,15.19,15.19,15.0303,15.0303,1499,0
2017-03-08,15.086,15.086,15,15,1437,0
2017-03-09,15.02,15.02,14.9798,14.9798,915,0
2017-03-10,15.14,15.14,14.9401,14.97,929,0
2017-03-13,15.24,15.24,14.99,15.055,3101,0
2017-03-14,14.953,15.0125,14.953,15.0125,1745,0
2017-03-15,15.0872,15.21,15.0872,15.21,333,0
2017-03-16,15.195,15.195,15.195,15.195,493,0
2017-03-17,15.195,15.195,15.195,15.195,0,0
2017-03-20,15.2,15.2261,15.176,15.1996,6091,0
2017-03-21,15.22,15.22,14.9201,14.9399,12791,0
2017-03-22,14.835,14.835,14.81,14.81,470,0
2017-03-23,14.8966,14.92,14.8966,14.92,952,0
2017-03-24,14.945,14.945,14.945,14.945,500,0
2017-03-27,14.79,15,14.77,14.92,8421,0
2017-03-28,15.02,15.08,14.94,15.08,7316,0
2017-03-29,15.0448,15.0448,15.0448,15.0448,706,0
2017-03-30,15.3,15.3,15.3,15.3,0,0
2017-03-31,15.17,15.17,15.16,15.16,6609,0
2017-04-03,15.2,15.2,15.15,15.15,514,0
2017-04-05,15.13,15.18,15.13,15.18,351,0
2017-04-06,15.044,15.09,15.044,15.09,400,0
2017-04-07,15.055,15.16,15.055,15.13,2163,0
2017-04-10,15.14,15.14,15.14,15.14,101,0
2017-04-11,15.14,15.14,15.14,15.14,0,0
2017-04-12,15.2199,15.2199,15.2199,15.2199,191,0
2017-04-13,15.1299,15.1299,15.05,15.05,703,0
2017-04-17,15.05,15.05,15.05,15.05,1611,0
2017-04-18,15.1399,15.15,15.0799,15.15,2118,0
2017-04-19,15.05,15.05,15.05,15.05,386,0
2017-04-20,15.1899,15.1899,15.1899,15.1899,190,0
2017-04-21,15.1896,15.1896,15.1896,15.1896,510,0
2017-04-24,15.1896,15.1896,15.1896,15.1896,0,0
2017-04-25,15.4446,15.52,15.4355,15.52,1370,0
2017-04-26,15.52,15.52,15.52,15.52,0,0
2017-04-27,15.52,15.52,15.52,15.52,0,0
2017-04-28,15.52,15.52,15.4001,15.5199,3660,0
2017-05-01,15.54,15.54,15.54,15.54,802,0
2017-05-02,15.5,15.5,15.5,15.5,2631,0
2017-05-03,15.5,15.5,15.5,15.5,0,0
2017-05-04,15.38,15.38,15.3618,15.3618,1407,0
2017-05-05,15.3789,15.49,15.3789,15.49,1724,0
2017-05-08,15.71,15.71,15.71,15.71,130,0
2017-05-09,15.356,15.356,15.353,15.353,614,0
2017-05-10,15.65,15.65,15.65,15.65,0,0
2017-05-11,15.62,15.62,15.5199,15.5199,669,0
2017-05-12,15.5199,15.5199,15.5199,15.5199,0,0
2017-05-15,15.76,15.76,15.6899,15.6899,459,0
2017-05-16,15.68,15.68,15.6636,15.6636,1155,0
2017-05-17,15.35,15.3599,15.35,15.3599,452,0
2017-05-18,15.39,15.39,15.39,15.39,302,0
2017-05-19,15.21,15.21,15.21,15.21,0,0
2017-05-22,15.54,15.54,15.54,15.54,811,0
2017-05-23,15.59,15.59,15.575,15.575,1249,0
2017-05-24,15.625,15.625,15.625,15.625,100,0
2017-05-25,15.6738,15.6738,15.6738,15.6738,100,0
2017-05-26,15.7,15.7,15.7,15.7,133,0
2017-05-30,15.72,15.72,15.72,15.72,947,0
2017-05-31,15.7,15.7,15.6311,15.6311,1761,0
2017-06-01,15.7886,15.7886,15.7886,15.7886,100,0
2017-06-02,15.9165,15.9165,15.885,15.9092,701,0
2017-06-05,16.09,16.09,15.92,15.92,405,0
2017-06-06,16.05,16.06,16.05,16.05,538,0
2017-06-07,15.99,15.99,15.7675,15.957,1538,0
2017-06-08,15.965,15.965,15.965,15.965,302,0
2017-06-09,15.92,16.0647,15.91,16.0647,1600,0
2017-06-12,15.82,15.82,15.82,15.82,103,0
2017-06-13,15.68,15.68,15.68,15.68,209,0
2017-06-14,15.8909,15.8918,15.8909,15.8918,1483,0
2017-06-15,15.63,15.64,15.62,15.62,1225,0
2017-06-16,15.7856,15.7856,15.7856,15.7856,200,0
2017-06-19,15.76,15.76,15.7423,15.7423,524,0
2017-06-20,15.915,15.95,15.915,15.95,958,0
2017-06-21,16,16,15.9564,15.9564,1139,0
2017-06-22,15.9564,15.9564,15.9564,15.9564,0,0
2017-06-23,15.9564,15.9564,15.9564,15.9564,0,0
2017-06-26,15.9564,15.9564,15.9564,15.9564,0,0
2017-06-27,16,16,16,16,655,0
2017-06-28,15.99,16.405,15.99,16.22,1035,0
2017-06-29,16,16,16,16,597,0
2017-06-30,16,16,16,16,0,0
2017-07-03,16,16,16,16,0,0
2017-07-05,16.19,16.19,16.19,16.19,275,0
2017-07-06,15.9501,15.97,15.9501,15.97,1166,0
2017-07-07,15.97,15.97,15.97,15.97,0,0
2017-07-10,16.05,16.05,16.05,16.05,192,0
2017-07-11,15.9,15.964,15.9,15.9414,1516,0
2017-07-12,15.9414,15.9414,15.9414,15.9414,0,0
2017-07-13,16.23,16.23,16.23,16.23,0,0
2017-07-14,16.47,16.47,16.47,16.47,200,0
2017-07-17,16.47,16.47,16.47,16.47,0,0
2017-07-18,16.33,16.33,16.15,16.15,382,0
2017-07-19,16.2,16.22,16.2,16.22,598,0
2017-07-20,16.22,16.22,16.22,16.22,0,0
2017-07-21,16.5,16.5,16.5,16.5,0,0
2017-07-24,16.49,16.49,16.3405,16.3405,671,0
2017-07-25,16.4,16.4,16.4,16.4,301,0
2017-07-26,16.33,16.33,16.33,16.33,1003,0
2017-07-27,16.33,16.33,16.33,16.33,0,0
2017-07-28,16.13,16.13,16.13,16.13,1017,0
2017-07-31,16.04,16.04,16.01,16.01,927,0
2017-08-01,16,16,16,16,0,0
2017-08-02,16,16.01,16,16.01,760,0
2017-08-03,16.01,16.01,16.01,16.01,0,0
2017-08-04,15.94,15.94,15.94,15.94,10,0
2017-08-07,16.106,16.15,16.106,16.15,450,0
2017-08-08,16.04,16.04,16,16,203,0
2017-08-09,16,16.0004,16,16.0004,327,0
2017-08-10,15.86,16.02,15.67,15.6767,4188,0
2017-08-11,15.6767,15.6767,15.6767,15.6767,0,0
2017-08-14,15.84,15.84,15.84,15.84,152,0
2017-08-15,15.84,15.84,15.84,15.84,0,0
2017-08-16,15.84,15.84,15.84,15.84,0,0
2017-08-17,15.84,15.84,15.84,15.84,0,0
2017-08-18,15.84,15.84,15.84,15.84,0,0
2017-08-21,15.5,15.629,15.5,15.629,1103,0
2017-08-22,15.629,15.629,15.629,15.629,0,0
2017-08-23,15.6,15.69,15.6,15.69,4476,0
2017-08-24,16.07,16.07,16.07,16.07,0,0
2017-08-25,16.07,16.07,16.07,16.07,0,0
2017-08-28,15.77,15.77,15.77,15.77,101,0
2017-08-29,15.9837,15.9837,15.9837,15.9837,300,0
2017-08-30,15.7,15.7,15.7,15.7,0,0
2017-08-31,16.07,16.1055,16.05,16.07,2381,0
2017-09-01,16.07,16.07,16.07,16.07,0,0
2017-09-05,16.5,16.5,16.5,16.5,0,0
2017-09-06,16.44,16.44,16.44,16.44,0,0
2017-09-07,16.44,16.44,16.07,16.07,2999,0
2017-09-08,16.2699,16.2699,16.2699,16.2699,367,0
2017-09-11,16.3899,16.3899,16.2693,16.3555,1323,0
2017-09-12,16.42,16.42,16.31,16.3366,2075,0
2017-09-13,16.3,16.3041,16.3,16.3,1523,0
2017-09-14,16.28,16.28,16.17,16.2586,1659,0
2017-09-15,16.24,16.27,16.24,16.27,629,0
2017-09-18,16.37,16.37,16.37,16.37,1061,0
2017-09-19,16.3147,16.35,16.2852,16.2852,417,0
2017-09-20,16.3048,16.35,16.2501,16.29,1492,0
2017-09-21,16.25,16.25,16.25,16.25,122,0
2017-09-22,16.25,16.25,16.25,16.25,0,0
2017-09-25,16.25,16.25,16.25,16.25,0,0
2017-09-26,16.084,16.084,16.084,16.084,600,0
2017-09-27,16.084,16.084,16.084,16.084,0,0
2017-09-28,16.2169,16.2169,16.2169,16.2169,150,0
2017-09-29,16.39,16.39,16.39,16.39,127,0
2017-10-02,16.3527,16.3527,16.32,16.3277,1203,0
2017-10-03,16.77,16.77,16.77,16.77,0,0
2017-10-04,16.77,16.77,16.77,16.77,0,0
2017-10-05,16.77,16.77,16.77,16.77,0,0
2017-10-06,16.6487,16.6487,16.6487,16.6487,454,0
2017-10-09,16.5819,16.5819,16.51,16.51,700,0
2017-10-10,16.5506,16.5506,16.5491,16.5491,280,0
2017-10-11,16.54,16.565,16.53,16.53,2446,0
2017-10-12,16.53,16.53,16.53,16.53,2561,0
2017-10-13,16.53,16.53,16.53,16.53,164,0
2017-10-16,16.53,16.53,16.53,16.53,92,0
2017-10-17,16.6,16.6,16.6,16.6,805,0
2017-10-18,16.6,16.6,16.6,16.6,811,0
2017-10-19,16.5605,16.5605,16.5605,16.5605,101,0
2017-10-20,16.5605,16.5605,16.5605,16.5605,176,0
2017-10-23,16.5605,16.5605,16.5605,16.5605,150,0
2017-10-24,16.5605,16.5605,16.5605,16.5605,84,0
2017-10-25,16.5605,16.5605,16.5605,16.5605,62,0
2017-10-26,16.5605,16.5605,16.5605,16.5605,0,0
2017-10-27,16.5605,16.5605,16.5605,16.5605,0,0
2017-10-30,16.6393,16.6393,16.57,16.57,222,0
2017-10-31,16.57,16.57,16.57,16.57,0,0
2017-11-01,16.8759,16.8759,16.8665,16.8665,782,0
2017-11-02,16.83,16.8385,16.83,16.8385,700,0
2017-11-03,16.8385,16.8385,16.8385,16.8385,717,0
2017-11-06,17.2,17.2,17.2,17.2,52,0
2017-11-07,17.3,17.3,16.92,16.92,3837,0
2017-11-08,16.93,16.942,16.93,16.942,201,0
2017-11-09,16.7933,16.7933,16.75,16.75,581,0
2017-11-10,16.93,16.93,16.93,16.93,631,0
2017-11-14,17.0100,17.0100,16.9900,17.0000,900,0
2017-11-15,17.1600,17.1600,17.1600,17.1600,200,0
2017-11-16,17.1700,17.2000,17.1500,17.2000,1100,0
2017-11-17,17.3590,17.4300,17.3100,17.4300,1500,0
2017-11-20,17.3710,17.4300,17.2600,17.2600,1600,0
2017-11-21,17.6700,17.6700,17.6700,17.6700,2100,0
2017-11-22,17.5720,17.6000,17.5720,17.6000,300,0
2017-11-24,17.7800,17.8200,17.6700,17.7900,12600,0
2017-11-27,17.7900,17.7900,17.6400,17.6400,800,0
2017-11-28,17.6200,17.6200,17.6000,17.6000,300,0
2017-11-29,17.5700,17.5700,17.2500,17.5400,1300,0
2017-11-30,17.5400,17.5400,17.5400,17.5400,200,0
2017-12-01,17.6500,17.6500,17.6000,17.6150,2000,0
2017-12-04,17.5970,17.5970,17.3670,17.3670,600,0
2017-12-05,17.4800,17.4800,17.4800,17.4800,300,0
2017-12-06,17.4400,17.4400,17.4400,17.4400,400,0
2017-12-07,17.5700,17.6000,17.5700,17.5900,400,0
2017-12-08,17.7000,17.7000,17.5870,17.7000,500,0
2017-12-11,17.7000,17.7000,17.3610,17.4200,1000,0
2017-12-12,17.4200,17.4200,17.4000,17.4000,600,0
2017-12-13,17.3950,17.3950,17.3430,17.3430,2000,0
2017-12-14,17.6600,17.6600,17.3230,17.3300,1600,0
2017-12-15,17.4100,17.4700,17.4100,17.4700,300,0
2017-12-18,17.5110,17.5200,17.5110,17.5200,300,0
2017-12-19,17.6100,17.6400,17.5300,17.5500,1600,0
2017-12-20,17.5500,17.5500,17.5500,17.5500,100,0
2017-12-21,17.5400,17.5400,17.5400,17.5400,700,0
2017-12-22,17.5250,17.5250,17.5250,17.5250,100,0
2017-12-26,17.2300,17.4000,17.2300,17.4000,500,0
2017-12-27,17.6100,17.6100,17.6100,17.6100,500,0
2017-12-28,17.3200,17.3200,17.3200,17.3200,1900,0
2017-12-29,17.3010,17.3200,17.3010,17.3200,1200,0
2018-01-02,17.3200,17.3200,17.3200,17.3200,300,0
2018-01-03,17.4550,17.5210,17.4550,17.5210,900,0
2018-01-04,17.5600,17.5600,17.5600,17.5600,500,0
2018-01-05,17.6100,17.6100,17.5710,17.5710,600,0
2018-01-08,17.6250,17.6250,17.6250,17.6250,200,0
2018-01-09,17.6850,17.7100,17.6800,17.7100,1300,0
2018-01-10,17.5860,17.6300,17.5860,17.6170,900,0
2018-01-11,17.8000,17.8000,17.8000,17.8000,100,0
2018-01-12,17.7800,17.8200,17.7800,17.8200,400,0
2018-01-16,18.2500,18.2500,17.6530,17.6530,1600,0
2018-01-17,17.9200,17.9200,17.9200,17.9200,500,0
2018-01-18,18.1900,18.1900,18.1900,18.1900,100,0
2018-01-19,18.1900,18.1900,18.1900,18.1900,-,0
2018-01-22,18.2400,18.4430,18.2400,18.4430,500,0
2018-01-23,18.4430,18.4430,18.4430,18.4430,100,0
2018-01-24,18.7900,18.7900,18.7900,18.7900,500,0
2018-01-25,18.5970,18.5970,18.5390,18.5600,500,0
2018-01-26,18.5600,18.5600,18.5600,18.5600,300,0
2018-01-29,18.8700,18.8700,18.8700,18.8700,100,0
2018-01-30,18.5000,18.5000,18.4600,18.4600,1100,0
2018-01-31,18.4500,18.4500,18.4500,18.4500,200,0
2018-02-01,18.3600,18.3600,18.3600,18.3600,100,0
2018-02-02,18.5600,18.5600,18.5600,18.5600,100,0
2018-02-05,18.1500,18.1500,17.8100,17.8100,1700,0
2018-02-06,17.6800,17.6800,17.6800,17.6800,600,0
2018-02-07,17.9900,17.9900,17.9900,17.9900,100,0
2018-02-08,17.7980,17.7980,17.5150,17.5150,900,0
2018-02-09,17.5500,17.5500,16.8700,16.8700,500,0
2018-02-12,17.4400,17.5600,17.4100,17.5600,300,0
2018-02-13,17.7500,17.7500,17.7500,17.7500,100,0
2018-02-14,17.8600,17.8600,17.8600,17.8600,100,0
2018-02-15,18.4100,18.4100,18.4100,18.4100,100,0
2018-02-16,18.5100,18.5100,18.5100,18.5100,100,0
2018-02-20,18.4100,18.4100,18.4100,18.4100,800,0
2018-02-21,18.5200,18.5200,18.3830,18.3830,300,0
2018-02-22,18.3830,18.3830,18.3830,18.3830,100,0
2018-02-23,18.3830,18.3830,18.3830,18.3830,-,0
2018-02-26,18.4000,18.5300,18.4000,18.5300,500,0
2018-02-27,18.5300,18.5300,18.5300,18.5300,100,0
2018-02-28,18.5300,18.5300,18.5300,18.5300,100,0
2018-03-01,18.0980,18.0980,18.0300,18.0300,700,0
2018-03-02,17.9700,18.1600,17.9700,18.1600,400,0
2018-03-05,17.9200,17.9200,17.9200,17.9200,100,0
2018-03-06,18.9300,18.9300,18.9300,18.9300,100,0
2018-03-07,18.7400,18.8700,18.7400,18.8700,600,0
2018-03-08,18.8560,18.8700,18.8560,18.8700,800,0
2018-03-09,19.0650,19.0650,19.0650,19.0650,100,0
2018-03-12,19.1860,19.1860,19.1860,19.1860,400,0
2018-03-13,19.2690,19.3000,19.0100,19.0300,600,0
2018-03-14,19.0300,19.0300,19.0060,19.0120,1400,0
2018-03-15,20.7200,20.7200,19.0080,19.0400,2300,0
2018-03-16,19.0400,19.0400,19.0400,19.0400,100,0
2018-03-19,19.0400,19.0400,19.0400,19.0400,-,0
2018-03-20,18.8040,18.8280,18.8000,18.8280,1800,0
2018-03-21,18.9400,18.9400,18.9260,18.9350,700,0
2018-03-22,18.6200,18.6200,18.6200,18.6200,200,0
2018-03-23,18.6200,18.6200,18.6200,18.6200,100,0
2018-03-26,18.4800,18.4800,18.3600,18.4200,1800,0
2018-03-27,18.4500,18.4500,18.3970,18.3970,600,0
2018-03-28,18.0500,18.0500,17.8400,17.9000,1700,0
2018-03-29,18.0600,18.0620,18.0600,18.0620,400,0
2018-04-02,18.0000,18.0000,17.7220,17.7220,1300,0
2018-04-03,17.9490,17.9490,17.8690,17.8690,200,0
2018-04-04,17.9000,18.0000,17.9000,18.0000,700,0
2018-04-05,18.2150,18.3400,18.2150,18.2800,2200,0
2018-04-06,18.1800,18.1800,17.9100,17.9100,600,0
2018-04-09,18.0595,18.0595,18.0595,18.0595,101,0