Date,Open,High,Low,Close,Volume,OpenInt
2017-04-28,11.74,13.36,11.52,13.29,1599816,0
2017-05-01,13.49,13.8399,13.35,13.47,135730,0
2017-05-02,13.5,13.65,13.4892,13.57,53051,0
2017-05-03,13.57,13.57,13.3,13.47,31405,0
2017-05-04,13.5,13.5,13.3,13.4,41848,0
2017-05-05,13.3801,13.5,13,13.37,118531,0
2017-05-08,13.37,13.45,13.37,13.4,11626,0
2017-05-09,13.48,13.48,13.37,13.4,12433,0
2017-05-10,13.4,13.4,13.25,13.34,33783,0
2017-05-11,13.33,13.33,13.12,13.12,15991,0
2017-05-12,13.15,13.15,13.05,13.08,35748,0
2017-05-15,13,13.06,13,13.0252,73362,0
2017-05-16,13.03,13.1354,13.0299,13.03,19432,0
2017-05-17,13.09,13.1492,13,13.05,19909,0
2017-05-18,13.01,13.05,13,13.0284,29631,0
2017-05-19,13.03,13.05,13,13.05,60077,0
2017-05-22,13.003,13.08,13,13.06,33706,0
2017-05-23,13.1,13.1,13.01,13.08,25554,0
2017-05-24,13.1,13.1,13,13.04,12662,0
2017-05-25,13.04,13.05,13.01,13.05,48727,0
2017-05-26,13.05,13.1,13.016,13.05,18157,0
2017-05-30,13.15,13.15,13.03,13.036,23460,0
2017-05-31,13.1359,13.1359,13.0368,13.05,8614,0
2017-06-01,13.04,13.07,13.04,13.05,9788,0
2017-06-02,13.15,13.15,13.04,13.07,5353,0
2017-06-05,13.07,13.2,13.07,13.15,27044,0
2017-06-06,13.1499,13.71,13.11,13.45,44081,0
2017-06-07,13.54,13.54,13.2181,13.4,5735,0
2017-06-08,13.5042,13.59,13.5,13.56,9349,0
2017-06-09,13.69,13.76,13.614,13.75,14563,0
2017-06-12,13.774,15,13.774,14.96,39756,0
2017-06-13,14.9,14.9,14.01,14.68,44401,0
2017-06-14,14.3,14.9,14.25,14.89,25396,0
2017-06-15,14.75,14.75,14.27,14.27,17184,0
2017-06-16,14.2324,14.75,13.02,13.02,104922,0
2017-06-19,13.25,13.9,13.25,13.74,41333,0
2017-06-20,13.7,13.93,13.6247,13.73,4496,0
2017-06-21,13.8195,13.82,13.65,13.71,2112,0
2017-06-22,13.6,13.84,13.17,13.43,10749,0
2017-06-23,13.5625,14.47,13.5,14.19,19234,0
2017-06-26,14.11,14.11,13.52,13.55,12249,0
2017-06-27,13.72,13.96,13.71,13.71,576,0
2017-06-28,13.4622,13.8697,13.4622,13.47,2423,0
2017-06-30,13.53,13.53,13.53,13.53,100,0
2017-07-03,14,14,13.64,13.64,2584,0
2017-07-05,13.73,13.762,13.6,13.61,4360,0
2017-07-06,13.96,13.96,13.65,13.75,3364,0
2017-07-07,13.79,13.98,13.79,13.98,449,0
2017-07-10,14,14,13.73,13.73,2900,0
2017-07-11,13.58,13.59,13.34,13.34,6545,0
2017-07-12,13.65,13.8499,13.52,13.52,1953,0
2017-07-13,13.7,13.7,13.31,13.31,1161,0
2017-07-14,13.3,13.35,13.3,13.3,1861,0
2017-07-17,13.3,13.49,13.3,13.49,6888,0
2017-07-18,13.4185,13.4256,13.3799,13.4,2267,0
2017-07-19,13.4,13.4,13.3539,13.36,1921,0
2017-07-20,13.27,13.27,13.1599,13.1599,12567,0
2017-07-21,13.2288,13.37,13.1207,13.37,1525,0
2017-07-24,13.39,13.39,13.147,13.1968,4925,0
2017-07-25,13.3135,13.34,13.1,13.15,2188,0
2017-07-26,13.15,13.15,13.1074,13.1199,9112,0
2017-07-27,13.12,13.12,12.95,13.06,47100,0
2017-07-28,13.06,13.18,13.06,13.18,3178,0
2017-07-31,13,13.17,13,13.01,3014,0
2017-08-01,13.02,13.02,13,13.02,13024,0
2017-08-02,13,13.19,12.95,13.13,11521,0
2017-08-03,13.1644,13.1644,13,13.06,4832,0
2017-08-07,13.1,13.112,13.1,13.1,1894,0
2017-08-08,13.1297,13.19,13.1,13.15,2634,0
2017-08-09,13.18,13.18,13,13.1,5477,0
2017-08-10,13.09,13.09,12.85,12.851,7773,0
2017-08-11,12.9806,12.9806,12.9,12.95,5468,0
2017-08-14,12.99,12.99,12.9,12.9,5665,0
2017-08-15,12.88,12.8886,12.75,12.75,9857,0
2017-08-16,12.83,12.84,12.75,12.79,15734,0
2017-08-17,12.79,12.79,12.51,12.64,8071,0
2017-08-18,12.671,12.73,12.62,12.67,5300,0
2017-08-21,12.54,12.8,12.54,12.8,13830,0
2017-08-22,12.8,12.8,12.6713,12.7968,4504,0
2017-08-23,12.9608,12.98,12.8001,12.98,3253,0
2017-08-24,12.8806,12.98,12.809,12.96,3456,0
2017-08-25,12.8089,12.871,12.8,12.86,4626,0
2017-08-28,12.81,12.8989,12.81,12.86,2171,0
2017-08-29,12.79,12.79,12.55,12.58,11301,0
2017-08-30,12.59,12.59,12.5,12.54,17089,0
2017-08-31,12.5576,12.58,12.5,12.5,12006,0
2017-09-01,12.52,12.58,12.33,12.35,19073,0
2017-09-05,12.4,12.48,12.33,12.3668,6144,0
2017-09-06,12.4,12.4,12.3301,12.36,5562,0
2017-09-07,12.36,12.39,12.05,12.1,5260,0
2017-09-08,12.05,12.58,12,12.56,64016,0
2017-09-11,12.58,12.58,12.56,12.58,15174,0
2017-09-12,12.58,12.88,12.57,12.78,17936,0
2017-09-13,13.33,13.33,12.951,13.12,1033,0
2017-09-14,13.36,13.36,13.12,13.17,894,0
2017-09-15,13.32,13.39,13.1148,13.39,6139,0
2017-09-18,13.38,13.4,13.38,13.4,5103,0
2017-09-19,13.48,13.53,13.2775,13.53,3585,0
2017-09-20,13.53,13.53,13.24,13.37,6963,0
2017-09-21,13.3325,13.367,13.3264,13.36,3317,0
2017-09-22,13.3,13.4,13.3,13.4,1685,0
2017-09-25,13.38,13.914,13.33,13.58,4139,0
2017-09-27,13.68,13.68,13.6,13.64,3620,0
2017-09-28,13.6,13.6,13.4479,13.4479,239,0
2017-09-29,13.637,13.6392,13.42,13.485,1837,0
2017-10-03,13.3676,13.4298,13.3,13.33,1641,0
2017-10-04,13.3,13.4,13.3,13.31,4232,0
2017-10-05,13.32,13.32,13.09,13.09,8952,0
2017-10-06,13.09,13.195,12.92,13.03,29917,0
2017-10-09,13.056,13.0975,13.056,13.0975,2151,0
2017-10-10,13.1745,13.1745,12.75,12.96,9793,0
2017-10-11,12.86,12.95,12.8167,12.95,12305,0
2017-10-12,12.95,13.1905,12.95,13.08,3521,0
2017-10-13,13.1,13.1001,13.042,13.042,451,0
2017-10-16,13.1,13.1899,13,13.04,8577,0
2017-10-17,13.19,13.2,13.09,13.18,4837,0
2017-10-18,13.18,13.18,13.1608,13.1701,2275,0
2017-10-19,13.0601,13.29,13.0601,13.2,4694,0
2017-10-20,13.27,13.29,13.27,13.29,517,0
2017-10-23,13.256,13.3,13.09,13.12,3534,0
2017-10-24,13.12,13.28,13.12,13.235,1101,0
2017-10-26,13.2,13.2177,13.14,13.2177,14517,0
2017-10-27,13.06,13.1682,13.06,13.1093,3262,0
2017-10-30,13.1,13.21,13.08,13.12,12238,0
2017-10-31,13.28,13.28,13.28,13.28,300,0
2017-11-01,13.25,13.29,13.218,13.28,508,0
2017-11-02,13.21,13.21,13.2,13.2,1767,0
2017-11-03,13.14,13.18,13.1301,13.1301,1827,0
2017-11-06,13.14,13.14,13.0761,13.0892,1826,0
2017-11-07,12.89,12.89,12.89,12.89,8911,0
2017-11-08,12.81,12.81,12.765,12.765,4314,0
2017-11-09,12.75,12.88,12.5386,12.88,12593,0
2017-11-10,12.8036,12.814,12.684,12.75,2299,0
2017-11-13,12.54,12.58,12.50,12.55,8600,0
2017-11-14,12.52,12.62,12.47,12.62,3500,0
2017-11-15,12.54,12.89,12.48,12.70,1200,0
2017-11-16,12.59,12.60,12.57,12.57,2500,0
2017-11-17,12.47,12.53,12.47,12.50,2300,0
2017-11-20,12.52,12.55,12.44,12.44,4100,0
2017-11-21,12.37,12.70,12.31,12.50,14900,0
2017-11-22,12.78,12.96,12.76,12.96,7100,0
2017-11-24,12.96,13.00,12.77,13.00,2700,0
2017-11-27,12.96,12.96,12.93,12.94,700,0
2017-11-28,12.93,12.93,12.75,12.75,2800,0
2017-11-29,12.85,12.85,12.71,12.85,1800,0
2017-11-30,12.81,12.81,12.58,12.73,900,0
2017-12-01,12.54,12.65,12.35,12.37,3700,0
2017-12-04,12.35,12.49,12.27,12.29,8500,0
2017-12-05,12.30,12.30,12.15,12.15,4300,0
2017-12-06,12.18,12.18,12.04,12.04,6100,0
2017-12-07,12.04,12.04,11.75,11.98,25000,0
2017-12-08,11.98,12.23,11.93,12.13,4300,0
2017-12-11,12.49,12.49,12.12,12.12,3800,0
2017-12-12,12.12,12.19,11.87,11.88,6300,0
2017-12-13,11.87,12.14,11.87,11.90,6900,0
2017-12-14,11.89,12.09,11.78,12.00,12900,0
2017-12-15,12.45,12.45,11.93,12.15,7800,0
2017-12-18,12.10,12.14,12.00,12.14,21200,0
2017-12-19,12.03,12.14,12.00,12.02,2000,0
2017-12-20,12.00,12.10,11.83,11.84,6600,0
2017-12-21,11.80,11.98,11.79,11.96,5900,0
2017-12-22,11.80,11.90,11.80,11.90,900,0
2017-12-26,12.00,12.00,11.84,11.88,3900,0
2017-12-27,12.06,12.06,11.70,11.87,17400,0
2017-12-28,11.73,12.03,11.73,11.85,3800,0
2017-12-29,11.86,11.88,11.60,11.60,8200,0
2018-01-02,11.60,11.75,11.60,11.73,3100,0
2018-01-03,11.80,11.80,11.78,11.79,3100,0
2018-01-04,11.81,11.81,11.70,11.80,3100,0
2018-01-05,11.77,11.78,11.66,11.70,7200,0
2018-01-08,11.62,11.63,11.47,11.57,19700,0
2018-01-09,11.52,11.52,11.45,11.48,9600,0
2018-01-10,11.45,11.52,11.44,11.50,7800,0
2018-01-11,11.50,11.50,11.28,11.29,17800,0
2018-01-12,11.30,11.46,11.30,11.46,7100,0
2018-01-16,11.48,11.48,11.35,11.39,11400,0
2018-01-17,11.39,11.44,11.35,11.38,37900,0
2018-01-18,11.34,11.49,11.34,11.42,15500,0
2018-01-19,11.40,11.50,11.40,11.50,5500,0
2018-01-22,11.50,12.25,11.48,11.92,20300,0
2018-01-23,12.00,12.51,12.00,12.13,11900,0
2018-01-24,11.93,12.23,11.93,12.18,1900,0
2018-01-25,12.00,12.27,12.00,12.07,4300,0
2018-01-26,12.12,12.26,12.07,12.07,2800,0
2018-01-29,11.92,11.97,11.90,11.92,14900,0
2018-01-30,11.91,12.05,11.91,12.05,1300,0
2018-01-31,11.94,11.94,11.90,11.91,1000,0
2018-02-01,11.91,11.93,11.69,11.73,9300,0
2018-02-02,11.71,11.72,11.20,11.20,36200,0
2018-02-05,11.20,11.21,11.06,11.07,20400,0
2018-02-06,11.09,11.32,11.03,11.31,10100,0
2018-02-07,11.03,11.26,11.03,11.25,5800,0
2018-02-08,11.29,11.35,11.25,11.29,6600,0
2018-02-09,11.20,11.60,10.99,11.60,8100,0
2018-02-12,11.15,11.50,11.15,11.40,2800,0
2018-02-13,11.74,11.74,11.23,11.64,3700,0
2018-02-14,11.64,11.64,11.64,11.64,-,0
2018-02-15,11.50,11.50,11.23,11.33,3200,0
2018-02-16,11.31,11.37,11.29,11.30,5900,0
2018-02-20,11.44,11.44,11.24,11.24,800,0
2018-02-21,11.40,11.40,11.24,11.25,2900,0
2018-02-22,11.25,11.25,11.25,11.25,-,0
2018-02-23,11.30,11.51,10.95,11.14,9800,0
2018-02-26,11.16,11.22,11.11,11.18,40700,0
2018-02-27,11.27,11.36,11.27,11.35,9300,0
2018-02-28,11.44,11.50,11.44,11.50,900,0
2018-03-01,11.41,11.41,11.27,11.29,5400,0
2018-03-02,11.22,11.22,11.05,11.19,12900,0
2018-03-05,11.15,11.48,11.15,11.33,7200,0
2018-03-06,11.27,11.27,11.27,11.27,300,0
2018-03-07,11.48,11.48,11.26,11.26,2100,0
2018-03-08,11.30,11.42,11.16,11.29,13100,0
2018-03-09,11.21,11.45,11.20,11.20,500,0
2018-03-12,11.20,11.29,11.05,11.25,4000,0
2018-03-13,11.30,11.46,11.29,11.44,6700,0
2018-03-14,11.46,11.46,11.27,11.27,500,0
2018-03-15,11.25,11.35,11.25,11.35,900,0
2018-03-16,11.32,11.45,11.32,11.45,1900,0
2018-03-19,11.42,11.45,11.39,11.39,2200,0
2018-03-20,11.30,11.30,11.30,11.30,100,0
2018-03-21,11.30,11.50,11.19,11.40,25900,0
2018-03-22,11.27,11.31,11.27,11.31,300,0
2018-03-23,11.38,11.72,11.32,11.51,2700,0
2018-03-26,11.37,11.50,11.36,11.38,1000,0
2018-03-27,11.26,11.48,11.25,11.30,800,0
2018-03-28,11.27,11.27,11.22,11.25,2000,0
2018-03-29,11.24,11.36,11.24,11.36,500,0
2018-04-02,11.22,11.50,11.21,11.21,19900,0
2018-04-03,11.24,11.45,11.23,11.23,900,0
2018-04-04,11.29,11.29,11.24,11.24,400,0
2018-04-05,11.30,11.48,11.30,11.48,400,0
2018-04-06,11.29,11.29,11.25,11.25,600,0
2018-04-09,11.26,11.40,11.26,11.40,1400,0