Date,Open,High,Low,Close,Volume,OpenInt
2016-12-19,5,5,5,5,200,0
2016-12-20,8,8,8,8,200,0
2017-01-04,13.5,13.5,13.5,13.5,100,0
2017-01-06,13.5,13.5,13.5,13.5,800,0
2017-01-11,15,15,15,15,1100,0
2017-01-13,14,14,14,14,150,0
2017-01-19,9.5,9.5,9.5,9.5,100,0
2017-01-20,11,11,11,11,200,0
2017-01-25,11,11,11,11,500,0
2017-01-27,11.25,11.25,11.25,11.25,385,0
2017-01-30,11,11,11,11,385,0
2017-01-31,10.75,10.75,10.75,10.75,100,0
2017-02-01,8,8,8,8,5000,0
2017-02-02,9,9,9,9,1000,0
2017-02-03,9,9,9,9,910,0
2017-02-06,10,10,10,10,790,0
2017-02-08,9,9,9,9,1505,0
2017-02-17,10.5,10.5,10.5,10.5,610,0
2017-02-28,15,15,15,15,400,0
2017-03-01,13.0001,13.0001,13.0001,13.0001,1000,0
2017-03-02,13,13,13,13,575,0
2017-03-06,13,13,13,13,100,0
2017-03-09,13.25,13.25,13.25,13.25,200,0
2017-03-10,13,13,13,13,200,0
2017-03-16,13,13,13,13,1000,0
2017-03-22,12.75,12.75,12.75,12.75,15600,0
2017-03-30,12.5,12.5,12.5,12.5,400,0
2017-04-05,12.5,12.5,12.5,12.5,500,0
2017-05-05,13,13,13,13,500,0
2017-05-08,13,13,13,13,1100,0
2017-05-09,12,12,12,12,2000,0
2017-05-10,11.35,11.35,11.35,11.35,1800,0
2017-05-11,11,11,11,11,300,0
2017-05-12,11,11,11,11,500,0
2017-05-15,10.75,10.75,10.75,10.75,500,0
2017-05-24,10.25,10.25,10.25,10.25,500,0
2017-05-25,10.25,10.25,10.25,10.25,300,0
2017-05-30,10,10,10,10,500,0
2017-05-31,10.125,10.125,10.125,10.125,1100,0
2017-06-01,10,10,10,10,1300,0
2017-06-06,10,10,10,10,500,0
2017-06-07,9.75,9.75,9.75,9.75,1800,0
2017-06-09,9.8,9.8,9.8,9.8,200,0
2017-06-13,10.5,10.5,10.5,10.5,300,0
2017-06-14,9.75,9.75,9.75,9.75,1750,0
2017-06-20,9.75,9.75,9.75,9.75,200,0
2017-06-23,10,10,10,10,300,0
2017-06-26,10,10.5,10,10,2500,0
2017-06-27,10,10,9.8961,9.95,11280,0
2017-06-28,10,10,9.9999,9.9999,13700,0
2017-06-29,10,10,9.5,9.5,7605,0
2017-06-30,9.9,10,9.9,9.95,14000,0
2017-07-03,9.95,9.95,9.75,9.75,6145,0
2017-07-05,10,10,10,10,5000,0
2017-07-06,9.9,9.9,9.75,9.75,7000,0
2017-07-07,9.75,9.75,9.75,9.75,5000,0
2017-07-11,9.5846,9.6,9.5,9.5,5725,0
2017-07-13,9.5,9.5,9.5,9.5,5000,0
2017-07-14,9.4999,9.4999,9,9,825,0
2017-07-17,9.1,9.1,9.1,9.1,150,0
2017-07-18,9,9,8.95,9,1265,0
2017-07-20,8.06,8.06,7.67,7.67,4850,0
2017-07-21,8.39,9.25,7.59,9.25,6781,0
2017-07-24,9.5,9.5,9.0001,9.0001,3033,0
2017-07-25,9,9,8.6,8.6,2502,0
2017-07-26,9.02,9.02,8.7942,9,1700,0
2017-07-28,9.2,9.2,9.2,9.2,999,0
2017-07-31,9.2,9.5,9.18,9.3,9314,0
2017-08-01,9.4,9.4,9.3999,9.3999,1099,0
2017-08-03,9.292,9.292,9.292,9.292,353,0
2017-08-04,9,9,8.75,9,1411,0
2017-08-07,7.53,9,7.46,9,2040,0
2017-08-10,7.52,8.76,7.52,8.71,646,0
2017-08-11,8.4221,8.4221,8.4221,8.4221,225,0
2017-08-16,8.25,8.25,8.25,8.25,5700,0
2017-08-18,8,8,7,8,1749,0
2017-08-22,8.9759,8.98,8.488,8.4912,729,0
2017-08-23,9,9,7.7725,7.7725,1917,0
2017-08-24,8.05,8.05,7.72,7.72,1825,0
2017-08-25,8,8,7.9752,8,5602,0
2017-08-31,8,8,7.5,7.5,3600,0
2017-09-11,8,8,7.4997,7.4997,2313,0
2017-09-12,7.226,7.226,7.12,7.12,200,0
2017-09-13,7.515,8.85,7.515,8.0742,3475,0
2017-09-14,8.5,9.5,8.35,8.9,20356,0
2017-09-15,10.5,10.5,8.7,8.85,6133,0
2017-09-18,9.5,9.5,8,8.65,8602,0
2017-09-19,8.0497,8.65,8.0497,8.65,2701,0
2017-09-20,8.8,8.8,8.7,8.7,1665,0
2017-09-26,9,9.149,8.0501,8.0501,7000,0
2017-09-28,7.8,8,7.6,7.98,14939,0
2017-09-29,8.2,8.2,8.2,8.2,1000,0
2017-10-02,8,8,8,8,2200,0
2017-10-03,7.676,8.2,7.638,8.2,4718,0
2017-10-04,7.69,7.8414,6.7,7.8414,15600,0
2017-10-05,7,7.5645,6.6,6.9858,39099,0
2017-10-06,6.9,6.98,6.6,6.95,9581,0
2017-10-09,6.8386,6.874,6.6,6.68,4399,0
2017-10-10,6.69,7.084,5.8,6.7,23463,0
2017-10-11,6.21,6.41,6.05,6.4,6202,0
2017-10-12,6.15,6.3687,5.76,6.06,22010,0
2017-10-13,6.6,6.65,6.314,6.4945,24259,0
2017-10-16,6.48,6.5,5.1,6.3232,14321,0
2017-10-17,6.3201,6.6174,6.32,6.6174,1714,0
2017-10-18,6.5001,6.52,6.25,6.369,5401,0
2017-10-19,6.4084,6.65,6.4084,6.65,1753,0
2017-10-20,6.25,6.25,6.19,6.25,3211,0
2017-10-23,6.49,6.75,6.16,6.3,54264,0
2017-10-24,6.26,6.9165,6.15,6.15,28100,0
2017-10-25,6.22,6.25,6.06,6.1001,8986,0
2017-10-26,6.11,6.19,5.6001,6.19,26999,0
2017-10-30,6.36,7.039,6.18,6.18,29030,0
2017-10-31,6.49,6.8,6.22,6.3,36711,0
2017-11-01,6.2,6.32,6.2,6.32,5802,0
2017-11-02,6.62,7.38,6,6.2,112039,0
2017-11-03,6.75,6.825,6.08,6.3,25237,0
2017-11-06,6.41,6.6899,5.53,5.6431,60556,0
2017-11-07,5.99,6.624,5.32,5.5,79758,0
2017-11-08,5.48,5.54,5.25,5.26,81194,0
2017-11-09,5.45,6.27,5.05,5.05,112657,0
2017-11-10,5.46,5.5,4.69,4.87,55585,0
2017-11-13,4.85,5.14,4.61,4.66,24500,0
2017-11-14,4.66,4.66,4.66,4.66,-,0
2017-11-15,4.66,4.75,4.02,4.75,44400,0
2017-11-16,4.91,5.07,4.55,4.60,15300,0
2017-11-17,4.60,4.60,4.27,4.27,4000,0
2017-11-20,4.33,4.41,4.30,4.30,4100,0
2017-11-21,4.41,4.51,4.18,4.18,16500,0
2017-11-22,4.19,4.19,3.70,3.90,78900,0
2017-11-24,4.08,4.09,3.85,3.86,2400,0
2017-11-27,3.90,3.99,3.56,3.99,34400,0
2017-11-28,4.05,4.41,3.56,3.71,28300,0
2017-11-29,3.58,3.94,3.58,3.61,10500,0
2017-11-30,3.61,4.73,3.35,4.15,111100,0
2017-12-01,4.70,5.18,4.06,4.17,16300,0
2017-12-04,4.18,4.30,4.15,4.15,7700,0
2017-12-05,4.48,4.99,3.58,4.00,21600,0
2017-12-06,4.02,4.69,4.01,4.55,42700,0
2017-12-07,4.65,5.00,4.60,4.61,52500,0
2017-12-08,5.20,6.50,4.80,5.59,185800,0
2017-12-11,6.00,6.00,4.93,5.02,97200,0
2017-12-12,5.05,5.69,4.90,4.95,29400,0
2017-12-13,4.94,5.29,4.81,5.06,17700,0
2017-12-14,5.10,5.30,4.72,4.72,26600,0
2017-12-15,4.57,4.76,4.50,4.63,51600,0
2017-12-18,4.60,4.68,4.11,4.18,66700,0
2017-12-19,4.37,4.37,3.85,3.86,39700,0
2017-12-20,3.83,3.99,3.50,3.65,116400,0
2017-12-21,3.59,3.83,3.50,3.55,100200,0
2017-12-22,3.70,4.03,3.54,3.58,70300,0
2017-12-26,3.58,3.86,3.42,3.63,40900,0
2017-12-27,3.78,3.88,3.46,3.46,77100,0
2017-12-28,3.72,3.80,3.42,3.66,126000,0
2017-12-29,3.74,3.99,3.66,3.88,52000,0
2018-01-02,3.80,3.96,3.70,3.86,17500,0
2018-01-03,3.94,4.21,3.53,3.61,155200,0
2018-01-04,3.71,3.71,3.20,3.24,102700,0
2018-01-05,3.26,3.80,3.25,3.57,35900,0
2018-01-08,3.52,3.65,3.36,3.40,15600,0
2018-01-09,3.40,3.51,3.33,3.38,23800,0
2018-01-10,3.46,3.50,3.25,3.28,75200,0
2018-01-11,3.32,3.99,3.29,3.98,158900,0
2018-01-12,4.00,4.27,3.70,3.70,117600,0
2018-01-16,3.79,4.26,3.70,3.91,127500,0
2018-01-17,3.86,4.03,3.78,3.82,37000,0
2018-01-18,3.88,4.05,3.70,4.04,47600,0
2018-01-19,4.18,4.81,4.10,4.65,101400,0
2018-01-22,4.81,4.92,4.42,4.69,56600,0
2018-01-23,4.60,4.75,4.41,4.43,44800,0
2018-01-24,4.30,4.52,3.96,4.31,21900,0
2018-01-25,4.36,4.55,4.32,4.46,17000,0
2018-01-26,4.50,4.68,4.41,4.50,10700,0
2018-01-29,4.50,4.50,4.10,4.10,20800,0
2018-01-30,4.10,4.12,3.91,4.00,11600,0
2018-01-31,4.01,4.48,4.00,4.35,30200,0
2018-02-01,4.38,4.55,4.25,4.39,7800,0
2018-02-02,4.30,4.39,4.25,4.26,36800,0
2018-02-05,4.25,4.37,4.20,4.37,16100,0
2018-02-06,4.10,4.25,3.90,4.25,50900,0
2018-02-07,4.24,4.24,4.05,4.05,34100,0
2018-02-08,4.17,4.52,4.09,4.30,80000,0
2018-02-09,4.36,4.44,4.13,4.42,23100,0
2018-02-12,4.21,4.39,4.19,4.39,5400,0
2018-02-13,4.22,4.83,4.22,4.62,19300,0
2018-02-14,4.79,4.79,4.25,4.34,56700,0
2018-02-15,4.32,4.33,4.13,4.21,18800,0
2018-02-16,4.26,4.26,4.12,4.13,17000,0
2018-02-20,4.13,4.19,3.95,4.11,47300,0
2018-02-21,4.10,4.51,4.09,4.49,22800,0
2018-02-22,4.51,4.94,4.40,4.70,90500,0
2018-02-23,4.92,4.92,4.55,4.55,30100,0
2018-02-26,4.59,4.64,4.40,4.43,90800,0
2018-02-27,4.43,4.53,4.02,4.29,104800,0
2018-02-28,4.48,4.65,4.10,4.50,41200,0
2018-03-01,4.11,4.49,4.10,4.21,33600,0
2018-03-02,4.15,4.39,4.15,4.31,13300,0
2018-03-05,4.24,5.19,4.24,4.70,47900,0
2018-03-06,4.85,6.29,4.63,5.60,230500,0
2018-03-07,5.07,5.90,4.79,5.34,176200,0
2018-03-08,4.50,4.82,4.45,4.70,973400,0
2018-03-09,4.66,4.80,4.65,4.75,144400,0
2018-03-12,4.75,4.98,4.75,4.85,178800,0
2018-03-13,4.85,5.00,4.80,4.88,195600,0
2018-03-14,4.85,4.85,4.66,4.68,210100,0
2018-03-15,4.68,4.81,4.51,4.62,177700,0
2018-03-16,4.60,4.78,4.60,4.68,60600,0
2018-03-19,4.70,4.74,4.53,4.57,77900,0
2018-03-20,4.60,4.94,4.55,4.70,134200,0
2018-03-21,4.74,4.88,4.68,4.71,73900,0
2018-03-22,4.71,4.82,4.52,4.73,97300,0
2018-03-23,4.74,4.78,4.55,4.64,69900,0
2018-03-26,4.65,4.70,4.55,4.60,65200,0
2018-03-27,4.56,4.66,4.50,4.55,40200,0
2018-03-28,4.57,4.64,4.50,4.57,31000,0
2018-03-29,4.51,4.51,4.30,4.39,68600,0
2018-04-02,4.41,4.41,3.83,4.02,75400,0
2018-04-03,3.85,4.00,3.78,3.96,68000,0
2018-04-04,3.80,4.44,3.80,4.20,66200,0
2018-04-05,4.24,4.35,4.07,4.35,28800,0
2018-04-06,4.45,4.45,4.16,4.30,23700,0
2018-04-09,4.25,4.30,3.83,4.00,19251,0