Date,Open,High,Low,Close,Volume,OpenInt
2017-08-02,18.25,18.95,16.05,16.35,5389708,0
2017-08-03,16.37,16.6326,15.63,16,618491,0
2017-08-04,16.01,16.2499,15.445,16.1,345150,0
2017-08-07,16,16.25,15.45,16,185348,0
2017-08-08,15.97,16.34,15.52,16.26,351498,0
2017-08-09,15.78,16.35,15.19,16.28,93381,0
2017-08-10,15.05,16.205,15.05,15.96,128007,0
2017-08-11,15.72,16.5,15.51,16.08,121477,0
2017-08-14,15.9,16.37,15.573,16,120021,0
2017-08-15,15.83,16.152,15.83,15.96,109577,0
2017-08-16,16.08,16.19,15.7689,16.06,51564,0
2017-08-17,15.65,16.18,15.65,15.75,47188,0
2017-08-18,15.73,16,15.185,15.71,169316,0
2017-08-21,16,16,15.54,15.89,84173,0
2017-08-22,15.99,16,15.4001,15.97,93231,0
2017-08-23,15.8696,15.92,15.56,15.65,67593,0
2017-08-24,15.55,16.01,15.45,15.89,32918,0
2017-08-25,15.85,16.4899,15.81,16.11,121219,0
2017-08-28,16.34,17.23,16.3,16.75,683122,0
2017-08-29,16.65,16.7818,16,16.1,233395,0
2017-08-30,16.25,16.44,15.79,16.01,137921,0
2017-08-31,16.6,16.7,16,16.33,94281,0
2017-09-01,16.54,17.24,15.88,17,132946,0
2017-09-05,17.12,17.33,16.67,17.06,67330,0
2017-09-06,17,17.22,16.16,16.55,176256,0
2017-09-07,16.45,16.455,15.91,16.05,75629,0
2017-09-08,16.13,16.29,15.76,15.99,141206,0
2017-09-11,16.21,16.25,15.88,16.05,64585,0
2017-09-12,15.98,17.09,15.92,17,71664,0
2017-09-13,16.83,17.1,16.18,16.29,68438,0
2017-09-14,16.19,16.36,15.865,16.18,161308,0
2017-09-15,16.03,16.565,15.8618,16.4,62493,0
2017-09-18,16.6542,16.73,16.1653,16.61,11441,0
2017-09-19,16.59,17.04,16.085,16.33,26873,0
2017-09-20,16.04,16.67,15.79,16.47,42579,0
2017-09-21,16.36,16.76,16.165,16.76,56109,0
2017-09-22,16.8,17.82,16.35,17.71,38327,0
2017-09-25,17.86,17.86,16,16.57,89118,0
2017-09-26,16.7,17.2,16.55,17.15,11036,0
2017-09-27,17.86,17.86,17.18,17.61,65413,0
2017-09-28,17.34,17.56,16.38,16.73,51985,0
2017-09-29,16.9,17.06,16.5,16.72,12806,0
2017-10-02,16.95,17.19,16.2,16.4,75690,0
2017-10-03,16.57,16.94,16.14,16.26,51806,0
2017-10-04,16.42,16.705,16.16,16.25,10257,0
2017-10-05,16.25,16.44,15.68,16.19,384221,0
2017-10-06,16.3,16.3,15.71,16,277985,0
2017-10-09,16.14,16.714,15.79,16.07,41697,0
2017-10-10,16.2,16.2,15.91,16.01,55888,0
2017-10-11,16.02,16.25,15.81,16.19,509419,0
2017-10-12,16.247,16.35,16,16.02,34355,0
2017-10-13,16,16.145,15.62,15.8,91497,0
2017-10-16,15.8,16.7577,15.62,16.03,194268,0
2017-10-17,15.91,16.28,15.65,16.17,112625,0
2017-10-18,16.04,16.4,15.85,16,13213,0
2017-10-19,16.25,16.357,15.7,16.06,50141,0
2017-10-20,16.2,16.4,15.8287,16.08,20470,0
2017-10-23,16.16,16.34,15.85,16,36746,0
2017-10-24,16.29,16.35,15.6924,16.34,35676,0
2017-10-25,16.1303,17.1644,16.05,16.15,34821,0
2017-10-26,16.09,16.2973,15.92,16,26419,0
2017-10-27,16.24,16.26,15.63,16.11,17010,0
2017-10-30,15.89,16.33,15.811,16.22,210199,0
2017-10-31,16.22,16.42,16.01,16.02,9923,0
2017-11-01,16.18,16.48,16.01,16.28,42016,0
2017-11-02,16.2,16.57,16.03,16.28,73831,0
2017-11-03,16.42,16.98,16.08,16.9,104372,0
2017-11-06,16.76,17.19,16.02,17.1,94198,0
2017-11-07,16.96,17.16,16.275,16.89,104747,0
2017-11-08,16.82,17.05,16.04,16.25,103225,0
2017-11-09,16.26,17.2,16.08,16.45,45366,0
2017-11-10,16.28,17,16.21,17,15524,0
2017-11-13,16.36,17.00,16.36,16.42,24700,0
2017-11-14,16.39,17.09,16.07,17.06,59900,0
2017-11-15,17.10,17.10,16.43,16.87,47500,0
2017-11-16,16.87,16.92,16.14,16.50,75300,0
2017-11-17,16.35,16.65,16.10,16.35,26200,0
2017-11-20,16.20,16.91,15.73,16.50,141900,0
2017-11-21,16.28,16.85,16.11,16.85,20300,0
2017-11-22,16.50,16.74,16.04,16.43,33900,0
2017-11-24,16.50,16.67,16.25,16.26,4000,0
2017-11-27,16.25,16.52,16.25,16.52,8500,0
2017-11-28,16.27,16.54,15.74,16.27,16600,0
2017-11-29,16.20,16.40,15.60,15.83,25500,0
2017-11-30,15.80,16.41,15.14,15.89,35700,0
2017-12-01,15.90,16.67,15.75,16.32,10000,0
2017-12-04,16.20,16.20,15.80,16.00,22700,0
2017-12-05,16.00,16.62,15.89,16.58,48500,0
2017-12-06,16.26,16.65,16.00,16.65,33400,0
2017-12-07,16.69,16.88,16.28,16.83,20600,0
2017-12-08,16.45,16.98,16.12,16.77,27700,0
2017-12-11,16.63,16.98,16.00,16.01,51500,0
2017-12-12,15.70,16.75,15.70,16.09,40000,0
2017-12-13,16.35,17.14,16.08,16.57,124300,0
2017-12-14,16.70,17.04,16.44,16.68,40700,0
2017-12-15,17.11,18.00,16.56,17.89,79600,0
2017-12-18,17.24,17.99,16.83,17.64,46700,0
2017-12-19,17.15,18.43,17.15,18.05,36300,0
2017-12-20,18.24,18.28,17.76,18.18,14800,0
2017-12-21,18.07,18.48,17.73,18.43,34600,0
2017-12-22,18.15,20.08,17.77,20.02,41700,0
2017-12-26,19.84,20.15,19.41,19.78,91700,0
2017-12-27,20.01,20.01,19.25,19.50,108200,0
2017-12-28,19.85,19.85,19.06,19.83,88400,0
2017-12-29,19.34,19.62,18.97,18.98,60300,0
2018-01-02,18.82,19.11,18.68,19.02,15100,0
2018-01-03,19.17,19.19,16.91,17.62,148000,0
2018-01-04,17.54,18.58,17.54,17.57,89600,0
2018-01-05,17.80,17.80,16.88,16.88,76400,0
2018-01-08,16.75,17.21,16.20,16.47,20500,0
2018-01-09,16.57,16.57,15.56,16.05,30900,0
2018-01-10,16.36,16.47,15.70,16.33,26500,0
2018-01-11,16.41,16.88,15.83,16.53,51300,0
2018-01-12,16.25,17.49,16.25,16.73,19400,0
2018-01-16,17.11,17.13,16.51,16.62,19700,0
2018-01-17,17.07,17.13,16.53,16.61,21500,0
2018-01-18,16.92,17.10,16.62,17.10,22800,0
2018-01-19,16.85,18.26,16.75,17.39,46700,0
2018-01-22,18.00,18.53,17.15,17.50,29100,0
2018-01-23,18.22,18.22,17.57,17.61,11200,0
2018-01-24,17.74,18.80,17.02,17.97,30600,0
2018-01-25,18.14,18.95,17.73,18.22,28200,0
2018-01-26,18.83,18.84,17.64,17.88,36700,0
2018-01-29,18.01,18.74,17.91,18.21,155700,0
2018-01-30,18.05,18.05,16.14,16.14,185400,0
2018-01-31,16.28,16.91,15.80,16.01,378200,0
2018-02-01,16.50,16.53,15.75,16.00,47300,0
2018-02-02,16.02,16.40,16.00,16.07,14300,0
2018-02-05,16.10,16.35,15.75,15.80,292000,0
2018-02-06,15.95,16.94,15.84,16.00,38700,0
2018-02-07,15.93,16.17,15.61,15.73,94000,0
2018-02-08,15.61,16.62,14.36,15.00,128800,0
2018-02-09,14.11,14.75,13.27,13.59,64400,0
2018-02-12,13.69,13.75,12.86,13.23,67700,0
2018-02-13,13.18,14.26,12.76,13.29,122300,0
2018-02-14,13.06,13.54,11.77,12.21,211100,0
2018-02-15,12.30,12.73,11.72,11.90,192400,0
2018-02-16,12.15,12.47,11.90,11.92,21100,0
2018-02-20,12.00,12.72,12.00,12.30,37100,0
2018-02-21,12.38,13.75,12.38,13.50,195600,0
2018-02-22,13.55,14.51,13.55,13.93,118700,0
2018-02-23,13.83,13.94,13.14,13.23,105400,0
2018-02-26,13.13,13.89,13.13,13.80,116000,0
2018-02-27,13.60,14.47,13.29,14.26,32800,0
2018-02-28,14.15,16.05,13.88,15.94,102600,0
2018-03-01,15.66,17.47,15.33,16.96,150700,0
2018-03-02,16.72,17.90,16.59,17.43,84900,0
2018-03-05,17.71,19.00,17.36,18.38,69100,0
2018-03-06,18.54,18.54,17.80,18.15,20200,0
2018-03-07,18.05,18.37,17.19,17.25,131900,0
2018-03-08,17.30,18.30,16.75,17.93,58200,0
2018-03-09,17.47,18.91,16.63,17.05,82200,0
2018-03-12,17.27,17.65,17.00,17.33,24400,0
2018-03-13,17.47,18.45,17.47,17.75,96700,0
2018-03-14,17.95,18.98,17.75,18.46,107400,0
2018-03-15,18.58,18.99,17.58,18.60,51400,0
2018-03-16,18.64,18.64,17.20,18.23,16800,0
2018-03-19,18.12,18.12,17.05,17.79,19500,0
2018-03-20,17.10,18.07,17.06,17.26,41300,0
2018-03-21,17.14,17.50,16.68,16.88,21900,0
2018-03-22,17.37,17.50,16.26,17.07,89400,0
2018-03-23,17.16,17.50,16.51,17.07,52800,0
2018-03-26,17.12,17.99,17.04,17.16,18200,0
2018-03-27,16.66,17.35,16.47,16.49,15500,0
2018-03-28,16.65,17.48,15.76,15.90,19900,0
2018-03-29,16.36,17.08,15.15,15.15,35900,0
2018-04-02,15.05,16.92,15.01,16.72,37700,0
2018-04-03,16.11,18.35,16.11,17.81,51700,0
2018-04-04,17.98,19.08,17.40,18.79,41200,0
2018-04-05,18.29,19.49,17.71,18.09,58500,0
2018-04-06,18.60,18.60,17.19,17.57,22700,0
2018-04-09,17.71,17.91,16.58,16.89,12946,0