Date,Open,High,Low,Close,Volume,OpenInt
2017-07-10,23.5299,23.53,23.4837,23.4837,3975,0
2017-07-12,23.776,23.776,23.776,23.776,100,0
2017-07-14,23.997,23.997,23.997,23.997,104,0
2017-07-17,23.9,23.9,23.9,23.9,950,0
2017-07-18,23.8999,23.8999,23.8999,23.8999,112,0
2017-07-24,23.72,23.72,23.72,23.72,100,0
2017-07-25,24.11,24.11,24.11,24.11,112,0
2017-07-31,24.64,24.64,24.64,24.64,813,0
2017-08-04,24.5799,24.5799,24.5799,24.5799,100,0
2017-08-11,24.46,24.46,24.46,24.46,100,0
2017-08-25,24.071,24.071,24.07,24.07,200,0
2017-09-13,26,26,26,26,260,0
2017-09-18,25.02,25.02,25.02,25.02,200,0
2017-09-20,25.36,25.4,25.35,25.4,15773,0
2017-09-22,25.3,25.3,25.3,25.3,222,0
2017-09-26,25.5532,25.5532,25.5404,25.5404,1400,0
2017-10-02,25.03,25.04,24.96,25.04,31003,0
2017-10-03,25.01,25.0336,24.98,25.0098,17781,0
2017-10-04,25.09,25.09,25.0832,25.09,635,0
2017-10-05,25.2168,25.2804,25.2132,25.26,12161,0
2017-10-12,25.1399,25.1399,25.1399,25.1399,787,0
2017-10-13,25.44,25.45,25.34,25.35,15500,0
2017-10-16,25.7499,25.75,25.7351,25.75,856,0
2017-10-17,25.59,25.65,25.51,25.51,8310,0
2017-10-18,25.57,25.57,25.52,25.52,854,0
2017-10-20,25.48,25.48,25.48,25.48,294,0
2017-10-24,25.5,25.7432,25.5,25.7432,897,0
2017-10-26,25.63,25.67,25.63,25.67,273,0
2017-10-27,26.08,26.08,26.08,26.08,100,0
2017-10-31,26.2699,26.2699,26.2699,26.2699,148,0
2017-11-01,26.23,26.23,26.23,26.23,100,0
2017-11-02,26.24,26.32,26.23,26.32,1500,0
2017-11-03,26.42,26.42,26.42,26.42,100,0
2017-11-06,26.86,27.2199,26.86,27.19,701,0
2017-11-07,27,27,27,27,100,0
2017-11-08,26.93,26.93,26.93,26.93,100,0
2017-11-09,27.09,27.09,27.09,27.09,100,0
2017-11-10,26.92,26.92,26.92,26.92,201,0
2017-11-13,26.92,26.92,26.92,26.92,-,0
2017-11-14,26.92,26.92,26.92,26.92,-,0
2017-11-15,26.92,26.92,26.92,26.92,-,0
2017-11-16,26.92,26.92,26.92,26.92,-,0
2017-11-17,26.46,26.46,26.46,26.46,700,0
2017-11-20,26.46,26.46,26.46,26.46,-,0
2017-11-21,26.46,26.46,26.46,26.46,-,0
2017-11-22,26.46,26.46,26.46,26.46,-,0
2017-11-24,27.00,27.05,27.00,27.01,1100,0
2017-11-27,26.94,26.96,26.94,26.96,27300,0
2017-11-28,26.96,26.96,26.96,26.96,-,0
2017-11-29,26.88,26.99,26.70,26.70,1200,0
2017-11-30,26.70,26.70,26.70,26.70,100,0
2017-12-01,27.10,27.10,26.92,26.93,1000,0
2017-12-04,26.93,26.93,26.93,26.93,-,0
2017-12-05,26.53,26.53,26.53,26.53,200,0
2017-12-06,26.38,26.38,26.38,26.38,100,0
2017-12-07,26.07,26.07,26.04,26.04,2400,0
2017-12-08,26.43,26.43,26.43,26.43,2300,0
2017-12-11,26.43,26.43,26.43,26.43,-,0
2017-12-12,26.60,26.60,26.36,26.39,1900,0
2017-12-13,26.39,26.39,26.39,26.39,-,0
2017-12-14,26.23,26.24,26.23,26.24,1000,0
2017-12-15,26.50,26.50,26.50,26.50,500,0
2017-12-18,26.52,26.52,26.40,26.43,4600,0
2017-12-19,26.55,26.55,26.55,26.55,600,0
2017-12-20,26.71,26.71,26.71,26.71,300,0
2017-12-21,26.71,26.71,26.71,26.71,-,0
2017-12-22,26.92,26.95,26.92,26.95,800,0
2017-12-26,32.29,32.29,27.11,27.11,500,0
2017-12-27,27.44,27.44,27.44,27.44,200,0
2017-12-28,27.62,27.62,27.62,27.62,100,0
2017-12-29,27.73,27.80,27.69,27.69,1700,0
2018-01-02,27.75,27.78,27.75,27.78,700,0
2018-01-03,28.01,28.01,28.01,28.01,200,0
2018-01-04,28.10,28.10,28.05,28.07,3200,0
2018-01-05,28.07,28.07,28.07,28.07,-,0
2018-01-08,27.85,27.88,27.83,27.88,500,0
2018-01-09,27.95,27.95,27.95,27.95,200,0
2018-01-10,28.24,28.31,28.22,28.28,13500,0
2018-01-11,28.50,28.53,28.38,28.38,8800,0
2018-01-12,28.36,28.55,28.32,28.55,3300,0
2018-01-16,28.43,28.45,28.28,28.36,4000,0
2018-01-17,28.36,28.47,28.36,28.47,2500,0
2018-01-18,28.42,28.49,28.34,28.46,1700,0
2018-01-19,28.37,28.37,28.29,28.29,4000,0
2018-01-22,28.30,28.30,28.30,28.30,400,0
2018-01-23,28.65,28.65,28.65,28.65,10000,0
2018-01-24,28.73,28.99,28.73,28.99,900,0
2018-01-25,29.21,29.21,28.85,28.85,2800,0
2018-01-26,29.05,29.21,29.05,29.15,30800,0
2018-01-29,29.01,29.04,28.88,28.96,12700,0
2018-01-30,28.81,28.81,28.59,28.70,4500,0
2018-01-31,28.64,28.73,28.55,28.73,3800,0
2018-02-01,28.88,29.03,28.83,29.03,83700,0
2018-02-02,28.75,28.75,28.58,28.70,8400,0
2018-02-05,28.59,28.59,28.26,28.29,5500,0
2018-02-06,28.30,28.30,28.19,28.21,2700,0
2018-02-07,28.20,28.20,27.54,27.54,6100,0
2018-02-08,27.61,27.61,27.49,27.49,2600,0
2018-02-09,27.11,27.21,26.64,26.82,8200,0
2018-02-12,27.04,27.07,26.94,26.94,1500,0
2018-02-13,26.85,26.98,26.85,26.98,1400,0
2018-02-14,27.13,27.32,27.13,27.32,1600,0
2018-02-15,27.32,27.52,27.15,27.52,23000,0
2018-02-16,27.50,27.70,27.50,27.70,1300,0
2018-02-20,27.70,27.70,27.70,27.70,-,0
2018-02-21,27.59,27.69,27.59,27.69,700,0
2018-02-22,27.69,27.69,27.69,27.69,-,0
2018-02-23,28.00,28.22,28.00,28.22,9400,0
2018-02-26,28.17,28.38,28.15,28.28,5900,0
2018-02-27,28.28,28.28,28.12,28.12,3000,0
2018-02-28,28.00,28.00,28.00,28.00,200,0
2018-03-01,27.47,27.65,27.47,27.65,1100,0
2018-03-02,27.65,27.65,27.65,27.65,-,0
2018-03-05,27.65,27.65,27.65,27.65,-,0
2018-03-06,27.96,27.96,27.96,27.96,300,0
2018-03-07,27.50,27.50,27.50,27.50,300,0
2018-03-08,27.50,27.50,27.50,27.50,-,0
2018-03-09,27.56,27.66,27.56,27.66,1000,0
2018-03-12,27.43,27.45,27.43,27.45,300,0
2018-03-13,27.44,27.44,27.44,27.44,400,0
2018-03-14,27.44,27.44,27.44,27.44,-,0
2018-03-15,27.53,27.54,27.50,27.50,1500,0
2018-03-16,27.50,27.50,27.50,27.50,-,0
2018-03-19,27.67,27.70,27.67,27.70,8200,0
2018-03-20,27.70,27.70,27.70,27.70,-,0
2018-03-21,28.21,28.39,28.21,28.39,900,0
2018-03-22,28.15,28.15,28.11,28.11,500,0
2018-03-23,28.11,28.11,28.11,28.11,-,0
2018-03-26,28.32,28.32,28.29,28.29,400,0
2018-03-27,28.28,28.28,28.15,28.15,2500,0
2018-03-28,28.15,28.15,28.15,28.15,-,0
2018-03-29,28.22,28.29,28.22,28.29,4300,0
2018-04-02,28.35,28.35,28.35,28.35,3900,0
2018-04-03,28.35,28.35,28.35,28.35,-,0
2018-04-04,27.87,27.87,27.87,27.87,300,0
2018-04-05,28.00,28.00,27.96,27.96,800,0
2018-04-06,27.96,27.96,27.96,27.96,-,0