Date,Open,High,Low,Close,Volume,OpenInt
2017-05-17,25.109,25.109,24.41,24.42,43364,0
2017-05-18,24.47,24.51,24.434,24.47,13457,0
2017-05-19,24.609,24.624,24.559,24.619,1251772,0
2017-05-22,24.729,24.739,24.714,24.739,10537,0
2017-05-23,24.729,24.866,24.729,24.859,11120,0
2017-05-24,24.919,24.929,24.829,24.829,10976,0
2017-05-25,24.959,24.959,24.739,24.849,10317,0
2017-05-26,24.709,24.828,24.709,24.819,11329,0
2017-05-30,24.759,24.759,24.66,24.666,17722,0
2017-05-31,25.558,25.558,24.5,24.639,13237,0
2017-06-01,24.799,25.06,24.789,25.042,57689,0
2017-06-02,25.218,25.492,25.189,25.318,21738,0
2017-06-05,26.167,26.167,25.099,25.099,17399,0
2017-06-06,24.949,25.062,24.909,24.979,35091,0
2017-06-07,24.974,25.039,24.919,24.979,16081,0
2017-06-08,25.032,25.524,25.032,25.446,83523,0
2017-06-09,25.568,25.788,25.568,25.648,33471,0
2017-06-12,25.758,25.908,25.585,25.588,39937,0
2017-06-13,25.708,25.938,25.708,25.748,24727,0
2017-06-14,25.978,25.978,25.518,25.578,22985,0
2017-06-15,25.578,25.668,25.388,25.438,14134,0
2017-06-16,25.288,25.368,25.178,25.278,49349,0
2017-06-19,25.357,25.448,25.357,25.448,13352,0
2017-06-20,25.288,25.328,25.159,25.193,1284529,0
2017-06-21,25.152,25.281,24.872,24.972,45543,0
2017-06-22,24.963,25.181,24.692,24.982,36183,0
2017-06-23,25.002,25.201,24.982,25.181,48579,0
2017-06-26,25.281,25.371,25.122,25.351,15378,0
2017-06-27,25.441,25.471,25.142,25.142,36739,0
2017-06-28,25.591,25.591,25.311,25.567,48691,0
2017-06-29,25.801,25.801,25.17,25.445,21523,0
2017-06-30,25.419,25.531,25.391,25.461,16052,0
2017-07-03,25.751,25.791,25.551,25.601,28679,0
2017-07-05,25.401,25.531,25.319,25.531,20771,0
2017-07-06,25.471,25.471,25.201,25.201,33669,0
2017-07-07,25.431,25.551,25.261,25.551,27265,0
2017-07-10,25.521,25.591,25.361,25.451,18937,0
2017-07-11,25.402,25.461,25.402,25.421,120902,0
2017-07-12,25.771,25.821,25.525,25.591,29140,0
2017-07-13,25.601,25.671,25.512,25.671,925125,0
2017-07-14,25.631,25.771,25.606,25.691,28211,0
2017-07-17,25.631,25.841,25.616,25.771,26752,0
2017-07-18,25.871,25.871,25.592,25.711,47938,0
2017-07-19,25.891,25.951,25.861,25.941,15432,0
2017-07-20,25.943,25.951,25.839,25.94,17517,0
2017-07-21,25.951,25.951,25.701,25.701,19946,0
2017-07-24,25.631,25.741,25.597,25.741,18800,0
2017-07-25,25.861,26.021,25.861,26.001,17458,0
2017-07-26,26.19,26.19,25.781,25.811,28957,0
2017-07-27,25.771,25.911,25.591,25.618,20922,0
2017-07-28,25.701,25.701,25.431,25.431,32107,0
2017-07-31,25.521,25.601,25.411,25.471,66831,0
2017-08-01,25.521,25.561,25.371,25.561,32064,0
2017-08-02,25.671,25.671,25.201,25.291,34342,0
2017-08-03,25.471,25.471,25.038,25.055,45601,0
2017-08-04,25.145,25.251,25.104,25.231,34402,0
2017-08-07,25.181,25.268,25.122,25.186,22950,0
2017-08-08,25.671,25.671,25.012,25.082,35491,0
2017-08-09,25.231,25.231,24.642,24.662,596169,0
2017-08-10,24.852,24.852,24.392,24.422,77198,0
2017-08-11,24.462,24.462,24.292,24.366,28097,0
2017-08-14,24.667,24.807,24.632,24.772,20850,0
2017-08-15,24.747,24.757,24.542,24.572,78363,0
2017-08-16,24.302,24.691,24.302,24.542,28319,0
2017-08-17,24.512,24.522,24.043,24.063,12933,0
2017-08-18,24.173,24.173,23.863,24.043,38913,0
2017-08-21,23.953,24.047,23.903,24.003,35527,0
2017-08-22,24.243,24.243,24.013,24.193,18868,0
2017-08-23,24.213,24.23,24.133,24.153,6000,0
2017-08-24,24.167,24.233,24.153,24.233,3749,0
2017-08-25,24.273,24.452,24.223,24.392,91450,0
2017-08-28,24.482,24.562,24.357,24.422,24216,0
2017-08-29,24.312,24.512,24.253,24.502,22829,0
2017-08-30,24.512,24.612,24.432,24.607,13059,0
2017-08-31,24.782,24.878,24.664,24.832,35209,0
2017-09-01,24.932,24.972,24.822,24.972,11957,0
2017-09-05,25.112,25.112,24.462,24.462,18529,0
2017-09-06,24.342,24.672,24.342,24.562,20155,0
2017-09-07,24.442,24.451,24.223,24.327,12119,0
2017-09-08,24.053,24.502,24.053,24.452,14988,0
2017-09-11,24.522,24.852,24.522,24.852,9407,0
2017-09-12,25.014,25.144,25.014,25.102,26533,0
2017-09-13,25.231,25.251,25.102,25.201,123820,0
2017-09-14,25.181,25.221,25.042,25.072,412682,0
2017-09-15,25.142,25.301,25.116,25.301,18768,0
2017-09-18,25.451,25.551,25.401,25.441,48868,0
2017-09-19,25.371,25.611,25.371,25.461,110750,0
2017-09-20,25.531,25.731,25.516,25.646,146372,0
2017-09-21,25.671,25.761,25.606,25.693,120881,0
2017-09-22,25.71,25.98,25.71,25.93,90130,0
2017-09-25,25.95,26.02,25.77,25.9634,69230,0
2017-09-26,26.11,26.3144,26.02,26.2,41093,0
2017-09-27,26.26,26.8499,26.26,26.66,144936,0
2017-09-28,26.96,26.96,26.6428,26.93,166465,0
2017-09-29,26.87,27.05,26.84,26.84,114253,0
2017-10-02,26.96,27.36,26.96,27.34,66840,0
2017-10-03,27.36,27.4299,27.27,27.34,75767,0
2017-10-04,27.42,27.44,27.2,27.2,52105,0
2017-10-05,27.42,27.46,27.27,27.35,93292,0
2017-10-06,27.36,27.41,27.3,27.35,69760,0
2017-10-09,27.41,27.41,27.24,27.2784,63700,0
2017-10-10,27.54,27.54,27.29,27.37,524540,0
2017-10-11,27.38,27.4999,27.37,27.44,206113,0
2017-10-12,27.65,27.65,27.36,27.51,107484,0
2017-10-13,27.57,27.63,27.47,27.49,79100,0
2017-10-16,27.73,27.73,27.46,27.51,50917,0
2017-10-17,27.54,27.599,27.372,27.41,33868,0
2017-10-18,27.48,27.72,27.43,27.59,44967,0
2017-10-19,27.52,27.61,27.3,27.61,70976,0
2017-10-20,27.55,27.81,27.55,27.72,52735,0
2017-10-23,27.63,27.7,27.5565,27.59,23183,0
2017-10-24,27.83,27.83,27.64,27.7,54841,0
2017-10-25,27.78,27.78,27.3745,27.62,33286,0
2017-10-26,27.56,27.8345,27.56,27.79,51858,0
2017-10-27,27.6983,27.96,27.6567,27.89,284781,0
2017-10-30,27.75,27.95,27.35,27.52,32260,0
2017-10-31,27.41,27.84,27.41,27.76,246318,0
2017-11-01,28.08,28.08,27.33,27.49,48200,0
2017-11-02,27.41,27.66,27.34,27.6,257023,0
2017-11-03,27.73,27.73,27.33,27.37,31516,0
2017-11-06,27.53,27.53,27.27,27.38,86774,0
2017-11-07,27.1807,27.2,26.921,26.99,737184,0
2017-11-08,26.86,27.0399,26.757,27.01,32575,0
2017-11-09,26.99,27.0603,26.75,27.02,31590,0
2017-11-10,27.2,27.2,26.97,27.02,31756,0
2017-11-15,26.9000,26.9800,26.7900,26.7900,182700,0
2017-11-16,27.0500,27.3800,27.0500,27.2600,47700,0
2017-11-17,27.3000,27.4800,27.1400,27.3880,39600,0
2017-11-20,27.5700,27.7300,27.4200,27.7300,134800,0
2017-11-21,27.9600,28.0700,27.8400,28.0100,48600,0
2017-11-22,28.0600,28.0900,27.8800,27.8800,28100,0
2017-11-24,27.8400,27.9580,27.8400,27.9100,4900,0
2017-11-27,28.0600,28.0600,27.7700,27.8300,142100,0
2017-11-28,27.8200,28.3400,27.8200,28.2600,161100,0
2017-11-29,28.4500,28.5850,28.3700,28.5000,77200,0
2017-11-30,28.5300,28.5600,28.2830,28.3400,142000,0
2017-12-01,28.4900,28.4900,27.3400,28.0900,33200,0
2017-12-04,28.1400,28.6720,28.1400,28.2200,99900,0
2017-12-05,28.4500,28.4500,27.9800,27.9900,110100,0
2017-12-06,28.1300,28.1300,27.7800,27.7900,33200,0
2017-12-07,27.9600,28.1000,27.7900,27.9500,95900,0
2017-12-08,28.1600,28.1600,27.7950,27.8000,41400,0
2017-12-11,27.6900,27.8900,27.6900,27.8500,15800,0
2017-12-12,27.8000,27.9500,27.7500,27.7800,113700,0
2017-12-13,27.7900,28.0700,27.7900,27.8500,44700,0
2017-12-14,28.0000,28.0000,27.4600,27.5400,1401500,0
2017-12-15,27.8500,28.3000,27.5800,28.1300,77700,0
2017-12-18,28.4500,28.6490,28.3400,28.5300,144800,0
2017-12-19,28.6900,28.6900,28.3000,28.3000,58200,0
2017-12-20,28.5600,28.5600,28.3300,28.4400,137300,0
2017-12-21,28.3300,28.6610,28.3300,28.5800,61200,0
2017-12-22,28.5900,28.5900,28.2780,28.3500,40200,0
2017-12-26,28.4900,28.4900,28.2500,28.3200,21200,0
2017-12-27,28.2500,28.3950,28.1900,28.2500,96300,0
2017-12-28,28.1200,28.3100,28.1200,28.3100,84000,0
2017-12-29,28.6300,28.6300,28.0500,28.0500,45800,0
2018-01-02,28.0200,28.3200,28.0200,28.2600,48800,0
2018-01-03,28.4100,28.4100,28.1000,28.3100,45500,0
2018-01-04,28.3600,28.4700,28.2400,28.4300,73000,0
2018-01-05,28.5600,28.5600,28.3600,28.5600,68300,0
2018-01-08,28.7600,28.7600,28.3300,28.6800,159700,0
2018-01-09,28.8000,28.8000,28.5200,28.5200,55600,0
2018-01-10,28.4000,28.6900,28.3800,28.5400,73500,0
2018-01-11,28.6000,29.1600,28.6000,29.1300,45600,0
2018-01-12,29.2600,29.4200,29.1100,29.2600,128900,0
2018-01-16,29.4800,29.5000,28.8950,28.9200,66800,0
2018-01-17,28.9400,29.3200,28.9400,29.3200,62400,0
2018-01-18,29.3400,29.3400,28.9860,29.0200,984900,0
2018-01-19,29.2300,29.4500,29.0570,29.4500,29300,0
2018-01-22,29.3900,29.3900,29.1990,29.3700,57200,0
2018-01-23,29.3800,29.4400,29.1380,29.3800,82100,0
2018-01-24,29.5800,29.5800,29.1160,29.2200,52000,0
2018-01-25,29.1100,29.3200,28.9900,29.1800,134400,0
2018-01-26,29.3300,29.3300,29.0620,29.2500,43500,0
2018-01-29,29.2300,29.2300,29.0000,29.0300,42100,0
2018-01-30,29.0000,29.0000,28.6350,28.7600,100600,0
2018-01-31,28.8300,28.9900,28.5000,28.5400,20800,0
2018-02-01,28.3200,28.6900,28.3200,28.6900,51600,0
2018-02-02,28.6700,28.6700,27.9410,28.0400,48500,0
2018-02-05,27.9300,27.9300,26.8900,26.9100,158200,0
2018-02-06,26.4500,27.3200,26.4500,27.2300,118900,0
2018-02-07,27.4000,27.4000,27.0500,27.3000,336600,0
2018-02-08,27.3400,27.5300,26.6820,26.7000,32200,0
2018-02-09,27.0300,27.0700,26.2280,26.9600,81300,0
2018-02-12,27.0900,27.1800,26.6600,26.9800,57700,0
2018-02-13,26.9400,27.2200,26.8400,27.2100,42100,0
2018-02-14,27.2100,27.7200,27.0600,27.6800,23500,0
2018-02-15,27.9600,27.9700,27.6900,27.9400,146700,0
2018-02-16,27.8200,28.2100,27.8200,28.0220,90100,0
2018-02-20,27.9100,28.1200,27.7800,27.8400,92300,0
2018-02-21,28.0000,28.3500,28.0000,28.0400,567300,0
2018-02-22,28.2300,28.2370,27.9000,27.9000,55600,0
2018-02-23,27.9000,28.1500,27.9000,28.1500,36100,0
2018-02-26,28.3300,28.3910,28.0800,28.3500,46100,0
2018-02-27,28.3900,28.5300,27.9100,27.9500,100000,0
2018-02-28,28.0500,28.0500,27.4200,27.4200,29100,0
2018-03-01,27.3700,27.6650,27.1630,27.4100,89900,0
2018-03-02,27.3200,27.8000,27.1000,27.8000,37800,0
2018-03-05,27.6900,28.0000,27.5100,27.8400,36600,0
2018-03-06,28.0300,28.2390,27.7900,28.2110,33500,0
2018-03-07,28.4000,28.5700,28.1700,28.5500,616300,0
2018-03-08,28.6700,28.6700,28.2700,28.3970,28900,0
2018-03-09,28.6700,28.9400,28.5490,28.9200,122700,0
2018-03-12,28.9800,29.0200,28.8200,28.9200,85200,0
2018-03-13,29.1400,29.1400,28.7100,28.7200,51500,0
2018-03-14,28.8500,28.8600,28.3900,28.4100,40800,0
2018-03-15,28.5150,28.5600,28.3200,28.3800,114800,0
2018-03-16,28.4100,28.7000,28.3740,28.6200,20700,0
2018-03-19,28.5100,28.5100,28.1170,28.4000,32800,0
2018-03-20,28.5900,28.5900,28.3100,28.3600,45200,0
2018-03-21,28.5100,28.6800,28.3600,28.5200,40400,0
2018-03-22,28.3800,28.3900,27.8000,27.8000,27800,0
2018-03-23,27.9400,27.9400,27.0700,27.0700,55800,0
2018-03-26,27.2200,27.6140,27.1360,27.5900,45300,0
2018-03-27,27.5500,27.6800,27.0400,27.1400,35600,0
2018-03-28,27.3700,27.3700,26.9880,27.1300,23000,0
2018-03-29,27.1700,27.5750,27.1700,27.2800,29000,0
2018-04-02,27.3400,27.3400,26.4010,26.5900,29000,0
2018-04-03,26.7300,27.0600,26.6400,27.0300,29300,0
2018-04-04,26.8300,27.4400,26.7700,27.3300,88100,0
2018-04-05,27.2800,27.6800,27.2800,27.6700,27600,0
2018-04-06,27.4900,27.6450,26.9150,27.1100,40900,0
2018-04-09,27.2100,27.3800,27.0900,27.2100,133281,0