Date,Open,High,Low,Close,Volume,OpenInt
2017-08-18,13,13.26,9.25,9.25,575851,0
2017-08-21,9.59,10.19,9.3,10.19,205253,0
2017-08-22,10.19,10.7399,10.0003,10.43,100937,0
2017-08-23,10.61,11.55,10.61,11.55,169150,0
2017-08-24,12.34,12.34,10.5,11.33,184354,0
2017-08-25,11.25,11.62,10.26,10.61,72740,0
2017-08-28,11.1,11.1,10,10.35,46678,0
2017-08-29,10.32,10.32,9.6,9.88,51285,0
2017-08-30,9.84,10.17,9.6,9.7,14396,0
2017-08-31,9.7,9.99,9.3704,9.57,30327,0
2017-09-01,9.48,9.92,9.48,9.74,29827,0
2017-09-05,9.9,9.9,8.6,8.7,110187,0
2017-09-06,8.75,9.12,8.01,8.4,114767,0
2017-09-07,8.59,8.59,7.7,7.7,87774,0
2017-09-08,7.95,8.12,7.71,7.99,39938,0
2017-09-11,8.22,8.26,7.81,8.11,41256,0
2017-09-12,8.05,8.0501,7.8,7.99,38591,0
2017-09-13,8,8,7.71,7.71,28618,0
2017-09-14,7.711,7.7887,7.035,7.23,135867,0
2017-09-15,7.24,7.4152,7.05,7.11,28921,0
2017-09-18,7.14,7.22,7,7.07,32771,0
2017-09-19,7.13,7.6,7.04,7.53,101791,0
2017-09-20,7.59,8.25,7.5534,8.25,70693,0
2017-09-21,8.5,8.6851,8.36,8.6,33875,0
2017-09-22,8.5,9.04,8.251,8.9,52561,0
2017-09-25,9.15,9.1947,8.26,8.67,72751,0
2017-09-26,8.67,8.67,7.65,7.99,77062,0
2017-09-27,8.22,8.25,7.22,7.28,61310,0
2017-09-28,7.2,7.51,6.79,7.14,75321,0
2017-09-29,7.15,7.2886,7,7.19,24115,0
2017-10-02,7.24,7.37,7.0185,7.16,33302,0
2017-10-03,7.35,7.53,7.16,7.41,41657,0
2017-10-04,7.48,7.58,7.25,7.25,20852,0
2017-10-05,7.39,7.47,7.2618,7.44,13458,0
2017-10-06,7.3,8.15,7.3,8.15,21641,0
2017-10-09,8.01,8.24,7.7,7.84,8163,0
2017-10-10,8.1,8.1,7.6547,7.78,8337,0
2017-10-11,7.6501,7.71,7.3,7.3,14215,0
2017-10-12,7.25,7.36,7.15,7.36,13752,0
2017-10-13,7.1599,7.53,7.1599,7.4219,12287,0
2017-10-16,7.3,7.98,7.3,7.445,15990,0
2017-10-17,7.3,7.9,7.01,7.11,84471,0
2017-10-18,7.32,7.38,7.01,7.08,42294,0
2017-10-19,7.15,7.33,7.06,7.15,22890,0
2017-10-20,7.0925,7.27,7.09,7.16,18249,0
2017-10-23,7.11,7.95,7.11,7.82,53567,0
2017-10-24,7.9,8.63,7.6038,8.25,67586,0
2017-10-25,8.3,8.59,7.2,7.35,79216,0
2017-10-26,7.62,7.777,7.3,7.41,22939,0
2017-10-27,7.48,7.5,7.36,7.49,15287,0
2017-10-30,7.514,7.95,7.5,7.68,26014,0
2017-10-31,7.6901,7.95,7.47,7.49,38160,0
2017-11-01,7.48,7.98,7.48,7.61,37730,0
2017-11-02,7.6,8.2,7.55,7.81,34817,0
2017-11-03,7.8,8.23,7.69,8.03,24123,0
2017-11-06,8.32,8.83,8.1,8.83,102234,0
2017-11-07,9,9.69,8.351,8.79,198938,0
2017-11-08,8.76,9.06,8.5197,8.71,82248,0
2017-11-09,8.63,8.7,8.3,8.62,57910,0
2017-11-10,8.3,8.73,8.3,8.32,78640,0
2017-11-13,8.30,9.20,8.28,8.91,68400,0
2017-11-14,8.92,8.92,8.30,8.44,52100,0
2017-11-15,8.40,8.76,8.27,8.57,68700,0
2017-11-16,8.57,8.57,8.20,8.30,42700,0
2017-11-17,8.26,8.48,8.26,8.47,9000,0
2017-11-20,8.30,8.40,8.10,8.25,55000,0
2017-11-21,8.17,8.40,8.17,8.35,11700,0
2017-11-22,8.35,8.39,8.25,8.35,7600,0
2017-11-24,8.35,8.40,8.15,8.16,9700,0
2017-11-27,8.21,8.53,8.20,8.39,27000,0
2017-11-28,8.37,8.45,8.20,8.25,37800,0
2017-11-29,8.24,8.30,8.00,8.18,40300,0
2017-11-30,8.18,8.40,8.01,8.01,51400,0
2017-12-01,8.18,8.34,8.00,8.11,64300,0
2017-12-04,8.18,8.48,8.10,8.11,68600,0
2017-12-05,8.32,8.33,8.05,8.16,33400,0
2017-12-06,8.26,8.40,8.05,8.17,37600,0
2017-12-07,8.25,8.25,8.07,8.13,42100,0
2017-12-08,8.13,8.13,8.00,8.10,43900,0
2017-12-11,8.12,9.49,8.12,9.48,238600,0
2017-12-12,9.48,9.75,9.10,9.24,60600,0
2017-12-13,9.35,10.60,9.32,10.51,181600,0
2017-12-14,10.50,10.84,10.12,10.48,208300,0
2017-12-15,10.22,11.15,10.22,10.81,391300,0
2017-12-18,10.63,10.80,10.44,10.61,31400,0
2017-12-19,10.32,10.49,9.49,9.59,71900,0
2017-12-20,9.31,9.77,9.31,9.50,16400,0
2017-12-21,9.44,10.04,9.23,9.61,40600,0
2017-12-22,9.70,9.76,9.60,9.63,9700,0
2017-12-26,9.71,10.00,9.60,9.61,10300,0
2017-12-27,9.80,9.99,9.35,9.37,17400,0
2017-12-28,9.50,9.50,9.15,9.42,11800,0
2017-12-29,9.32,9.49,8.89,9.00,77900,0
2018-01-02,9.00,9.12,9.00,9.06,19100,0
2018-01-03,9.05,9.06,8.92,9.05,11300,0
2018-01-04,8.90,9.00,8.80,9.00,6300,0
2018-01-05,8.98,9.22,8.93,9.22,19500,0
2018-01-08,9.24,9.43,9.05,9.42,37800,0
2018-01-09,9.42,10.18,9.42,9.91,68800,0
2018-01-10,9.80,10.88,9.80,10.40,80600,0
2018-01-11,10.43,10.43,9.80,10.01,29500,0
2018-01-12,10.30,10.53,9.90,10.13,33900,0
2018-01-16,10.63,10.68,10.11,10.50,42400,0
2018-01-17,10.59,10.85,10.42,10.70,14100,0
2018-01-18,10.69,10.69,10.16,10.53,6400,0
2018-01-19,10.50,10.50,10.36,10.36,4100,0
2018-01-22,10.79,10.89,10.54,10.59,65300,0
2018-01-23,10.82,10.85,9.80,10.14,88000,0
2018-01-24,10.21,10.21,9.90,10.13,13500,0
2018-01-25,10.13,10.13,9.30,9.82,68000,0
2018-01-26,9.84,9.89,9.52,9.85,4100,0
2018-01-29,9.70,9.93,9.70,9.88,9800,0
2018-01-30,9.59,9.74,9.27,9.44,19600,0
2018-01-31,9.45,9.81,9.21,9.36,11400,0
2018-02-01,9.37,9.37,9.25,9.31,14400,0
2018-02-02,9.30,9.38,9.00,9.28,7800,0
2018-02-05,9.11,9.99,9.00,9.00,8500,0
2018-02-06,9.23,9.82,8.90,9.39,56500,0
2018-02-07,9.45,9.45,8.75,8.77,60500,0
2018-02-08,8.87,9.07,8.50,8.83,29500,0
2018-02-09,8.70,9.03,8.50,8.70,10200,0
2018-02-12,8.50,8.56,7.83,8.36,46500,0
2018-02-13,8.17,8.39,8.01,8.22,34400,0
2018-02-14,8.00,8.31,7.30,7.84,100000,0
2018-02-15,7.90,8.00,7.51,7.52,29700,0
2018-02-16,7.56,7.79,7.09,7.58,30100,0
2018-02-20,7.74,7.74,7.10,7.34,67700,0
2018-02-21,7.40,8.22,7.40,8.00,161800,0
2018-02-22,8.10,8.38,7.85,7.95,37600,0
2018-02-23,7.93,8.00,7.85,7.99,47800,0
2018-02-26,8.04,8.19,7.62,7.99,40900,0
2018-02-27,8.17,8.18,7.78,7.98,23600,0
2018-02-28,7.80,8.00,7.51,7.80,20500,0
2018-03-01,7.74,7.87,7.74,7.79,6400,0
2018-03-02,7.66,8.41,7.66,8.35,9000,0
2018-03-05,7.82,8.28,7.70,7.97,10400,0
2018-03-06,8.14,8.22,7.94,7.94,9900,0
2018-03-07,8.16,8.40,8.06,8.09,6100,0
2018-03-08,8.00,8.26,7.82,7.98,41000,0
2018-03-09,8.11,8.15,7.30,7.81,27200,0
2018-03-12,7.90,7.90,7.05,7.52,77000,0
2018-03-13,7.59,7.96,7.56,7.83,63400,0
2018-03-14,7.77,7.83,7.25,7.26,45600,0
2018-03-15,7.25,7.40,6.82,6.91,66300,0
2018-03-16,7.12,7.95,6.85,7.95,136600,0
2018-03-19,7.71,7.80,7.47,7.68,7900,0
2018-03-20,7.77,7.80,7.71,7.74,11100,0
2018-03-21,7.65,8.21,7.61,7.75,23600,0
2018-03-22,7.63,7.83,7.54,7.56,18500,0
2018-03-23,7.49,7.49,7.07,7.12,3200,0
2018-03-26,7.75,7.80,7.01,7.35,17700,0
2018-03-27,7.25,7.64,7.10,7.33,45900,0
2018-03-28,7.51,7.88,6.81,7.02,82900,0
2018-03-29,7.15,7.20,6.92,7.12,85200,0
2018-04-02,7.13,7.32,6.67,7.02,48600,0
2018-04-03,7.29,7.31,6.78,6.96,21000,0
2018-04-04,7.20,7.20,6.85,6.85,11700,0
2018-04-05,6.99,7.20,6.74,7.00,50800,0
2018-04-06,6.98,7.11,6.26,6.73,51900,0
2018-04-09,6.96,6.85,6.72,6.78,7332,0