Date,Open,High,Low,Close,Volume,OpenInt
2017-01-20,24.686,24.686,24.627,24.686,777,0
2017-01-23,24.666,24.666,24.588,24.656,11777,0
2017-01-24,24.677,24.696,24.588,24.647,7978,0
2017-01-25,24.666,24.686,24.548,24.666,3860,0
2017-01-26,24.686,24.686,24.627,24.666,3201,0
2017-01-27,24.686,24.686,24.627,24.656,4482,0
2017-01-30,24.676,24.696,24.597,24.607,4486,0
2017-01-31,24.666,24.666,24.588,24.666,3312,0
2017-02-01,24.666,24.666,24.617,24.617,1701,0
2017-02-02,24.607,24.686,24.607,24.607,3424,0
2017-02-03,24.617,24.676,24.607,24.617,3549,0
2017-02-06,24.627,24.676,24.597,24.607,3299,0
2017-02-07,24.617,24.676,24.607,24.676,1222,0
2017-02-08,24.676,24.686,24.617,24.686,7522,0
2017-02-09,25.051,26.57,24.607,24.607,7035,0
2017-02-10,24.666,24.686,24.666,24.674,2124,0
2017-02-13,24.676,24.686,24.666,24.686,1985,0
2017-02-14,24.666,24.676,24.627,24.627,9819,0
2017-02-15,24.644,24.659,24.597,24.597,3707,0
2017-02-16,24.686,24.686,24.607,24.676,3110,0
2017-02-17,24.667,24.686,24.617,24.617,4397,0
2017-02-21,24.469,24.666,24.469,24.666,5041,0
2017-02-22,24.666,24.666,24.617,24.647,1349,0
2017-02-23,24.617,24.647,24.617,24.617,1577,0
2017-02-24,24.696,24.716,24.617,24.686,5740,0
2017-02-27,24.676,24.716,24.627,24.716,1552,0
2017-02-28,24.676,24.726,24.627,24.676,4269,0
2017-03-01,24.666,24.726,24.617,24.627,11494,0
2017-03-02,24.656,24.66,24.617,24.656,2918,0
2017-03-03,24.666,24.666,24.627,24.656,6514,0
2017-03-06,24.647,24.716,24.627,24.647,5485,0
2017-03-07,24.696,24.696,24.528,24.528,13385,0
2017-03-08,24.41,24.567,24.41,24.498,3518,0
2017-03-09,24.42,24.488,24.33,24.37,3714,0
2017-03-10,24.449,24.518,24.35,24.35,4646,0
2017-03-13,24.42,24.488,24.36,24.39,2458,0
2017-03-14,24.203,24.538,24.203,24.528,4618,0
2017-03-15,24.508,24.548,24.42,24.479,2530,0
2017-03-16,24.528,24.538,24.39,24.528,3040,0
2017-03-17,24.607,24.607,24.508,24.508,2442,0
2017-03-20,24.672,24.692,24.554,24.594,3352,0
2017-03-21,24.662,24.682,24.584,24.603,5109,0
2017-03-22,24.722,24.732,24.465,24.475,7645,0
2017-03-23,24.603,24.722,24.564,24.584,1721,0
2017-03-24,24.484,24.633,24.484,24.584,4999,0
2017-03-27,24.494,24.791,24.494,24.742,5422,0
2017-03-28,24.623,24.712,24.544,24.712,7756,0
2017-03-29,24.83,24.83,24.652,24.762,6348,0
2017-03-30,24.643,24.742,24.643,24.712,3859,0
2017-03-31,24.752,24.801,24.623,24.722,6480,0
2017-04-03,24.682,24.762,24.643,24.762,4991,0
2017-04-04,24.781,24.821,24.643,24.781,7141,0
2017-04-05,24.672,24.9,24.672,24.84,5497,0
2017-04-06,24.712,24.88,24.712,24.821,2509,0
2017-04-07,24.841,24.85,24.742,24.83,4002,0
2017-04-10,24.827,24.86,24.781,24.86,2558,0
2017-04-11,24.83,24.9,24.781,24.9,3408,0
2017-04-12,24.811,24.959,24.811,24.877,5579,0
2017-04-13,24.811,24.998,24.808,24.94,8040,0
2017-04-17,24.89,25.078,24.87,25.008,2493,0
2017-04-18,24.959,25.147,24.959,25.038,3423,0
2017-04-19,24.959,25.078,24.949,24.998,8423,0
2017-04-20,24.92,25.058,24.92,25.008,4527,0
2017-04-21,25.024,25.108,24.979,24.998,5760,0
2017-04-24,24.979,25.088,24.93,24.969,5509,0
2017-04-25,24.94,24.974,24.92,24.92,4002,0
2017-04-26,24.801,24.89,24.801,24.84,5762,0
2017-04-27,24.712,24.89,24.712,24.88,3666,0
2017-04-28,24.791,24.881,24.791,24.881,883,0
2017-05-01,24.786,24.786,24.675,24.786,2593,0
2017-05-02,24.768,24.932,24.752,24.801,4638,0
2017-05-03,24.902,24.902,24.692,24.722,7920,0
2017-05-04,24.851,24.951,24.851,24.87,3709,0
2017-05-05,24.881,24.91,24.791,24.91,2285,0
2017-05-08,24.951,24.951,24.791,24.85,1951,0
2017-05-09,24.798,24.893,24.798,24.808,801,0
2017-05-10,24.83,24.91,24.823,24.91,1870,0
2017-05-11,24.86,25.001,24.838,24.959,4399,0
2017-05-12,24.957,25.028,24.864,24.87,4115,0
2017-05-15,24.9,25.018,24.9,25.018,831,0
2017-05-16,24.93,25.07,24.93,25.07,3272,0
2017-05-17,24.86,25.246,24.86,25.246,6980,0
2017-05-18,25.176,25.209,25.157,25.194,2052,0
2017-05-19,25.176,25.241,25.147,25.176,4213,0
2017-05-22,24.998,25.227,24.998,25.186,1545,0
2017-05-23,25.229,25.278,25.186,25.194,1426,0
2017-05-24,25.226,25.284,25.226,25.236,3155,0
2017-05-25,25.236,25.236,25.236,25.236,138,0
2017-05-26,25.246,25.302,25.238,25.266,2111,0
2017-05-30,25.348,25.348,25.295,25.333,2295,0
2017-05-31,25.315,25.415,25.315,25.354,2358,0
2017-06-01,25.354,25.393,25.354,25.354,2214,0
2017-06-02,25.403,25.445,25.403,25.431,3087,0
2017-06-05,25.434,25.471,25.414,25.424,6659,0
2017-06-06,25.516,25.518,25.456,25.473,1722,0
2017-06-07,25.463,25.527,25.454,25.493,2512,0
2017-06-08,25.473,25.527,25.454,25.473,4019,0
2017-06-09,25.419,25.508,25.414,25.444,5415,0
2017-06-12,25.424,25.488,25.424,25.434,3328,0
2017-06-13,25.424,25.531,25.424,25.424,3823,0
2017-06-14,25.495,25.534,25.434,25.534,3685,0
2017-06-15,25.429,25.524,25.418,25.524,3932,0
2017-06-16,25.404,25.479,25.404,25.477,1354,0
2017-06-19,25.463,25.504,25.463,25.463,2927,0
2017-06-20,25.553,25.59,25.483,25.542,5108,0
2017-06-21,25.454,25.492,25.454,25.454,1880,0
2017-06-22,25.454,25.492,25.454,25.454,699,0
2017-06-23,25.513,25.513,25.456,25.463,2178,0
2017-06-26,25.505,25.505,25.463,25.463,1487,0
2017-06-27,25.454,25.463,25.454,25.454,3119,0
2017-06-28,25.444,25.513,25.444,25.444,1472,0
2017-06-29,25.444,25.444,25.255,25.275,11737,0
2017-06-30,25.344,25.344,25.255,25.265,7586,0
2017-07-03,25.145,25.288,25.145,25.288,1204,0
2017-07-05,25.175,25.27,25.175,25.215,1423,0
2017-07-06,25.225,25.225,25.135,25.175,1655,0
2017-07-07,25.225,25.231,25.187,25.231,670,0
2017-07-10,25.242,25.312,25.125,25.312,941,0
2017-07-11,25.304,25.314,25.155,25.223,2635,0
2017-07-12,25.195,25.245,25.155,25.245,1833,0
2017-07-13,25.225,25.333,25.207,25.294,3017,0
2017-07-14,25.286,25.374,25.245,25.268,2380,0
2017-07-17,25.263,25.33,25.245,25.33,3581,0
2017-07-18,25.253,25.444,25.253,25.444,4816,0
2017-07-19,25.356,25.483,25.265,25.483,5779,0
2017-07-20,25.535,25.535,25.294,25.41,2432,0
2017-07-21,25.603,25.603,25.332,25.603,2541,0
2017-07-24,25.593,25.623,25.483,25.512,1859,0
2017-07-25,25.354,25.354,25.354,25.354,589,0
2017-07-26,25.344,25.555,25.314,25.473,3396,0
2017-07-27,25.412,25.573,25.302,25.302,1282,0
2017-07-28,25.364,25.483,25.314,25.392,2286,0
2017-07-31,25.414,25.523,25.414,25.454,3104,0
2017-08-01,25.374,25.493,25.354,25.422,1510,0
2017-08-02,25.374,25.503,25.334,25.364,1160,0
2017-08-03,25.404,25.543,25.364,25.414,3258,0
2017-08-04,25.404,25.523,25.404,25.523,2115,0
2017-08-07,25.406,25.603,25.406,25.533,1726,0
2017-08-08,25.454,25.513,25.434,25.503,1704,0
2017-08-09,25.618,25.618,25.525,25.533,2140,0
2017-08-10,25.452,25.554,25.452,25.454,797,0
2017-08-11,25.463,25.583,25.432,25.583,2294,0
2017-08-14,25.662,25.662,25.588,25.608,4073,0
2017-08-15,25.603,25.603,25.444,25.513,4182,0
2017-08-16,25.444,25.573,25.414,25.573,2122,0
2017-08-17,25.444,25.603,25.444,25.543,1992,0
2017-08-18,25.652,25.652,25.412,25.533,2484,0
2017-08-21,25.444,25.563,25.42,25.563,5819,0
2017-08-22,25.543,25.553,25.412,25.553,3887,0
2017-08-23,25.473,25.603,25.442,25.603,5423,0
2017-08-24,25.444,25.593,25.422,25.583,3309,0
2017-08-25,25.558,25.603,25.444,25.563,7982,0
2017-08-28,25.673,25.673,25.437,25.585,2904,0
2017-08-29,25.656,25.656,25.642,25.642,659,0
2017-08-30,25.436,25.642,25.436,25.633,2779,0
2017-08-31,25.523,25.652,25.523,25.652,2931,0
2017-09-01,25.523,25.683,25.499,25.573,2220,0
2017-09-05,25.626,25.729,25.533,25.712,6469,0
2017-09-06,25.553,25.722,25.455,25.455,3848,0
2017-09-07,25.731,25.782,25.593,25.782,4466,0
2017-09-08,25.722,25.732,25.493,25.732,10888,0
2017-09-11,25.672,25.734,25.434,25.682,9001,0
2017-09-12,25.662,25.662,25.642,25.657,2666,0
2017-09-13,25.513,25.652,25.444,25.633,8888,0
2017-09-14,25.931,25.931,25.473,25.652,8962,0
2017-09-15,25.572,25.572,25.416,25.416,1236,0
2017-09-18,25.483,25.613,25.404,25.573,6691,0
2017-09-19,25.575,25.68,25.503,25.585,3470,0
2017-09-20,25.73,25.74,25.55,25.55,1914,0
2017-09-21,25.58,25.625,25.5601,25.5601,2751,0
2017-09-22,25.55,25.6,25.42,25.59,4754,0
2017-09-25,25.51,25.63,25.5,25.6053,2528,0
2017-09-26,25.44,25.6,25.38,25.5195,1570,0
2017-09-27,25.5979,25.5979,25.512,25.512,3070,0
2017-09-28,25.38,25.49,25.38,25.49,770,0
2017-09-29,25.34,25.52,25.29,25.51,9638,0
2017-10-02,25.51,25.6169,25.32,25.6169,2346,0
2017-10-03,25.35,25.66,25.35,25.66,3249,0
2017-10-04,25.5,25.5656,25.4,25.5656,2481,0
2017-10-05,25.38,25.46,25.33,25.33,2650,0
2017-10-06,25.4599,25.5493,25.4,25.47,3034,0
2017-10-09,25.47,25.6081,25.47,25.52,1131,0
2017-10-10,25.47,25.6011,25.47,25.6011,1976,0
2017-10-11,25.55,25.6632,25.55,25.6,2585,0
2017-10-12,25.6,25.6,25.6,25.6,1440,0
2017-10-13,25.61,25.7269,25.605,25.7269,2535,0
2017-10-16,25.6551,25.6807,25.6,25.66,2015,0
2017-10-17,25.64,25.7667,25.608,25.7667,2590,0
2017-10-18,25.74,25.8172,25.74,25.795,2239,0
2017-10-19,25.79,25.93,25.7,25.79,10731,0
2017-10-20,25.6937,25.7263,25.64,25.72,1717,0
2017-10-23,25.6512,25.86,25.63,25.73,3941,0
2017-10-24,25.6741,25.728,25.606,25.728,1610,0
2017-10-25,25.728,25.7463,25.62,25.7142,8598,0
2017-10-26,25.67,25.6744,25.6,25.62,3304,0
2017-10-27,25.61,25.72,25.455,25.61,4882,0
2017-10-30,25.72,25.76,25.72,25.7238,1984,0
2017-10-31,25.35,25.5737,25.35,25.5737,3158,0
2017-11-01,25.55,25.6584,25.55,25.55,1889,0
2017-11-02,25.565,25.6516,25.55,25.56,2955,0
2017-11-03,25.5501,25.6032,25.5501,25.6032,1933,0
2017-11-06,25.58,25.6778,25.555,25.6778,1868,0
2017-11-07,25.55,25.6836,25.55,25.68,3210,0
2017-11-08,25.64,25.74,25.555,25.555,4608,0
2017-11-09,25.62,25.8969,25.5901,25.64,4813,0
2017-11-10,25.6996,25.7078,25.55,25.7078,4228,0
2017-11-15,25.68,25.68,25.59,25.65,1600,0
2017-11-16,25.59,25.66,25.57,25.65,3400,0
2017-11-17,25.59,25.83,25.58,25.63,9500,0
2017-11-20,25.59,25.67,25.59,25.64,2300,0
2017-11-21,25.59,25.64,25.58,25.58,4000,0
2017-11-22,25.70,25.80,25.70,25.80,3700,0
2017-11-24,25.91,25.91,25.57,25.57,2100,0
2017-11-27,25.57,25.61,25.57,25.61,1100,0
2017-11-28,25.57,25.62,25.32,25.33,2300,0
2017-11-29,25.35,25.41,25.33,25.40,3500,0
2017-11-30,25.36,25.51,25.36,25.49,11000,0
2017-12-01,25.48,25.60,25.41,25.55,2700,0
2017-12-04,25.69,25.69,25.61,25.61,700,0
2017-12-05,25.69,25.72,25.63,25.72,2900,0
2017-12-06,25.95,25.95,25.62,25.76,3300,0
2017-12-07,25.87,25.88,25.72,25.83,2200,0
2017-12-08,25.75,25.86,25.70,25.70,2400,0
2017-12-11,25.66,25.76,25.65,25.65,3600,0
2017-12-12,25.60,25.79,25.60,25.66,5300,0
2017-12-13,25.67,25.79,25.66,25.74,17100,0
2017-12-14,25.69,25.90,25.67,25.78,5300,0
2017-12-15,25.92,25.92,25.66,25.78,2600,0
2017-12-18,25.92,25.92,25.71,25.77,2400,0
2017-12-19,25.68,25.68,25.65,25.66,1200,0
2017-12-20,25.35,25.38,25.17,25.17,6000,0
2017-12-21,25.15,25.36,24.99,25.34,12700,0
2017-12-22,25.40,25.42,25.40,25.42,700,0
2017-12-26,25.40,25.41,25.40,25.40,1600,0
2017-12-27,25.42,25.49,25.40,25.40,1100,0
2017-12-28,25.42,25.53,25.41,25.47,2300,0
2017-12-29,25.43,25.64,25.43,25.48,2000,0
2018-01-02,25.42,25.47,25.40,25.42,2900,0
2018-01-03,25.55,25.55,25.43,25.47,1400,0
2018-01-04,25.51,25.56,25.40,25.40,3200,0
2018-01-05,25.40,25.51,25.40,25.43,6100,0
2018-01-08,25.45,25.45,25.45,25.45,500,0
2018-01-09,25.44,25.44,25.40,25.41,1400,0
2018-01-10,25.40,25.40,25.27,25.33,1400,0
2018-01-11,25.23,25.32,25.23,25.32,1500,0
2018-01-12,25.51,25.51,25.32,25.32,2000,0
2018-01-16,25.33,25.45,25.32,25.45,4000,0
2018-01-17,25.33,25.37,25.33,25.33,1400,0
2018-01-18,25.32,25.47,25.32,25.32,3100,0
2018-01-19,25.41,25.41,25.32,25.35,1600,0
2018-01-22,25.33,25.41,25.32,25.32,4400,0
2018-01-23,25.33,25.40,25.33,25.40,1700,0
2018-01-24,25.40,25.40,25.20,25.20,1000,0
2018-01-25,25.63,25.63,25.16,25.27,1800,0
2018-01-26,25.16,25.26,25.12,25.26,2800,0
2018-01-29,25.12,25.20,25.07,25.17,3200,0
2018-01-30,25.18,25.29,25.07,25.11,4100,0
2018-01-31,25.07,25.24,25.02,25.03,4200,0
2018-02-01,25.03,25.07,25.02,25.03,1500,0
2018-02-02,24.97,25.02,24.97,24.97,4700,0
2018-02-05,24.96,25.03,24.96,25.03,600,0
2018-02-06,24.96,25.08,24.96,24.97,1300,0
2018-02-07,25.03,25.03,24.98,24.98,600,0
2018-02-08,24.99,24.99,24.97,24.97,700,0
2018-02-09,25.12,25.12,24.99,24.99,3400,0
2018-02-12,25.15,25.15,24.97,24.97,3600,0
2018-02-13,25.07,25.09,24.97,24.97,2200,0
2018-02-14,24.97,25.03,24.96,24.97,3000,0
2018-02-15,24.96,25.08,24.96,24.96,2000,0
2018-02-16,24.97,25.08,24.96,25.08,3000,0
2018-02-20,25.00,25.04,24.96,25.04,4700,0
2018-02-21,24.96,24.97,24.96,24.96,2200,0
2018-02-22,24.94,24.94,24.94,24.94,500,0
2018-02-23,24.94,25.07,24.94,24.98,1400,0
2018-02-26,24.95,24.96,24.95,24.96,800,0
2018-02-27,24.92,24.98,24.91,24.91,2100,0
2018-02-28,24.92,25.03,24.92,24.96,3700,0
2018-03-01,24.94,25.07,24.94,24.97,1300,0
2018-03-02,24.93,24.99,24.93,24.94,1800,0
2018-03-05,24.94,25.00,24.92,24.94,3600,0
2018-03-06,24.92,24.95,24.92,24.95,700,0
2018-03-07,25.03,25.03,24.97,24.97,1700,0
2018-03-08,24.98,25.11,24.98,25.11,3300,0
2018-03-09,24.98,25.10,24.98,24.98,1700,0
2018-03-12,25.08,25.10,25.08,25.08,800,0
2018-03-13,24.99,25.10,24.99,24.99,1500,0
2018-03-14,24.99,25.08,24.99,25.07,2000,0
2018-03-15,25.08,25.08,24.99,25.00,1300,0
2018-03-16,25.09,25.09,24.85,24.85,900,0
2018-03-19,25.00,25.06,24.93,25.00,2000,0
2018-03-20,24.78,24.78,24.78,24.78,500,0
2018-03-21,24.57,24.64,24.57,24.64,1000,0
2018-03-22,24.86,24.86,24.63,24.63,1500,0
2018-03-23,24.82,24.82,24.63,24.75,1200,0
2018-03-26,24.65,24.74,24.60,24.67,2100,0
2018-03-27,24.67,24.86,24.67,24.81,2900,0
2018-03-28,24.78,24.88,24.67,24.67,2200,0
2018-03-29,24.70,24.84,24.69,24.72,2200,0
2018-04-02,24.70,24.73,24.69,24.72,1600,0
2018-04-03,24.66,24.86,24.65,24.65,3300,0
2018-04-04,24.70,24.74,24.67,24.74,1800,0
2018-04-05,24.64,24.74,24.63,24.74,1300,0
2018-04-06,24.70,24.94,24.70,24.71,1500,0
2018-04-09,24.62,24.84,24.62,24.65,715,0