Date,Open,High,Low,Close,Volume,OpenInt
2017-08-17,25.29,25.32,25.29,25.32,200,0
2017-08-18,25.54,25.65,25.5399,25.6,2149,0
2017-08-22,25.5,25.5,25.5,25.5,122,0
2017-08-23,25.85,25.92,25.84,25.85,1468,0
2017-08-24,25.75,25.83,25.75,25.83,500,0
2017-08-25,25.7,25.7,25.7,25.7,100,0
2017-09-01,25.8,25.8,25.8,25.8,100,0
2017-09-05,26.34,26.34,26.34,26.34,40606,0
2017-09-06,26,26,26,26,200,0
2017-09-11,26.34,26.34,26.34,26.34,1000,0
2017-09-12,25.87,25.87,25.87,25.87,200,0
2017-09-14,25.277,25.2792,25.277,25.2792,201,0
2017-09-20,24.9899,24.9899,24.9899,24.9899,102,0
2017-09-22,24.1499,24.1499,24.1499,24.1499,500,0
2017-09-26,24.19,24.19,24.19,24.19,102,0
2017-09-27,24.15,24.15,24.15,24.15,100,0
2017-09-28,24.3799,24.3999,24.3799,24.3999,503,0
2017-10-03,24.05,24.05,24.05,24.05,101,0
2017-10-04,23.84,23.89,23.84,23.85,503,0
2017-11-06,23.21,23.2399,23.21,23.2399,700,0
2017-11-07,23.14,23.1404,23.07,23.0892,700,0
2017-11-10,22.94,23.07,22.94,22.97,447,0
2017-11-10,22.940,23.070,22.940,22.970,400,0
2017-11-13,22.970,22.970,22.970,22.970,-,0
2017-11-14,22.970,22.970,22.970,22.970,-,0
2017-11-15,22.980,23.090,22.890,23.090,9500,0
2017-11-16,23.090,23.090,23.090,23.090,-,0
2017-11-17,23.090,23.090,23.090,23.090,-,0
2017-11-20,23.090,23.090,23.090,23.090,-,0
2017-11-21,23.090,23.090,23.090,23.090,-,0
2017-11-22,23.090,23.090,23.090,23.090,-,0
2017-11-24,23.090,23.090,23.090,23.090,100,0
2017-11-27,23.090,23.090,23.090,23.090,-,0
2017-11-28,23.090,23.090,23.090,23.090,-,0
2017-11-29,23.090,23.090,23.090,23.090,-,0
2017-11-30,23.090,23.090,23.090,23.090,100,0
2017-12-01,22.150,22.150,22.150,22.150,39600,0
2017-12-04,22.120,22.129,22.120,22.129,300,0
2017-12-05,21.990,21.990,21.990,21.990,400,0
2017-12-06,22.050,22.050,22.050,22.050,400,0
2017-12-07,22.050,22.050,22.050,22.050,-,0
2017-12-08,22.050,22.050,22.050,22.050,-,0
2017-12-11,22.050,22.050,22.050,22.050,-,0
2017-12-12,22.050,22.050,22.050,22.050,-,0
2017-12-13,22.050,22.050,22.050,22.050,-,0
2017-12-14,22.050,22.050,22.050,22.050,-,0
2017-12-15,22.050,22.050,22.050,22.050,-,0
2017-12-18,22.050,22.050,22.050,22.050,-,0
2017-12-19,22.050,22.050,22.050,22.050,-,0
2017-12-20,22.050,22.050,22.050,22.050,-,0
2017-12-21,22.050,22.050,22.050,22.050,-,0
2017-12-22,21.520,21.520,21.520,21.520,300,0
2017-12-26,21.520,21.520,21.520,21.520,-,0
2017-12-27,21.548,21.548,21.195,21.195,500,0
2017-12-28,21.195,21.195,21.195,21.195,-,0
2017-12-29,21.195,21.195,21.195,21.195,-,0
2018-01-02,21.195,21.195,21.195,21.195,-,0
2018-01-03,21.195,21.195,21.195,21.195,-,0
2018-01-04,21.195,21.195,21.195,21.195,-,0
2018-01-05,21.195,21.195,21.195,21.195,-,0
2018-01-08,21.195,21.195,21.195,21.195,-,0
2018-01-09,21.195,21.195,21.195,21.195,-,0
2018-01-10,21.195,21.195,21.195,21.195,-,0
2018-01-11,21.195,21.195,21.195,21.195,-,0
2018-01-12,21.195,21.195,21.195,21.195,-,0
2018-01-16,21.195,21.195,21.195,21.195,-,0
2018-01-17,21.195,21.195,21.195,21.195,-,0
2018-01-18,20.195,20.195,20.195,20.195,200,0
2018-01-19,20.195,20.195,20.195,20.195,-,0
2018-01-22,20.195,20.195,20.195,20.195,-,0
2018-01-23,20.195,20.195,20.195,20.195,-,0
2018-01-24,20.195,20.195,20.195,20.195,-,0
2018-01-25,20.195,20.195,20.195,20.195,-,0
2018-01-26,19.830,19.830,19.820,19.820,700,0
2018-01-29,19.820,19.820,19.820,19.820,-,0
2018-01-30,19.820,19.820,19.820,19.820,-,0
2018-01-31,19.820,19.820,19.820,19.820,-,0
2018-02-01,19.820,19.820,19.820,19.820,-,0
2018-02-02,19.227,19.227,19.227,19.227,300,0
2018-02-05,19.560,19.560,19.560,19.560,2700,0
2018-02-06,19.560,19.560,19.560,19.560,-,0
2018-02-07,19.560,19.560,19.560,19.560,-,0
2018-02-08,19.560,19.560,19.560,19.560,-,0
2018-02-09,19.370,19.390,19.340,19.370,21200,0
2018-02-12,19.370,19.370,19.370,19.370,-,0
2018-02-13,19.370,19.370,19.370,19.370,-,0
2018-02-14,19.370,19.370,19.370,19.370,-,0
2018-02-15,19.370,19.370,19.370,19.370,-,0
2018-02-16,19.370,19.370,19.370,19.370,-,0
2018-02-20,19.370,19.370,19.370,19.370,-,0
2018-02-21,19.370,19.370,19.370,19.370,-,0
2018-02-22,19.370,19.370,19.370,19.370,-,0
2018-02-23,19.370,19.370,19.370,19.370,-,0
2018-02-26,19.370,19.370,19.370,19.370,-,0
2018-02-27,19.370,19.370,19.370,19.370,-,0
2018-02-28,19.370,19.370,19.370,19.370,-,0
2018-03-01,19.370,19.370,19.370,19.370,-,0
2018-03-02,19.370,19.370,19.370,19.370,-,0
2018-03-05,19.370,19.370,19.370,19.370,-,0
2018-03-06,19.370,19.370,19.370,19.370,-,0
2018-03-07,19.370,19.370,19.370,19.370,-,0
2018-03-08,19.370,19.370,19.370,19.370,-,0
2018-03-09,19.370,19.370,19.370,19.370,-,0
2018-03-12,19.370,19.370,19.370,19.370,-,0
2018-03-13,19.370,19.370,19.370,19.370,-,0
2018-03-14,19.370,19.370,19.370,19.370,-,0
2018-03-15,19.370,19.370,19.370,19.370,-,0
2018-03-16,19.370,19.370,19.370,19.370,-,0
2018-03-19,17.855,17.855,17.855,17.855,200,0
2018-03-20,17.855,17.855,17.855,17.855,-,0
2018-03-21,17.750,17.750,17.750,17.750,1000,0
2018-03-22,18.090,18.290,18.033,18.173,1600,0
2018-03-23,18.310,18.310,18.310,18.310,100,0
2018-03-26,18.310,18.310,18.310,18.310,-,0
2018-03-27,18.530,18.760,18.530,18.760,200,0
2018-03-28,18.780,18.780,18.267,18.267,800,0
2018-03-29,18.630,18.630,18.170,18.292,1000,0
2018-04-02,18.292,18.292,18.292,18.292,-,0
2018-04-03,18.292,18.292,18.292,18.292,-,0
2018-04-04,18.292,18.292,18.292,18.292,-,0
2018-04-05,18.292,18.292,18.292,18.292,-,0
2018-04-06,18.292,18.292,18.292,18.292,-,0