Date,Open,High,Low,Close,Volume,OpenInt
2017-06-29,19.25,20.8,18.185,19.81,2054777,0
2017-06-30,20.2,22.4,19.54,22.29,423265,0
2017-07-03,22.7,23.4999,22.51,23.33,195421,0
2017-07-05,23.52,23.6703,22.078,22.57,142444,0
2017-07-06,22.74,23.71,22.01,23.32,264343,0
2017-07-07,23.4,25.25,22.98,25.17,112807,0
2017-07-10,24.96,28.59,24.8673,27.45,184575,0
2017-07-11,27.37,27.82,25.9,26.81,122253,0
2017-07-12,26.5,26.5,25.101,25.4,126065,0
2017-07-13,25.61,26.2519,22.81,24.99,160931,0
2017-07-14,25,25.25,24,24.03,99901,0
2017-07-17,24.37,25.7,23.02,23.9,107758,0
2017-07-18,24.17,24.75,23.5665,24,122639,0
2017-07-19,24.27,24.5764,22.5,23.07,210200,0
2017-07-20,22.81,23.49,21.7,22.77,150679,0
2017-07-21,22.95,22.95,21.95,22.75,138727,0
2017-07-24,22.43,23.011,21.7,22.27,154433,0
2017-07-25,22.1,22.97,20.26,21.35,195582,0
2017-07-26,21.26,21.26,20.05,20.05,254695,0
2017-07-27,19.84,20.815,19.25,19.87,249369,0
2017-07-28,19.77,20.49,19.05,19.5,274006,0
2017-07-31,19.41,19.8028,18.1,18.5,200929,0
2017-08-01,18.56,19.39,16.98,18.27,210768,0
2017-08-02,18.15,18.65,17.1,18.5,127681,0
2017-08-03,18.57,20.2,18.57,20,152366,0
2017-08-04,20.03,20.75,19.5,19.91,213501,0
2017-08-07,19.97,20.49,18.13,18.58,88661,0
2017-08-08,18.55,19,18.08,18.35,124038,0
2017-08-09,18.24,20.22,18.2,18.55,119793,0
2017-08-10,18.74,18.864,17.55,18.2,96154,0
2017-08-11,18.14,18.3928,17.92,18.25,66318,0
2017-08-14,18.68,21.81,18.57,21.81,272165,0
2017-08-15,21.57,27.18,20.51,26.61,205148,0
2017-08-16,26.41,27.5,23.3,26.21,206962,0
2017-08-17,24.22,26.2,24,25.63,89508,0
2017-08-18,26.14,26.82,24.7011,25.65,84452,0
2017-08-21,26.25,27.83,25.1975,26.33,116334,0
2017-08-22,26.74,27.1894,25.2415,25.72,96096,0
2017-08-23,25.61,26.89,25.0375,25.77,81609,0
2017-08-24,26.16,26.268,24.75,25.32,163478,0
2017-08-25,25.2,26.348,23.5,24.89,126098,0
2017-08-28,24.77,25.3,23.9067,24.98,64138,0
2017-08-29,25,25.94,24.18,24.94,92579,0
2017-08-30,25.22,26,24.001,24.74,95004,0
2017-08-31,24.5,26.0092,24.3468,24.7,116624,0
2017-09-01,24.45,25.38,23.2001,24.7,116740,0
2017-09-05,25.73,28.2435,23.9169,26.04,193312,0
2017-09-06,26.24,26.88,25.3,26.21,83494,0
2017-09-07,26.1,27.675,25.72,26.64,88520,0
2017-09-08,26.43,27.5,26.41,26.95,71551,0
2017-09-11,27.64,27.93,26.17,26.81,83087,0
2017-09-12,26.8,27.42,26.41,26.74,101382,0
2017-09-13,26.57,27.3724,25.4,26.24,119903,0
2017-09-14,26.5,27.47,25.5,26.5,76338,0
2017-09-15,26.49,27.55,26.12,26.38,601529,0
2017-09-18,26.35,27.1878,24.85,26.16,107747,0
2017-09-19,26.35,26.96,25.17,25.83,117789,0
2017-09-20,26.5216,26.74,25.01,25.61,115711,0
2017-09-21,25.42,26.27,25.1,25.37,82099,0
2017-09-22,25.63,26,24,24.54,257078,0
2017-09-25,24.4,25.3002,21.825,22.45,170860,0
2017-09-26,23.8,24.45,23.19,24.04,148208,0
2017-09-27,24.19,24.78,23.56,24.47,126695,0
2017-09-28,24.67,25,24.04,24.46,84634,0
2017-09-29,24.5,24.8,23.91,24.28,108929,0
2017-10-02,24.48,26,24.03,25.57,85256,0
2017-10-03,25.91,26.0083,25.13,25.48,92915,0
2017-10-04,25.68,26.5,25.0003,26.04,73379,0
2017-10-05,26.29,26.72,25.8675,26.63,58816,0
2017-10-06,26.6,27.93,26.6,27.69,33214,0
2017-10-09,27.9869,29.99,27.96,28.27,81596,0
2017-10-10,28,29.16,27.295,27.63,102782,0
2017-10-11,28.06,29.37,27.69,27.81,83303,0
2017-10-12,28.27,28.79,27.56,27.99,31575,0
2017-10-13,28.17,29.37,28.05,28.46,78345,0
2017-10-16,29,29.26,28.2286,28.46,104059,0
2017-10-17,28.17,28.71,27.51,27.81,69598,0
2017-10-18,27.41,28.25,27,27.47,59879,0
2017-10-19,27.39,27.5,26.17,27.13,137750,0
2017-10-20,27,27,26.32,26.73,57832,0
2017-10-23,26,27.45,25.91,26.5,73642,0
2017-10-24,26.85,26.85,25.17,26.42,110517,0
2017-10-25,26.92,26.92,25,25.36,49516,0
2017-10-26,25.775,26.38,25.32,25.42,32561,0
2017-10-27,25.62,25.68,24.45,24.8,55809,0
2017-10-30,24.86,26.44,24.72,25.34,90670,0
2017-10-31,25.5,25.5,24.78,25.06,58439,0
2017-11-01,25.12,25.2,24.01,24.99,81881,0
2017-11-02,25.05,25.5,24.59,25.09,54133,0
2017-11-03,24.95,25.29,24.26,24.95,34377,0
2017-11-06,25.14,25.98,24.93,25.51,55333,0
2017-11-07,25.35,25.45,23.97,24.11,72814,0
2017-11-08,24.28,24.58,23.11,24.19,94204,0
2017-11-09,24.06,24.68,23.53,23.82,41904,0
2017-11-10,22,24.42,22,23.13,52908,0
2017-11-13,23.24,25.18,23.24,24.92,38600,0
2017-11-14,24.09,24.19,22.24,22.57,56500,0
2017-11-15,22.72,24.46,22.72,24.30,30000,0
2017-11-16,24.92,27.00,24.30,26.28,58900,0
2017-11-17,26.05,26.75,26.05,26.70,19000,0
2017-11-20,26.77,26.77,26.09,26.42,32400,0
2017-11-21,26.67,26.79,26.24,26.75,27900,0
2017-11-22,26.75,27.95,26.18,27.57,42800,0
2017-11-24,27.82,28.83,27.40,28.76,27500,0
2017-11-27,28.61,28.96,28.03,28.63,59700,0
2017-11-28,29.00,29.00,27.27,27.83,85900,0
2017-11-29,28.07,28.72,27.82,28.27,39400,0
2017-11-30,28.53,30.48,28.24,29.87,68600,0
2017-12-01,29.96,30.30,29.03,30.09,48500,0
2017-12-04,30.37,30.37,29.65,29.92,24400,0
2017-12-05,30.00,30.00,28.99,29.44,37600,0
2017-12-06,29.38,29.65,27.57,29.25,47900,0
2017-12-07,29.22,30.92,28.97,29.86,39500,0
2017-12-08,30.15,30.15,29.44,29.99,28000,0
2017-12-11,30.14,31.67,29.74,30.08,100700,0
2017-12-12,30.80,31.27,29.96,30.20,101700,0
2017-12-13,30.91,31.87,30.13,31.63,84500,0
2017-12-14,31.50,32.75,30.69,32.43,101200,0
2017-12-15,32.30,32.46,31.12,31.21,545400,0
2017-12-18,32.00,32.50,28.36,29.53,168700,0
2017-12-19,29.60,31.14,28.02,28.98,161600,0
2017-12-20,29.25,29.25,26.62,28.50,104200,0
2017-12-21,28.60,29.91,28.04,29.36,77900,0
2017-12-22,28.64,29.21,27.54,28.70,88800,0
2017-12-26,28.53,28.86,26.88,28.65,64900,0
2017-12-27,28.78,29.40,28.00,28.54,78900,0
2017-12-28,28.76,28.97,28.44,28.58,121600,0
2017-12-29,28.64,29.71,28.04,28.80,85200,0
2018-01-02,28.70,29.00,26.00,27.66,95600,0
2018-01-03,27.65,28.01,25.63,26.23,65400,0
2018-01-04,27.81,28.10,26.02,26.35,191600,0
2018-01-05,26.37,28.74,26.37,28.55,92900,0
2018-01-08,28.75,29.35,27.40,29.19,600000,0
2018-01-09,29.71,30.33,29.43,30.04,56500,0
2018-01-10,29.95,30.20,29.66,30.05,50000,0
2018-01-11,29.91,30.45,29.00,29.52,72700,0
2018-01-12,29.85,30.38,29.57,29.72,25200,0
2018-01-16,30.03,30.54,27.63,28.70,47400,0
2018-01-17,29.41,30.55,29.01,30.22,124500,0
2018-01-18,30.29,31.06,29.74,30.55,115800,0
2018-01-19,30.89,31.52,30.40,30.90,138100,0
2018-01-22,30.93,31.49,30.07,31.00,58600,0
2018-01-23,31.14,31.14,29.85,30.20,67100,0
2018-01-24,30.08,30.50,29.66,29.83,75300,0
2018-01-25,30.06,30.94,29.69,30.08,59000,0
2018-01-26,30.83,33.22,30.35,31.85,169900,0
2018-01-29,32.23,32.92,31.35,32.29,45600,0
2018-01-30,31.74,32.76,31.14,31.81,37400,0
2018-01-31,32.07,32.34,31.23,31.86,73500,0
2018-02-01,31.55,32.30,31.31,31.49,45000,0
2018-02-02,31.33,31.99,30.74,30.74,18500,0
2018-02-05,30.49,31.71,30.00,30.37,45200,0
2018-02-06,29.75,30.65,28.62,30.11,64800,0
2018-02-07,29.86,30.74,29.86,30.11,28600,0
2018-02-08,30.24,31.37,29.27,29.49,59100,0
2018-02-09,31.26,31.26,29.45,30.58,91200,0
2018-02-12,30.07,31.64,30.07,30.85,51400,0
2018-02-13,30.78,31.48,30.73,31.47,55300,0
2018-02-14,31.11,32.00,30.30,31.98,64200,0
2018-02-15,32.01,35.00,30.85,33.90,198400,0
2018-02-16,34.05,35.00,31.09,34.68,99400,0
2018-02-20,34.50,37.00,34.10,34.71,53900,0
2018-02-21,34.01,34.01,31.98,32.86,108000,0
2018-02-22,33.48,34.38,32.30,32.78,129100,0
2018-02-23,33.00,33.38,31.09,32.31,1506100,0
2018-02-26,32.12,32.86,31.69,32.01,117400,0
2018-02-27,31.91,32.02,30.55,31.18,107300,0
2018-02-28,31.30,31.44,30.15,30.26,120800,0
2018-03-01,30.26,30.90,28.55,29.28,138100,0
2018-03-02,29.00,30.00,28.61,29.51,134900,0
2018-03-05,29.30,30.15,29.01,29.55,80300,0
2018-03-06,29.57,30.36,28.95,29.31,50600,0
2018-03-07,29.18,29.90,29.01,29.34,46100,0
2018-03-08,29.61,29.81,29.00,29.73,95700,0
2018-03-09,29.83,30.58,29.22,29.62,151200,0
2018-03-12,30.00,30.20,29.16,29.33,94000,0
2018-03-13,29.33,30.08,29.03,29.17,95000,0
2018-03-14,29.23,29.75,28.31,28.73,96800,0
2018-03-15,28.70,29.15,27.07,27.35,136500,0
2018-03-16,27.39,27.85,27.00,27.18,238100,0
2018-03-19,27.20,27.98,24.55,25.00,192200,0
2018-03-20,25.00,26.77,24.38,26.19,188500,0
2018-03-21,26.22,28.50,26.08,28.01,234200,0
2018-03-22,27.64,31.01,27.64,30.00,305800,0
2018-03-23,30.03,31.90,28.76,29.33,302100,0
2018-03-26,29.59,30.51,28.05,28.87,59900,0
2018-03-27,28.83,29.04,26.81,27.04,139500,0
2018-03-28,27.13,28.77,26.43,26.80,83600,0
2018-03-29,26.95,27.72,26.72,27.12,213000,0
2018-04-02,27.03,28.49,26.15,26.62,117300,0
2018-04-03,26.72,27.50,25.55,26.68,104200,0
2018-04-04,26.27,27.87,26.06,27.56,113500,0
2018-04-05,27.81,28.08,27.16,27.48,131500,0
2018-04-06,27.51,30.23,27.51,28.31,439500,0
2018-04-09,28.70,29.25,27.19,28.05,103232,0