Date,Open,High,Low,Close,Volume,OpenInt
2016-12-21,73.72,73.72,73.72,73.72,300,0
2017-01-19,74.72,74.72,74.72,74.72,400,0
2017-01-24,75.27,75.87,73.95,75.87,300,0
2017-01-30,73.53,73.6034,73.42,73.53,800,0
2017-02-14,74.73,74.73,74.73,74.73,1088,0
2017-03-07,74.71,74.71,74.71,74.71,218,0
2017-03-15,74.7,74.71,74.7,74.71,657,0
2017-04-06,76.61,76.61,76.61,76.61,143,0
2017-10-06,77.5239,77.5239,77.5239,77.5239,100,0
2017-10-25,77.34,77.34,77.34,77.34,268,0
2017-11-03,77.72,77.8787,77.72,77.8787,300,0
2017-11-13,77.88,77.88,77.88,77.88,-,0
2017-11-14,77.88,77.88,77.88,77.88,-,0
2017-11-15,77.88,77.88,77.88,77.88,-,0
2017-11-16,77.88,77.88,77.88,77.88,-,0
2017-11-17,77.88,77.88,77.88,77.88,-,0
2017-11-20,77.88,77.88,77.88,77.88,-,0
2017-11-21,77.88,77.88,77.88,77.88,-,0
2017-11-22,77.88,77.88,77.88,77.88,-,0
2017-11-24,77.88,77.88,77.88,77.88,-,0
2017-11-27,77.88,77.88,77.88,77.88,-,0
2017-11-28,77.88,77.88,77.88,77.88,-,0
2017-11-29,77.88,77.88,77.88,77.88,-,0
2017-11-30,77.88,77.88,77.88,77.88,-,0
2017-12-01,76.81,76.81,76.81,76.81,200,0
2017-12-04,76.81,76.81,76.81,76.81,-,0
2017-12-05,76.96,77.05,76.96,77.05,200,0
2017-12-06,77.05,77.05,77.05,77.05,-,0
2017-12-07,77.05,77.05,77.05,77.05,-,0
2017-12-08,77.11,77.11,77.11,77.11,100,0
2017-12-11,77.11,77.11,77.11,77.11,-,0
2017-12-12,77.11,77.11,77.11,77.11,-,0
2017-12-13,77.11,77.11,77.11,77.11,-,0
2017-12-14,77.11,77.11,77.11,77.11,-,0
2017-12-15,77.11,77.11,77.11,77.11,-,0
2017-12-18,77.11,77.11,77.11,77.11,-,0
2017-12-19,77.11,77.11,77.11,77.11,-,0
2017-12-20,77.11,77.11,77.11,77.11,100,0
2017-12-21,77.11,77.11,77.11,77.11,-,0
2017-12-22,77.11,77.11,77.11,77.11,-,0
2017-12-26,77.11,77.11,77.11,77.11,-,0
2017-12-27,77.11,77.11,77.11,77.11,-,0
2017-12-28,77.11,77.11,77.11,77.11,-,0
2017-12-29,77.11,77.11,77.11,77.11,-,0
2018-01-02,77.11,77.11,77.11,77.11,-,0
2018-01-03,77.11,77.11,77.11,77.11,-,0
2018-01-04,77.11,77.11,77.11,77.11,-,0
2018-01-05,77.11,77.11,77.11,77.11,-,0
2018-01-08,77.11,77.11,77.11,77.11,-,0
2018-01-09,77.11,77.11,77.11,77.11,-,0
2018-01-10,77.11,77.11,77.11,77.11,-,0
2018-01-11,77.11,77.11,77.11,77.11,-,0
2018-01-12,77.11,77.11,77.11,77.11,-,0
2018-01-16,77.11,77.11,77.11,77.11,-,0
2018-01-17,77.11,77.11,77.11,77.11,-,0
2018-01-18,77.11,77.11,77.11,77.11,-,0
2018-01-19,77.11,77.11,77.11,77.11,-,0
2018-01-22,77.11,77.11,77.11,77.11,-,0
2018-01-23,77.11,77.11,77.11,77.11,-,0
2018-01-24,77.11,77.11,77.11,77.11,-,0
2018-01-25,77.11,77.11,77.11,77.11,-,0
2018-01-26,77.11,77.11,77.11,77.11,-,0
2018-01-29,73.57,73.57,73.55,73.55,800,0
2018-01-30,73.72,73.72,73.72,73.72,100,0
2018-01-31,73.72,73.72,73.72,73.72,-,0
2018-02-01,73.43,73.43,73.43,73.43,100,0
2018-02-02,73.43,73.43,73.43,73.43,-,0
2018-02-05,73.43,73.43,73.43,73.43,-,0
2018-02-06,73.43,73.43,73.43,73.43,-,0
2018-02-07,73.43,73.43,73.43,73.43,-,0
2018-02-08,73.14,73.14,73.14,73.14,100,0
2018-02-09,73.11,73.11,73.11,73.11,100,0
2018-02-12,73.11,73.11,73.11,73.11,-,0
2018-02-13,73.11,73.11,73.11,73.11,-,0
2018-02-14,73.11,73.11,73.11,73.11,-,0
2018-02-15,73.11,73.11,73.11,73.11,-,0
2018-02-16,73.11,73.11,73.11,73.11,-,0
2018-02-20,73.11,73.11,73.11,73.11,-,0
2018-02-21,73.11,73.11,73.11,73.11,-,0
2018-02-22,73.11,73.11,73.11,73.11,-,0
2018-02-23,73.11,73.11,73.11,73.11,-,0
2018-02-26,73.11,73.11,73.11,73.11,-,0
2018-02-27,73.11,73.11,73.11,73.11,-,0
2018-02-28,73.11,73.11,73.11,73.11,-,0
2018-03-01,73.11,73.11,73.11,73.11,-,0
2018-03-02,73.11,73.11,73.11,73.11,-,0
2018-03-05,73.11,73.11,73.11,73.11,-,0
2018-03-06,73.11,73.11,73.11,73.11,-,0
2018-03-07,73.11,73.11,73.11,73.11,-,0
2018-03-08,73.11,73.11,73.11,73.11,-,0
2018-03-09,73.11,73.11,73.11,73.11,-,0
2018-03-12,73.11,73.11,73.11,73.11,-,0
2018-03-13,73.11,73.11,73.11,73.11,-,0
2018-03-14,73.11,73.11,73.11,73.11,-,0
2018-03-15,73.11,73.11,73.11,73.11,-,0
2018-03-16,73.11,73.11,73.11,73.11,-,0
2018-03-19,73.11,73.11,73.11,73.11,-,0
2018-03-20,73.11,73.11,73.11,73.11,-,0
2018-03-21,73.11,73.11,73.11,73.11,-,0
2018-03-22,73.11,73.11,73.11,73.11,-,0
2018-03-23,73.11,73.11,73.11,73.11,-,0
2018-03-26,73.11,73.11,73.11,73.11,-,0
2018-03-27,73.11,73.11,73.11,73.11,-,0
2018-03-28,73.11,73.11,73.11,73.11,-,0
2018-03-29,73.11,73.11,73.11,73.11,-,0
2018-04-02,73.11,73.11,73.11,73.11,-,0
2018-04-03,73.11,73.11,73.11,73.11,-,0
2018-04-04,73.11,73.11,73.11,73.11,-,0
2018-04-05,73.11,73.11,73.11,73.11,-,0
2018-04-06,73.11,73.11,73.11,73.11,-,0
2018-04-09,73.11,73.32,73.32,73.32,1,0