Date,Open,High,Low,Close,Volume,OpenInt
2017-08-22,25.265,25.265,25.25,25.25,815,0
2017-08-23,25.26,25.27,25.26,25.27,673,0
2017-08-28,25.54,25.54,25.525,25.525,440,0
2017-08-29,25.88,25.88,25.59,25.59,2448,0
2017-08-30,25.8499,25.8499,25.8125,25.8125,1390,0
2017-09-01,26.1199,26.1199,26.0805,26.1,584,0
2017-09-06,26.33,26.33,26.2037,26.2037,914,0
2017-09-07,26.32,26.43,26.32,26.38,934,0
2017-09-11,26.42,26.42,26.35,26.35,502,0
2017-09-15,26.3099,26.3237,26.3099,26.3237,506,0
2017-09-18,26.2,26.2,26.2,26.2,185,0
2017-09-21,25.62,25.75,25.62,25.75,497,0
2017-09-25,25.83,25.83,25.83,25.83,475,0
2017-09-26,25.8194,25.83,25.8194,25.83,270,0
2017-10-10,25.59,25.59,25.59,25.59,785,0
2017-10-13,26.03,26.0564,26.03,26.0564,1462,0
2017-10-19,26.07,26.11,26.07,26.11,561,0
2017-10-20,25.82,25.82,25.82,25.82,268,0
2017-10-24,25.895,25.895,25.895,25.895,100,0
2017-10-25,25.4701,25.4801,25.4701,25.4801,214,0
2017-10-31,25.98,25.98,25.98,25.98,100,0
2017-11-02,26.0433,26.0433,26.0433,26.0433,488,0
2017-11-07,26.1,26.1,25.34,25.34,2660,0
2017-11-08,25.226,25.226,25.226,25.226,488,0
2017-11-09,25.04,25.04,25.04,25.04,200,0
2017-11-10,24.85,24.99,24.85,24.99,1201,0
2017-11-15,25.04,25.04,25.04,25.04,100,0
2017-11-16,25.04,25.04,25.04,25.04,-,0
2017-11-17,25.04,25.04,25.04,25.04,-,0
2017-11-20,25.54,25.54,25.43,25.43,800,0
2017-11-21,25.43,25.43,25.43,25.43,-,0
2017-11-22,25.43,25.43,25.43,25.43,-,0
2017-11-24,25.43,25.43,25.43,25.43,-,0
2017-11-27,25.92,25.92,25.92,25.92,100,0
2017-11-28,25.92,25.92,25.92,25.92,-,0
2017-11-29,25.92,25.92,25.92,25.92,-,0
2017-11-30,25.75,25.75,25.74,25.74,400,0
2017-12-01,25.86,25.86,25.86,25.86,1000,0
2017-12-04,25.93,25.93,25.93,25.93,500,0
2017-12-05,26.04,26.04,26.04,26.04,1300,0
2017-12-06,26.04,26.04,26.04,26.04,-,0
2017-12-07,26.04,26.04,26.04,26.04,-,0
2017-12-08,25.91,25.91,25.91,25.91,100,0
2017-12-11,26.06,26.06,26.06,26.06,200,0
2017-12-12,25.98,25.98,25.87,25.87,12900,0
2017-12-13,25.87,25.87,25.87,25.87,-,0
2017-12-14,25.87,25.87,25.87,25.87,-,0
2017-12-15,25.87,25.87,25.87,25.87,-,0
2017-12-18,26.30,26.30,26.23,26.23,500,0
2017-12-19,26.23,26.23,26.23,26.23,-,0
2017-12-20,26.23,26.23,26.23,26.23,-,0
2017-12-21,25.81,25.83,25.81,25.83,1100,0
2017-12-22,25.83,25.83,25.83,25.83,-,0
2017-12-26,25.83,25.83,25.83,25.83,-,0
2017-12-27,25.83,25.83,25.83,25.83,-,0
2017-12-28,25.83,25.83,25.83,25.83,-,0
2017-12-29,25.83,25.83,25.83,25.83,-,0
2018-01-02,25.83,25.83,25.83,25.83,-,0
2018-01-03,26.01,26.01,26.01,26.01,200,0
2018-01-04,26.61,26.61,26.54,26.55,800,0
2018-01-05,26.56,26.56,26.50,26.50,200,0
2018-01-08,26.42,26.42,26.42,26.42,200,0
2018-01-09,26.42,26.42,26.42,26.42,-,0
2018-01-10,26.42,26.42,26.42,26.42,-,0
2018-01-11,26.10,26.10,26.10,26.10,300,0
2018-01-12,26.07,26.07,26.07,26.07,300,0
2018-01-16,26.09,26.09,26.07,26.07,200,0
2018-01-17,25.90,25.95,25.90,25.95,400,0
2018-01-18,25.95,25.95,25.95,25.95,-,0
2018-01-19,25.95,25.95,25.95,25.95,-,0
2018-01-22,25.95,25.95,25.95,25.95,-,0
2018-01-23,25.64,25.64,25.64,25.64,200,0
2018-01-24,25.64,25.64,25.64,25.64,-,0
2018-01-25,25.64,25.64,25.64,25.64,-,0
2018-01-26,25.64,25.64,25.64,25.64,-,0
2018-01-29,25.64,25.64,25.64,25.64,-,0
2018-01-30,25.28,25.28,25.28,25.28,200,0
2018-01-31,25.37,25.37,25.37,25.37,1000,0
2018-02-01,25.37,25.37,25.37,25.37,-,0
2018-02-02,25.37,25.37,25.37,25.37,-,0
2018-02-05,24.51,24.51,24.51,24.51,200,0
2018-02-06,24.45,24.98,24.45,24.94,2100,0
2018-02-07,24.94,24.94,24.94,24.94,-,0
2018-02-08,24.94,24.94,24.94,24.94,-,0
2018-02-09,24.94,24.94,24.94,24.94,-,0
2018-02-12,23.38,23.68,23.38,23.39,4600,0
2018-02-13,23.39,23.39,23.38,23.38,1200,0
2018-02-14,23.05,23.05,23.05,23.05,100,0
2018-02-15,20.97,22.37,20.97,22.37,2900,0
2018-02-16,23.88,23.88,23.71,23.71,1300,0
2018-02-20,23.71,23.71,23.71,23.71,-,0
2018-02-21,23.71,23.71,23.71,23.71,-,0
2018-02-22,23.71,23.71,23.71,23.71,-,0
2018-02-23,23.71,23.71,23.71,23.71,-,0
2018-02-26,24.02,24.02,24.02,24.02,400,0
2018-02-27,23.90,23.90,23.90,23.90,200,0
2018-02-28,23.90,23.90,23.90,23.90,-,0
2018-03-01,23.90,23.90,23.90,23.90,-,0
2018-03-02,23.90,23.90,23.90,23.90,-,0
2018-03-05,23.90,23.90,23.90,23.90,-,0
2018-03-06,23.90,23.90,23.90,23.90,-,0
2018-03-07,23.90,23.90,23.90,23.90,-,0
2018-03-08,23.90,23.90,23.90,23.90,-,0
2018-03-09,23.90,23.90,23.90,23.90,-,0
2018-03-12,23.90,23.90,23.90,23.90,-,0
2018-03-13,23.90,23.90,23.90,23.90,-,0
2018-03-14,23.90,23.90,23.90,23.90,-,0
2018-03-15,23.90,23.90,23.90,23.90,-,0
2018-03-16,23.90,23.90,23.90,23.90,-,0
2018-03-19,23.90,23.90,23.90,23.90,-,0
2018-03-20,23.90,23.90,23.90,23.90,-,0
2018-03-21,23.33,23.33,23.33,23.33,100,0
2018-03-22,23.33,23.33,23.33,23.33,-,0
2018-03-23,23.33,23.33,23.33,23.33,-,0
2018-03-26,23.33,23.33,23.33,23.33,-,0
2018-03-27,23.33,23.33,23.33,23.33,-,0
2018-03-28,23.41,23.47,23.41,23.47,300,0
2018-03-29,23.47,23.47,23.47,23.47,-,0
2018-04-02,23.47,23.47,23.47,23.47,-,0
2018-04-03,23.47,23.47,23.47,23.47,-,0
2018-04-04,23.47,23.47,23.47,23.47,-,0
2018-04-05,23.47,23.47,23.47,23.47,-,0
2018-04-06,23.93,23.93,23.93,23.93,100,0
2018-04-06,23.93,23.93,23.93,23.93,138,0