Date,Open,High,Low,Close,Volume,OpenInt
2017-11-09,14.945,14.945,14.82,14.939,1551000,0
2017-11-10,14.95,15.02,14.95,15.01,100000,0
2017-11-14,14.99,15.02,14.95,15.02,54800,0
2017-11-15,15.10,15.10,14.91,14.91,52300,0
2017-11-16,15.08,15.15,15.08,15.14,55000,0
2017-11-17,15.25,15.25,15.15,15.15,56800,0
2017-11-20,15.19,15.19,15.14,15.14,57300,0
2017-11-21,15.29,15.33,15.28,15.33,27400,0
2017-11-22,15.31,15.32,15.29,15.32,44800,0
2017-11-24,15.39,15.39,15.39,15.39,25000,0
2017-11-27,15.34,15.34,15.29,15.29,26300,0
2017-11-28,15.32,15.32,15.29,15.32,26000,0
2017-11-29,15.14,15.14,15.00,15.06,79000,0
2017-11-30,15.21,15.23,15.20,15.20,25200,0
2017-12-01,15.21,15.26,15.12,15.14,26200,0
2017-12-04,15.27,15.27,15.01,15.01,28100,0
2017-12-05,15.12,15.12,15.00,15.00,25000,0
2017-12-06,14.98,15.06,14.98,15.06,25100,0
2017-12-07,15.50,15.50,15.11,15.14,43600,0
2017-12-08,15.26,15.26,15.22,15.22,25200,0
2017-12-11,15.39,15.39,15.25,15.25,26700,0
2017-12-12,15.30,15.30,15.25,15.25,38300,0
2017-12-13,15.30,15.30,15.24,15.25,26600,0
2017-12-14,15.27,15.30,15.20,15.21,26600,0
2017-12-15,15.30,15.33,15.30,15.33,25400,0
2017-12-18,15.47,15.48,15.47,15.48,25800,0
2017-12-19,15.44,15.44,15.40,15.42,24300,0
2017-12-20,15.37,15.37,15.36,15.36,600,0
2017-12-21,15.38,15.38,15.38,15.38,12700,0
2017-12-22,15.30,15.32,15.30,15.32,13000,0
2017-12-26,15.26,15.33,15.26,15.33,15600,0
2017-12-27,15.36,15.36,15.32,15.32,12700,0
2017-12-28,15.37,15.38,15.34,15.34,15800,0
2017-12-29,15.29,15.29,15.29,15.29,12600,0
2018-01-02,15.37,15.49,15.37,15.49,18300,0
2018-01-03,15.54,15.72,15.50,15.71,13600,0
2018-01-04,15.75,15.80,15.75,15.77,14100,0
2018-01-05,15.86,15.90,15.86,15.90,13300,0
2018-01-08,16.00,16.04,15.97,16.04,15200,0
2018-01-09,16.05,16.08,16.05,16.07,16700,0
2018-01-10,16.07,16.08,16.05,16.07,16900,0
2018-01-11,16.17,16.21,16.17,16.21,12900,0
2018-01-12,16.24,16.30,16.24,16.30,14000,0
2018-01-16,16.49,16.49,16.16,16.16,16400,0
2018-01-17,16.21,16.34,15.90,16.33,18200,0
2018-01-18,16.32,16.35,16.32,16.35,14900,0
2018-01-19,16.38,16.43,16.38,16.43,13200,0
2018-01-22,16.59,16.65,16.59,16.65,12900,0
2018-01-23,16.88,16.97,16.88,16.94,28600,0
2018-01-24,17.14,17.14,16.87,16.94,16900,0
2018-01-25,16.99,17.00,16.92,16.92,18300,0
2018-01-26,17.07,17.07,17.00,17.02,15300,0
2018-01-29,17.04,17.13,16.97,17.05,23300,0
2018-01-30,16.96,16.98,16.96,16.97,13000,0
2018-01-31,17.07,17.07,16.95,16.97,20800,0
2018-02-01,16.92,16.96,16.80,16.82,16700,0
2018-02-02,16.78,16.78,16.57,16.57,17000,0
2018-02-05,16.39,16.60,16.07,16.07,31000,0
2018-02-06,15.53,16.12,15.53,16.12,19200,0
2018-02-07,16.25,16.32,16.10,16.10,19900,0
2018-02-08,16.21,16.21,15.58,15.66,14400,0
2018-02-09,15.30,15.71,15.05,15.59,79200,0
2018-02-12,15.80,15.90,15.60,15.78,78400,0
2018-02-13,15.75,15.84,15.73,15.84,9900,0
2018-02-14,15.87,16.25,15.85,16.25,17500,0
2018-02-15,16.35,16.45,16.25,16.42,16200,0
2018-02-16,16.49,16.59,16.45,16.46,8800,0
2018-02-20,16.36,16.68,16.36,16.47,10300,0
2018-02-21,16.61,16.77,16.55,16.55,6200,0
2018-02-22,16.55,16.56,16.36,16.39,15600,0
2018-02-23,16.47,16.61,16.42,16.61,2600,0
2018-02-26,16.64,16.78,16.64,16.78,10500,0
2018-02-27,16.85,16.87,16.79,16.79,1400,0
2018-02-28,16.77,16.79,16.59,16.59,5000,0
2018-03-01,16.48,16.63,16.21,16.34,1500,0
2018-03-02,16.20,16.57,16.20,16.57,2200,0
2018-03-05,16.56,16.85,16.47,16.82,8500,0
2018-03-06,16.86,16.96,16.86,16.96,700,0
2018-03-07,16.92,17.01,16.90,17.01,4400,0
2018-03-08,17.18,17.18,17.17,17.18,500,0
2018-03-09,17.35,17.49,17.33,17.49,13300,0
2018-03-12,17.60,17.60,17.52,17.57,7900,0
2018-03-13,17.63,17.63,17.30,17.30,12600,0
2018-03-14,17.36,17.40,17.34,17.34,3600,0
2018-03-15,17.35,17.36,17.35,17.35,1400,0
2018-03-16,17.38,17.39,17.32,17.39,2300,0
2018-03-19,17.25,17.25,16.91,16.92,5100,0
2018-03-20,17.10,17.17,17.10,17.17,600,0
2018-03-21,17.15,17.32,17.15,17.19,7800,0
2018-03-22,16.90,16.90,16.90,16.90,3000,0
2018-03-23,16.75,16.75,16.24,16.26,7800,0
2018-03-26,16.45,16.45,16.45,16.45,300,0
2018-03-27,16.75,16.75,16.20,16.20,900,0
2018-03-28,16.00,16.04,15.79,16.01,6900,0
2018-03-29,16.01,16.43,16.01,16.43,1200,0
2018-04-02,16.32,16.32,15.99,16.00,4900,0
2018-04-03,16.13,16.13,15.84,16.10,1500,0
2018-04-04,15.87,16.03,15.87,16.03,700,0
2018-04-05,16.34,16.35,16.34,16.35,300,0
2018-04-06,16.07,16.07,15.91,15.91,4100,0
2018-04-09,16.14,16.14,16.14,16.14,100,0