Date,Open,High,Low,Close,Volume,OpenInt
2017-02-09,25.79,25.809,25.79,25.8,2155,0
2017-02-16,26.036,26.036,26.036,26.036,711,0
2017-02-24,26.164,26.193,26.164,26.164,463,0
2017-03-03,26.234,26.322,26.234,26.322,548,0
2017-03-09,26.052,26.052,26.047,26.047,1015,0
2017-03-10,26.242,26.242,26.164,26.164,341,0
2017-03-13,26.371,26.371,26.371,26.371,559,0
2017-03-16,26.686,26.686,26.686,26.686,530,0
2017-03-17,26.735,26.804,26.725,26.765,515,0
2017-03-20,26.765,26.765,26.765,26.765,0,0
2017-03-23,26.558,26.676,26.558,26.656,585,0
2017-03-24,26.616,26.616,26.616,26.616,544,0
2017-03-27,26.524,26.524,26.524,26.524,376,0
2017-04-03,26.735,26.892,26.735,26.804,745,0
2017-04-04,26.824,26.824,26.824,26.824,542,0
2017-04-05,26.883,26.883,26.883,26.883,791,0
2017-04-07,26.784,26.784,26.784,26.784,513,0
2017-04-11,26.764,26.764,26.704,26.704,553,0
2017-04-12,26.745,26.745,26.686,26.705,676,0
2017-04-17,26.705,26.705,26.705,26.705,661,0
2017-04-18,26.596,26.596,26.596,26.596,809,0
2017-04-20,26.695,26.695,26.695,26.695,614,0
2017-04-24,27.199,27.199,27.179,27.179,948,0
2017-04-25,27.457,27.457,27.457,27.457,180,0
2017-04-26,27.366,27.396,27.366,27.396,912,0
2017-04-27,27.387,27.407,27.387,27.407,938,0
2017-04-28,27.387,27.387,27.387,27.387,140,0
2017-05-01,27.536,27.536,27.475,27.475,585,0
2017-05-03,27.477,27.477,27.477,27.477,260,0
2017-05-04,27.585,27.585,27.536,27.575,554,0
2017-05-05,27.638,27.638,27.638,27.638,406,0
2017-05-08,27.763,27.769,27.739,27.769,615,0
2017-05-10,27.753,27.842,27.753,27.842,719,0
2017-05-12,27.842,27.842,27.842,27.842,521,0
2017-05-15,27.97,27.97,27.94,27.94,1214,0
2017-05-17,27.852,27.852,27.734,27.734,319,0
2017-05-18,27.521,27.534,27.516,27.516,1714,0
2017-05-22,27.96,27.96,27.96,27.96,1062,0
2017-05-24,27.922,27.922,27.922,27.922,304,0
2017-05-30,28.149,28.149,28.149,28.149,424,0
2017-06-05,28.376,28.376,28.376,28.376,236,0
2017-06-06,28.307,28.307,28.258,28.258,1138,0
2017-06-07,28.356,28.356,28.258,28.258,423,0
2017-06-08,28.265,28.265,28.265,28.265,232,0
2017-06-13,28.292,28.356,28.292,28.356,1990,0
2017-06-14,28.302,28.302,28.302,28.302,108,0
2017-06-15,28.045,28.07,28.045,28.07,255,0
2017-06-16,28.106,28.106,28.106,28.106,506,0
2017-06-21,28.1,28.1,28.1,28.1,202,0
2017-06-22,28.069,28.129,28.069,28.129,963,0
2017-06-23,28.119,28.158,28.05,28.1,1376,0
2017-06-27,28.178,28.245,28.178,28.245,1012,0
2017-06-29,28.148,28.148,28.129,28.129,665,0
2017-07-03,28.233,28.233,28.233,28.233,208,0
2017-07-06,28.149,28.149,28.149,28.149,241,0
2017-07-07,28.182,28.59,28.113,28.59,647,0
2017-07-11,28.262,28.391,28.262,28.391,532,0
2017-07-12,28.49,28.49,28.49,28.49,109,0
2017-07-18,28.836,28.873,28.836,28.873,396,0
2017-07-19,28.98,28.98,28.98,28.98,1509,0
2017-07-21,28.936,28.936,28.936,28.936,371,0
2017-07-24,29.086,29.086,29.086,29.086,1952,0
2017-07-26,29.106,29.172,29.106,29.172,729,0
2017-07-28,29.067,29.126,29.067,29.126,1313,0
2017-07-31,29.166,29.176,29.166,29.176,483,0
2017-08-01,29.271,29.271,29.271,29.271,266,0
2017-08-02,29.32,29.365,29.32,29.365,1116,0
2017-08-04,29.434,29.434,29.328,29.328,1336,0
2017-08-08,29.524,29.534,29.514,29.514,1346,0
2017-08-09,29.27,29.27,29.27,29.27,201,0
2017-08-10,28.982,28.982,28.982,28.982,174,0
2017-08-11,28.947,28.947,28.947,28.947,621,0
2017-08-16,29.26,29.26,29.146,29.234,2307,0
2017-08-18,28.859,28.988,28.859,28.987,1234,0
2017-08-21,28.937,28.937,28.818,28.818,359,0
2017-08-22,29.097,29.097,29.097,29.097,200,0
2017-08-24,29.188,29.188,29.188,29.188,369,0
2017-08-25,29.325,29.325,29.325,29.325,447,0
2017-08-28,29.325,29.325,29.325,29.325,590,0
2017-08-29,28.917,29.047,28.917,29.047,714,0
2017-08-30,29.186,29.196,29.181,29.181,518,0
2017-09-01,29.265,29.414,29.265,29.414,2481,0
2017-09-06,29.331,29.331,29.331,29.331,778,0
2017-09-12,29.851,29.851,29.851,29.851,137,0
2017-09-18,29.861,29.861,29.861,29.861,152,0
2017-09-20,30.04,30.06,30.04,30.049,29491,0
2017-09-21,29.921,29.921,29.911,29.911,347,0
2017-09-25,29.901,29.901,29.722,29.722,757,0
2017-09-26,29.712,29.742,29.712,29.742,443,0
2017-09-27,29.834,29.849,29.762,29.849,504,0
2017-09-28,29.673,29.818,29.673,29.722,1107,0
2017-09-29,29.792,29.981,29.792,29.871,598,0
2017-10-02,29.822,29.971,29.822,29.891,654,0
2017-10-03,29.92,30.09,29.92,30.01,621,0
2017-10-04,29.95,30.12,29.95,29.96,957,0
2017-10-05,29.98,30.19,29.98,30.03,1057,0
2017-10-06,29.93,29.97,29.93,29.95,719,0
2017-10-09,29.93,29.93,29.93,29.93,100,0
2017-10-10,30.26,30.26,30.16,30.16,201,0
2017-10-11,30.3233,30.33,30.3233,30.33,201,0
2017-10-12,30.29,30.29,30.29,30.29,100,0
2017-10-13,30.53,30.53,30.53,30.53,179,0
2017-10-16,30.4503,30.4503,30.4503,30.4503,110,0
2017-10-17,30.34,30.4292,30.34,30.35,908,0
2017-10-18,30.51,30.51,30.51,30.51,166,0
2017-10-19,30.41,30.41,30.41,30.41,206,0
2017-10-20,30.43,30.57,30.43,30.45,1006,0
2017-10-24,30.56,30.56,30.43,30.43,603,0
2017-10-25,30.4,30.4,30.4,30.4,580,0
2017-10-26,30.43,30.43,30.43,30.43,330,0
2017-10-27,30.449,30.449,30.32,30.36,4303,0
2017-10-30,30.5,30.5,30.37,30.37,516,0
2017-10-31,30.619,30.629,30.47,30.47,1115,0
2017-11-01,30.705,30.705,30.55,30.55,375,0
2017-11-02,30.55,30.735,30.55,30.63,413,0
2017-11-03,30.705,30.73,30.59,30.59,1996,0
2017-11-06,30.77,30.77,30.66,30.66,856,0
2017-11-07,30.6211,30.675,30.55,30.55,858,0
2017-11-08,30.55,30.55,30.55,30.55,916,0
2017-11-09,30.5492,30.584,30.53,30.53,725,0
2017-11-10,30.569,30.569,30.46,30.46,400,0
2017-11-14,30.40,30.40,30.40,30.40,200,0
2017-11-15,30.09,30.10,30.09,30.10,300,0
2017-11-16,30.10,30.10,30.10,30.10,-,0
2017-11-17,30.55,30.55,30.55,30.55,200,0
2017-11-20,30.42,30.42,30.42,30.42,300,0
2017-11-21,30.65,30.71,30.57,30.57,900,0
2017-11-22,30.73,30.73,30.73,30.73,100,0
2017-11-24,30.79,30.79,30.79,30.79,100,0
2017-11-27,30.93,30.93,30.93,30.93,500,0
2017-11-28,30.85,30.85,30.85,30.85,300,0
2017-11-29,31.07,31.07,30.85,30.85,3000,0
2017-11-30,30.94,30.95,30.76,30.76,29800,0
2017-12-01,30.60,30.60,30.60,30.60,200,0
2017-12-04,30.97,30.97,30.82,30.82,300,0
2017-12-05,30.98,30.98,30.98,30.98,200,0
2017-12-06,30.74,30.74,30.71,30.71,200,0
2017-12-07,30.71,30.71,30.71,30.71,-,0
2017-12-08,30.71,30.71,30.71,30.71,-,0
2017-12-11,31.01,31.01,30.96,30.99,900,0
2017-12-12,31.00,31.00,30.91,30.91,200,0
2017-12-13,30.91,30.91,30.91,30.91,-,0
2017-12-14,31.10,31.10,31.10,31.10,1800,0
2017-12-15,31.07,31.12,30.99,30.99,1800,0
2017-12-18,31.37,31.37,31.37,31.37,100,0
2017-12-19,31.37,31.37,31.26,31.26,1400,0
2017-12-20,31.26,31.26,31.26,31.26,100,0
2017-12-21,31.43,31.47,31.27,31.27,1700,0
2017-12-22,31.39,31.39,31.39,31.39,100,0
2017-12-26,31.50,31.50,31.35,31.35,200,0
2017-12-27,31.35,31.35,31.35,31.35,-,0
2017-12-28,31.37,31.37,31.32,31.32,200,0
2017-12-29,31.42,31.42,31.39,31.39,800,0
2018-01-02,31.45,31.45,31.40,31.40,2700,0
2018-01-03,31.82,31.82,31.82,31.82,100,0
2018-01-04,31.82,31.82,31.82,31.82,-,0
2018-01-05,32.21,32.24,32.20,32.24,600,0
2018-01-08,32.26,32.28,32.20,32.20,3400,0
2018-01-09,32.34,32.34,32.20,32.20,1800,0
2018-01-10,32.30,32.30,32.20,32.20,900,0
2018-01-11,32.48,32.50,32.48,32.49,600,0
2018-01-12,32.69,32.69,32.62,32.67,1300,0
2018-01-16,32.89,32.89,32.69,32.71,1000,0
2018-01-17,32.81,32.97,32.71,32.97,3200,0
2018-01-18,33.00,33.00,33.00,33.00,500,0
2018-01-19,32.80,32.86,32.68,32.86,2600,0
2018-01-22,32.89,33.11,32.89,33.11,500,0
2018-01-23,33.13,33.17,33.13,33.14,2600,0
2018-01-24,33.37,33.37,33.37,33.37,200,0
2018-01-25,33.46,33.46,33.37,33.37,1000,0
2018-01-26,33.49,33.52,33.48,33.48,2200,0
2018-01-29,33.63,33.63,33.43,33.43,4200,0
2018-01-30,33.43,33.43,33.43,33.43,-,0
2018-01-31,33.37,33.37,32.92,32.92,1000,0
2018-02-01,33.05,33.05,33.05,33.05,100,0
2018-02-02,32.61,32.65,32.39,32.39,4300,0
2018-02-05,32.20,32.20,31.27,31.27,3300,0
2018-02-06,30.41,31.70,30.41,31.70,3000,0
2018-02-07,31.29,31.42,31.28,31.42,1100,0
2018-02-08,30.74,30.74,30.74,30.74,600,0
2018-02-09,30.44,30.44,30.10,30.34,600,0
2018-02-12,30.99,31.16,30.88,31.12,800,0
2018-02-13,31.12,31.12,31.12,31.12,-,0
2018-02-14,31.01,31.53,31.01,31.53,1800,0
2018-02-15,31.78,31.78,31.78,31.78,100,0
2018-02-16,31.72,32.10,31.72,32.10,400,0
2018-02-20,31.72,31.72,31.69,31.69,200,0
2018-02-21,31.68,31.68,31.68,31.68,400,0
2018-02-22,31.76,31.81,31.63,31.65,900,0
2018-02-23,31.65,31.65,31.65,31.65,-,0
2018-02-26,32.19,32.19,32.17,32.17,900,0
2018-02-27,32.27,32.27,31.91,31.91,1300,0
2018-02-28,31.99,32.00,31.80,31.81,12800,0
2018-03-01,31.24,31.24,31.14,31.14,1100,0
2018-03-02,31.10,31.12,31.02,31.10,6600,0
2018-03-05,31.00,31.00,30.99,31.00,1000,0
2018-03-06,31.58,31.58,31.58,31.58,600,0
2018-03-07,31.49,31.59,31.39,31.59,1500,0
2018-03-08,31.58,31.58,31.58,31.58,600,0
2018-03-09,31.88,31.88,31.88,31.88,200,0
2018-03-12,31.88,31.88,31.88,31.88,-,0
2018-03-13,32.06,32.06,31.78,31.78,4900,0
2018-03-14,31.78,31.78,31.78,31.78,-,0
2018-03-15,31.72,31.72,31.72,31.72,500,0
2018-03-16,31.72,31.72,31.72,31.72,-,0
2018-03-19,31.64,31.64,31.32,31.32,1400,0
2018-03-20,31.32,31.32,31.32,31.32,-,0
2018-03-21,31.36,31.40,31.33,31.40,4400,0
2018-03-22,31.40,31.40,31.40,31.40,-,0
2018-03-23,30.78,30.78,30.78,30.78,200,0
2018-03-26,30.66,30.88,30.66,30.88,3400,0
2018-03-27,30.75,30.75,30.75,30.75,300,0
2018-03-28,30.99,30.99,30.84,30.84,1300,0
2018-03-29,30.99,31.06,30.99,30.99,800,0
2018-04-02,30.55,30.55,30.46,30.46,800,0
2018-04-03,30.76,30.76,30.72,30.72,300,0
2018-04-04,30.72,30.72,30.72,30.72,-,0
2018-04-05,31.15,31.15,31.15,31.15,100,0
2018-04-06,31.15,31.15,31.15,31.15,-,0