Date,Open,High,Low,Close,Volume,OpenInt
2016-07-25,73.706,73.765,73.706,73.765,2664,0
2016-08-01,74.517,74.517,74.517,74.517,128,0
2016-08-02,74.135,74.135,73.911,73.911,2664,0
2016-08-30,75.434,75.434,75.414,75.414,2664,0
2016-08-31,75.044,75.044,75.034,75.034,206,0
2016-09-14,74.028,74.028,74.028,74.028,102,0
2016-09-15,74.448,74.682,74.438,74.682,307,0
2016-09-16,74.507,74.507,74.009,74.009,307,0
2016-09-20,74.54,74.54,74.54,74.54,102,0
2016-09-21,74.647,74.647,74.647,74.647,102,0
2016-09-22,75.753,75.753,75.753,75.753,102,0
2016-09-27,75.147,75.147,75.147,75.147,102,0
2016-09-29,75.049,75.049,75.049,75.049,102,0
2016-09-30,75.489,75.489,75.47,75.47,306,0
2016-10-04,75.441,75.441,75.441,75.441,102,0
2016-10-05,75.362,75.362,75.362,75.362,102,0
2016-10-11,75.059,75.059,75,75,205,0
2016-10-12,74.452,74.452,74.286,74.286,325,0
2016-10-13,74.316,74.316,74.316,74.316,102,0
2016-10-14,74.521,74.521,74.521,74.521,102,0
2016-10-17,74.138,74.138,74.031,74.031,205,0
2016-10-18,74.765,74.765,74.765,74.765,296,0
2016-10-19,74.775,74.775,74.775,74.775,223,0
2016-10-21,74.531,74.531,74.531,74.531,102,0
2016-10-24,74.863,74.863,74.717,74.717,3224,0
2016-10-25,74.713,74.735,74.713,74.735,7236,0
2016-10-27,74.354,74.354,74.354,74.354,631,0
2016-10-28,74.462,74.462,74.402,74.402,461,0
2016-10-31,74.031,74.108,73.972,74.108,1923,0
2016-11-01,73.787,73.787,73.561,73.561,281,0
2016-11-02,73.57,73.57,73.325,73.325,496,0
2016-11-08,73.737,73.737,73.737,73.737,102,0
2016-11-09,73.853,74.579,73.853,74.579,511,0
2016-11-11,74.145,74.145,74.145,74.145,102,0
2016-11-17,74.57,74.57,74.57,74.57,102,0
2016-12-05,75.079,75.079,75.079,75.079,198,0
2016-12-07,76.548,76.548,76.548,76.548,180,0
2016-12-09,76.987,76.987,76.987,76.987,102,0
2016-12-22,77.082,77.082,77.082,77.082,195,0
2017-01-03,77.054,77.054,76.89,76.89,564,0
2017-01-04,77.534,77.534,77.534,77.534,130,0
2017-01-10,78.156,78.156,78.156,78.156,168,0
2017-01-12,78.294,78.412,78.156,78.412,1247,0
2017-01-13,78.6,78.6,78.6,78.6,101,0
2017-01-17,78.364,78.364,78.364,78.364,101,0
2017-01-27,79.24,79.24,79.24,79.24,462,0
2017-02-02,79.013,79.013,79.013,79.013,157,0
2017-02-03,79.289,79.289,79.289,79.289,151,0
2017-02-06,79.062,79.062,79.062,79.062,116,0
2017-02-07,79.121,79.121,79.121,79.121,121,0
2017-02-09,79.662,79.662,79.662,79.662,150,0
2017-02-15,80.609,80.609,80.609,80.609,173,0
2017-02-23,81.495,81.533,81.495,81.533,3585,0
2017-02-27,81.159,81.159,81.159,81.159,783,0
2017-03-02,81.721,81.721,81.721,81.721,119,0
2017-03-03,81.681,81.681,81.678,81.678,1093,0
2017-03-07,81.327,81.337,81.327,81.337,3047,0
2017-03-08,81.159,81.189,81.159,81.189,2031,0
2017-03-09,81.297,81.297,81.297,81.297,1724,0
2017-03-10,81.721,81.721,81.721,81.721,204,0
2017-03-15,82.154,82.154,82.154,82.154,126,0
2017-03-17,82.568,82.568,82.568,82.568,152,0
2017-03-20,83.18,83.18,82.401,82.401,556,0
2017-03-21,82.746,82.746,82.746,82.746,103,0
2017-03-24,81.841,81.867,81.841,81.844,700,0
2017-03-29,82.321,82.321,82.301,82.301,1635,0
2017-03-30,82.558,82.558,82.548,82.558,2327,0
2017-03-31,82.272,82.272,82.272,82.272,101,0
2017-04-03,82.301,82.321,82.272,82.321,1675,0
2017-04-07,82.015,82.015,81.905,81.905,3040,0
2017-04-10,81.768,81.768,81.768,81.768,1012,0
2017-04-12,81.55,81.55,81.55,81.55,607,0
2017-04-13,81.393,81.481,81.393,81.481,2783,0
2017-04-17,81.53,81.53,81.53,81.53,101,0
2017-04-19,81.431,81.431,81.37,81.37,307,0
2017-04-20,81.778,81.778,81.778,81.778,739,0
2017-04-24,82.983,82.983,82.983,82.983,203,0
2017-04-26,83.606,83.606,83.606,83.606,154,0
2017-04-27,83.616,83.616,83.616,83.616,329,0
2017-05-01,83.576,83.576,83.576,83.576,121,0
2017-05-04,84.08,84.178,84.08,84.178,1113,0
2017-05-08,84.317,84.318,84.317,84.318,203,0
2017-05-09,84.495,84.495,84.495,84.495,1013,0
2017-05-12,84.278,84.525,84.278,84.525,692,0
2017-05-15,84.674,84.674,84.674,84.674,101,0
2017-05-16,85.068,85.068,85.009,85.009,3136,0
2017-05-25,85.345,85.503,85.345,85.473,614,0
2017-06-02,86.442,86.442,86.442,86.442,506,0
2017-06-06,86.146,86.146,85.938,86.146,819,0
2017-06-07,86.166,86.166,86.166,86.166,3483,0
2017-06-09,85.75,85.75,85.75,85.75,2096,0
2017-06-12,85.503,85.503,85.415,85.425,6271,0
2017-06-13,85.987,86.116,85.987,86.027,2878,0
2017-06-15,85.068,85.128,85.068,85.128,4819,0
2017-06-19,86.487,86.487,86.487,86.487,201,0
2017-06-21,85.535,85.535,85.535,85.535,701,0
2017-06-28,85.989,85.991,85.93,85.93,329,0
2017-06-29,86.129,86.129,85.437,85.73,1124,0
2017-07-05,85.71,85.73,85.541,85.541,19742,0
2017-07-07,84.963,85.412,84.963,85.412,897,0
2017-07-10,85.671,85.681,85.262,85.262,8032,0
2017-07-11,85.232,85.232,85.232,85.232,20079,0
2017-07-12,85.9,85.9,85.88,85.88,1004,0
2017-07-14,87.204,87.209,86.936,87.209,5755,0
2017-07-21,87.593,87.593,87.503,87.503,211,0
2017-07-24,87.453,87.453,87.453,87.453,100,0
2017-07-25,87.792,87.792,87.712,87.712,466,0
2017-07-26,87.902,87.902,87.902,87.902,100,0
2017-07-28,87.73,87.73,87.712,87.712,310,0
2017-08-01,88.33,88.36,88.33,88.36,363,0
2017-08-02,88.32,88.32,88.32,88.32,100,0
2017-08-04,88.45,88.589,88.42,88.42,1744,0
2017-08-08,88.813,88.813,88.28,88.28,1791,0
2017-08-09,88.141,88.141,88.141,88.141,100,0
2017-08-10,87.742,87.742,86.906,86.906,309,0
2017-08-11,87.015,87.015,87.015,87.015,100,0
2017-08-14,87.792,87.792,87.792,87.792,100,0
2017-08-15,87.772,87.772,87.772,87.772,100,0
2017-08-16,88.011,88.011,88.011,88.011,100,0
2017-08-17,87.444,87.503,87.444,87.503,552,0
2017-08-18,86.856,86.856,86.856,86.856,100,0
2017-08-22,87.653,87.673,87.543,87.543,402,0
2017-08-24,87.185,87.185,87.185,87.185,100,0
2017-08-25,87.523,87.523,87.523,87.523,100,0
2017-08-28,87.722,87.782,87.673,87.702,5934,0
2017-08-31,88.245,88.245,88.24,88.24,246,0
2017-09-05,88.38,88.38,88.041,88.161,967,0
2017-09-06,88.479,88.479,88.479,88.479,306,0
2017-09-07,88.539,88.539,88.539,88.539,136,0
2017-09-08,88.579,88.579,88.579,88.579,110,0
2017-09-11,89.246,89.396,89.246,89.396,3797,0
2017-09-12,89.655,89.655,89.655,89.655,238,0
2017-09-14,89.495,89.575,89.495,89.575,654,0
2017-09-15,89.615,89.615,89.595,89.595,300,0
2017-09-21,89.83,89.9,89.83,89.9,500,0
2017-09-22,89.72,89.77,89.72,89.77,64615,0
2017-09-25,89.27,89.31,89.27,89.3099,200478,0
2017-09-26,89.2,89.24,89.2,89.24,336,0
2017-09-27,89.47,89.67,89.47,89.67,237,0
2017-09-28,89.59,89.73,89.5654,89.73,746,0
2017-09-29,89.85,90.11,89.85,90.11,1000,0
2017-10-02,90.083,90.34,90.083,90.3,1975,0
2017-10-03,90.42,90.42,90.26,90.31,2060,0
2017-10-04,90.36,90.43,90.36,90.43,200,0
2017-10-06,90.54,90.6,90.5,90.57,1652,0
2017-10-10,90.88,91,90.88,90.99,498,0
2017-10-12,91.07,91.22,91.07,91.1683,4660,0
2017-10-16,91.5,91.54,91.5,91.54,671,0
2017-10-17,91.43,91.43,91.43,91.43,200,0
2017-10-18,91.72,91.73,91.72,91.73,452,0
2017-10-19,91.29,91.54,91.28,91.54,30898,0
2017-10-20,91.73,91.74,91.73,91.74,2900,0
2017-10-23,91.71,91.71,91.71,91.71,220,0
2017-10-25,91.18,91.18,90.8099,91.13,620,0
2017-10-26,93.1,93.1,91.53,91.59,5613,0
2017-10-27,92.09,92.22,92.09,92.22,3618,0
2017-10-30,92.38,92.4,92.38,92.4,1425,0
2017-10-31,92.22,92.25,92.17,92.17,5850,0
2017-11-01,92.41,92.43,92.41,92.43,231,0
2017-11-03,92.6,92.65,92.6,92.65,10947,0
2017-11-06,92.71,92.84,92.71,92.83,4452,0
2017-11-07,92.87,92.87,92.54,92.55,360,0
2017-11-09,92.3382,92.35,92.33,92.35,84043,0
2017-11-10,92.52,92.539,92.4439,92.4439,380,0
2017-11-15,91.64,91.64,91.62,91.62,400,0
2017-11-16,91.84,92.31,91.84,92.31,600,0
2017-11-17,92.08,92.09,91.97,91.97,2100,0
2017-11-20,92.02,92.23,92.02,92.07,800,0
2017-11-21,92.55,92.65,92.55,92.57,2500,0
2017-11-22,92.81,92.85,92.81,92.85,600,0
2017-11-24,93.12,93.12,93.12,93.12,300,0
2017-11-27,93.12,93.12,93.12,93.12,-,0
2017-11-28,93.19,93.63,93.19,93.63,3400,0
2017-11-29,93.47,93.48,93.47,93.48,300,0
2017-11-30,93.86,93.99,93.86,93.99,600,0
2017-12-01,93.77,93.77,93.77,93.77,200,0
2017-12-04,94.10,94.10,94.10,94.10,600,0
2017-12-05,93.33,93.52,92.92,93.48,12800,0
2017-12-06,93.23,93.23,92.89,93.21,2900,0
2017-12-07,92.95,92.95,92.95,92.95,200,0
2017-12-08,93.43,93.43,93.43,93.43,200,0
2017-12-11,94.01,94.06,94.01,94.06,500,0
2017-12-12,94.07,94.30,94.07,94.30,85500,0
2017-12-13,94.15,94.15,94.15,94.15,100,0
2017-12-14,94.07,94.07,94.07,94.07,200,0
2017-12-15,94.07,94.07,94.07,94.07,-,0
2017-12-18,95.34,95.37,95.27,95.27,1200,0
2017-12-19,95.06,95.17,95.06,95.17,4400,0
2017-12-20,94.86,94.90,94.86,94.90,1000,0
2017-12-21,94.90,94.90,94.90,94.90,100,0
2017-12-22,94.75,94.86,94.67,94.86,13200,0
2017-12-26,94.86,94.86,94.86,94.86,-,0
2017-12-27,94.83,94.89,94.83,94.89,300,0
2017-12-28,94.98,95.04,94.98,95.04,1400,0
2017-12-29,95.10,95.10,94.98,94.98,200,0
2018-01-02,95.37,95.46,95.37,95.46,600,0
2018-01-03,96.01,96.04,96.01,96.04,15700,0
2018-01-04,96.65,96.85,96.65,96.85,1000,0
2018-01-05,97.12,97.27,97.12,97.27,5100,0
2018-01-08,97.36,97.42,97.36,97.42,1100,0
2018-01-09,97.68,97.68,97.42,97.42,1900,0
2018-01-10,97.51,97.54,97.51,97.51,800,0
2018-01-11,97.79,98.00,97.79,98.00,300,0
2018-01-12,98.47,99.03,98.47,98.98,17500,0
2018-01-16,99.62,99.62,98.91,98.91,1400,0
2018-01-17,99.74,99.74,99.64,99.64,300,0
2018-01-18,99.59,99.59,99.47,99.47,400,0
2018-01-19,99.97,99.97,99.93,99.94,3700,0
2018-01-22,99.93,100.53,99.93,100.53,800,0
2018-01-23,100.97,101.07,100.97,101.07,1000,0
2018-01-24,101.11,101.30,101.11,101.30,2200,0
2018-01-25,100.90,100.94,100.78,100.88,1200,0
2018-01-26,101.43,101.95,101.43,101.95,1100,0
2018-01-29,101.64,101.64,101.64,101.64,200,0
2018-01-30,100.68,100.70,100.55,100.55,21400,0
2018-01-31,100.26,100.26,100.23,100.23,700,0
2018-02-01,100.18,100.18,99.98,99.98,2600,0
2018-02-02,99.10,99.10,97.99,97.99,5600,0
2018-02-05,97.23,97.70,97.23,97.23,1300,0
2018-02-06,93.07,95.66,92.74,95.56,17100,0
2018-02-07,95.53,96.07,95.24,95.24,2000,0
2018-02-08,94.81,94.86,92.53,92.53,1200,0
2018-02-09,91.92,92.04,91.92,92.04,19000,0
2018-02-12,93.27,94.14,93.27,94.14,1000,0
2018-02-13,94.45,94.83,94.44,94.62,1300,0
2018-02-14,94.41,94.41,94.34,94.34,400,0
2018-02-15,96.34,96.92,96.34,96.92,400,0
2018-02-16,97.25,97.57,97.18,97.18,1500,0
2018-02-20,96.53,96.53,96.53,96.53,200,0
2018-02-21,96.11,96.11,96.11,96.11,200,0
2018-02-22,96.75,96.75,96.32,96.32,2200,0
2018-02-23,97.12,97.45,97.07,97.45,11400,0
2018-02-26,97.97,97.97,97.94,97.94,400,0
2018-02-27,97.63,97.63,97.63,97.63,200,0
2018-02-28,96.95,96.95,96.45,96.45,400,0
2018-03-01,-,-,-,-,-,0
2018-03-02,94.61,94.98,94.61,94.98,5400,0
2018-03-05,95.27,96.02,95.27,96.02,700,0
2018-03-06,96.39,96.48,96.39,96.48,400,0
2018-03-07,96.02,96.02,96.02,96.02,200,0
2018-03-08,96.77,96.77,96.77,96.77,500,0
2018-03-09,97.21,97.88,97.21,97.88,8700,0
2018-03-12,98.39,98.39,98.39,98.39,500,0
2018-03-13,98.13,98.13,97.42,97.42,2200,0
2018-03-14,97.22,97.28,97.18,97.18,1300,0
2018-03-15,97.26,97.26,97.26,97.26,200,0
2018-03-16,97.44,97.44,97.43,97.43,200,0
2018-03-19,96.53,96.58,95.50,95.50,3100,0
2018-03-20,95.89,95.89,95.89,95.89,100,0
2018-03-21,95.85,96.09,95.69,96.09,5000,0
2018-03-22,94.75,94.75,93.52,93.52,2100,0
2018-03-23,93.39,93.70,92.44,92.44,800,0
2018-03-26,93.23,93.23,93.19,93.19,500,0
2018-03-27,94.34,94.36,94.33,94.33,700,0
2018-03-28,93.18,93.18,93.18,93.18,200,0
2018-03-29,94.31,94.44,94.19,94.21,8000,0
2018-04-02,93.80,93.80,91.73,91.97,9500,0
2018-04-03,92.88,93.22,92.88,93.22,900,0
2018-04-04,92.58,94.17,92.58,94.17,800,0
2018-04-05,95.18,95.19,95.16,95.19,1000,0
2018-04-06,94.70,94.75,93.25,93.28,9800,0
2018-04-09,94.19,94.19,94.19,94.19,1000,0