Date,Open,High,Low,Close,Volume,OpenInt
2017-09-13,10.1201,12.42,10,12,80083,0
2017-09-14,12.5,13.9499,11.85,12.19,301333,0
2017-09-15,12.55,12.7112,11.7001,12,77957,0
2017-09-18,11.37,11.99,11.15,11.365,83514,0
2017-09-19,11.34,11.35,10.1702,11.3,79181,0
2017-09-20,11.5,11.85,11.15,11.69,43991,0
2017-09-21,11.75,12.48,11.7401,11.7401,22519,0
2017-09-22,12.02,12.5,11.7501,11.8101,14232,0
2017-09-25,11.82,11.95,11.31,11.51,44987,0
2017-09-26,11.5201,11.6161,11.32,11.4,10414,0
2017-09-27,11.3,11.88,11.3,11.56,28551,0
2017-09-28,11.74,11.74,11,11.3,30730,0
2017-09-29,11.3662,11.3662,10.8,11.09,28187,0
2017-10-02,11.46,11.7351,11.25,11.4,23276,0
2017-10-03,11.74,11.74,11.505,11.697,9442,0
2017-10-04,11.74,11.749,11.5,11.5,13309,0
2017-10-05,11.6,11.74,11.2,11.74,25648,0
2017-10-06,11.93,12,11.44,11.78,18889,0
2017-10-09,11.53,13.2,11.53,12.17,58895,0
2017-10-10,12.8,12.8,11.52,12.0535,59164,0
2017-10-11,11.9,12.48,11.9,12.03,57574,0
2017-10-12,12.2,13,11.6,12.35,83280,0
2017-10-13,12.36,12.4,12,12.04,32720,0
2017-10-16,12.04,12.04,9.99,10.56,162595,0
2017-10-17,10.56,10.56,10,10.55,60494,0
2017-10-18,10.09,11.04,9.07,10.36,73141,0
2017-10-19,9.89,10.6708,9.89,10.4,15128,0
2017-10-20,10.45,10.7299,10.3,10.4399,12174,0
2017-10-23,10.3866,10.48,9.761,10.19,22661,0
2017-10-24,9.91,10.22,9.91,10.14,12961,0
2017-10-25,9.88,10.24,9.85,9.89,16394,0
2017-10-26,10,10.24,9.75,9.83,8779,0
2017-10-27,9.66,9.749,9.211,9.65,21889,0
2017-10-30,10.05,10.05,9.1486,9.4638,12502,0
2017-10-31,9.25,9.5,9.25,9.49,11944,0
2017-11-01,9.42,9.42,8.0001,9.05,23826,0
2017-11-02,9.06,9.5,9.06,9.36,5140,0
2017-11-03,9.55,9.6,9.4947,9.56,6896,0
2017-11-06,9.21,9.44,8.99,9.26,13749,0
2017-11-07,9.3,9.3,9.02,9.1702,8233,0
2017-11-08,8.62,9.3,8.61,9.2885,5358,0
2017-11-09,9.2524,9.27,9.0561,9.1201,802,0
2017-11-10,8.72,9.98,8.72,9.98,22774,0
2017-11-13,10.190,10.250,9.990,10.185,5700,0
2017-11-14,10.280,10.280,9.200,10.080,17900,0
2017-11-15,10.175,10.175,9.730,10.100,3200,0
2017-11-16,9.780,10.200,9.110,10.090,31700,0
2017-11-17,9.450,10.000,9.450,10.000,15300,0
2017-11-20,10.000,10.299,10.000,10.200,16100,0
2017-11-21,10.300,10.470,9.797,10.070,15000,0
2017-11-22,10.000,10.150,9.962,10.140,3800,0
2017-11-24,10.150,10.150,9.590,9.950,16800,0
2017-11-27,9.950,10.180,9.709,9.870,12600,0
2017-11-28,9.900,10.000,9.370,9.700,9100,0
2017-11-29,9.700,9.850,9.300,9.360,16400,0
2017-11-30,9.300,9.710,9.040,9.690,29200,0
2017-12-01,9.130,9.670,9.060,9.570,6400,0
2017-12-04,9.570,9.570,8.650,9.000,19900,0
2017-12-05,9.490,9.490,8.740,8.990,13900,0
2017-12-06,8.729,8.960,8.729,8.905,7400,0
2017-12-07,8.900,9.100,8.620,8.990,6900,0
2017-12-08,8.500,9.470,8.500,9.250,101200,0
2017-12-11,9.161,9.187,8.610,8.970,40100,0
2017-12-12,8.970,9.030,8.900,8.900,13500,0
2017-12-13,8.943,9.160,8.800,8.900,43400,0
2017-12-14,8.995,9.140,8.995,9.050,12200,0
2017-12-15,9.132,9.159,9.060,9.150,26300,0
2017-12-18,9.160,9.400,9.140,9.300,12600,0
2017-12-19,9.150,9.250,9.050,9.200,23200,0
2017-12-20,9.400,9.400,9.140,9.390,11100,0
2017-12-21,9.145,9.500,9.050,9.330,20000,0
2017-12-22,9.481,9.500,9.160,9.300,8000,0
2017-12-26,9.405,9.940,9.240,9.550,37500,0
2017-12-27,9.500,9.950,8.750,9.420,82100,0
2017-12-28,9.390,9.920,9.350,9.540,62900,0
2017-12-29,9.500,10.050,9.500,10.020,33900,0
2018-01-02,9.980,11.240,9.821,10.150,24800,0
2018-01-03,10.090,10.320,9.781,9.900,10600,0
2018-01-04,10.130,10.130,9.750,10.000,10300,0
2018-01-05,10.050,10.112,9.820,9.980,12700,0
2018-01-08,9.820,9.820,9.540,9.590,11600,0
2018-01-09,9.669,10.070,9.479,9.600,23600,0
2018-01-10,9.760,9.800,9.490,9.600,19900,0
2018-01-11,9.230,9.660,9.230,9.460,16900,0
2018-01-12,9.480,9.700,9.410,9.443,12400,0
2018-01-16,9.450,9.800,9.020,9.260,9300,0
2018-01-17,9.106,9.420,9.100,9.210,9400,0
2018-01-18,9.270,9.620,9.060,9.400,11200,0
2018-01-19,9.490,9.730,9.400,9.630,10700,0
2018-01-22,9.540,9.700,9.400,9.400,12600,0
2018-01-23,9.314,9.500,9.314,9.410,5600,0
2018-01-24,9.410,9.480,9.310,9.329,6300,0
2018-01-25,9.340,9.380,9.110,9.110,5700,0
2018-01-26,9.080,9.310,9.050,9.160,23300,0
2018-01-29,9.160,9.180,8.800,8.890,19900,0
2018-01-30,8.910,9.001,8.800,8.980,18400,0
2018-01-31,9.000,9.185,8.850,8.850,21000,0
2018-02-01,8.650,9.080,8.650,8.830,14400,0
2018-02-02,8.880,9.075,8.880,8.990,5300,0
2018-02-05,8.890,9.010,8.260,8.380,15900,0
2018-02-06,8.200,8.850,8.200,8.430,8500,0
2018-02-07,8.600,8.995,8.310,8.330,11900,0
2018-02-08,8.500,8.710,8.300,8.710,24800,0
2018-02-09,8.870,8.900,7.554,8.260,12700,0
2018-02-12,8.120,8.900,8.120,8.900,12000,0
2018-02-13,8.556,8.800,7.900,8.504,14100,0
2018-02-14,8.320,8.900,8.280,8.450,24900,0
2018-02-15,8.430,8.852,8.430,8.660,26400,0
2018-02-16,8.660,9.500,8.620,9.010,53400,0
2018-02-20,9.330,9.495,9.110,9.110,28700,0
2018-02-21,9.490,9.589,9.050,9.310,68700,0
2018-02-22,9.650,9.650,9.050,9.130,55300,0
2018-02-23,9.300,9.350,8.942,9.160,33200,0
2018-02-26,9.000,9.600,8.990,9.500,40600,0
2018-02-27,9.600,9.660,9.410,9.520,28300,0
2018-02-28,9.470,9.543,9.120,9.230,64300,0
2018-03-01,9.250,9.473,9.110,9.370,14900,0
2018-03-02,9.380,9.430,9.010,9.190,52900,0
2018-03-05,9.100,9.250,9.100,9.180,8100,0
2018-03-06,9.150,9.250,9.010,9.160,20000,0
2018-03-07,9.020,9.240,8.990,9.240,11200,0
2018-03-08,9.100,9.420,9.050,9.190,21300,0
2018-03-09,9.290,9.431,8.910,9.400,13400,0
2018-03-12,9.510,9.700,9.160,9.270,62600,0
2018-03-13,9.470,9.836,9.020,9.375,48800,0
2018-03-14,9.590,9.800,9.066,9.430,69000,0
2018-03-15,9.340,9.789,9.340,9.410,71800,0
2018-03-16,9.480,9.780,9.380,9.570,11300,0
2018-03-19,9.579,9.680,9.280,9.510,16700,0
2018-03-20,9.729,9.729,9.575,9.700,33600,0
2018-03-21,10.500,10.800,9.740,10.350,470400,0
2018-03-22,10.480,10.878,10.480,10.730,121400,0
2018-03-23,10.730,11.700,10.720,10.940,109400,0
2018-03-26,11.200,11.310,10.334,10.900,63600,0
2018-03-27,12.260,12.260,10.850,11.300,279900,0
2018-03-28,11.330,12.500,11.300,12.100,286100,0
2018-03-29,12.040,12.095,11.566,12.095,106600,0
2018-04-02,12.250,12.740,11.880,12.170,109000,0
2018-04-03,12.060,12.860,11.980,12.590,81200,0
2018-04-04,12.610,12.950,12.500,12.580,61300,0
2018-04-05,12.680,13.380,12.680,13.030,65300,0
2018-04-06,13.026,14.340,13.009,14.070,123100,0
2018-04-09,14.240,14.820,13.640,14.360,284996,0