Date,Open,High,Low,Close,Volume,OpenInt
2017-03-27,49.589,49.589,49.441,49.579,1825,0
2017-03-28,49.233,49.481,49.233,49.405,4661,0
2017-03-29,49.511,49.511,49.461,49.461,1123,0
2017-03-30,49.471,49.481,49.431,49.451,2535,0
2017-03-31,49.491,49.491,49.439,49.441,23344,0
2017-04-03,49.56,49.657,49.54,49.657,6007,0
2017-04-04,49.677,49.677,49.56,49.56,4767,0
2017-04-05,49.54,49.56,49.481,49.56,5473,0
2017-04-06,49.57,49.57,49.431,49.52,24763,0
2017-04-07,49.597,49.598,49.481,49.481,12339,0
2017-04-10,49.537,49.537,49.501,49.511,5977,0
2017-04-11,49.647,49.776,49.623,49.776,11453,0
2017-04-12,49.776,49.866,49.756,49.756,52505,0
2017-04-13,49.866,49.87,49.866,49.87,540,0
2017-04-17,49.899,50,49.786,49.786,6587,0
2017-04-18,50.003,50.081,49.925,49.925,4116,0
2017-04-19,49.941,49.955,49.925,49.935,1979,0
2017-04-20,49.931,49.931,49.905,49.915,94852,0
2017-04-21,49.984,49.984,49.697,49.925,31634,0
2017-04-24,49.756,49.819,49.746,49.819,26163,0
2017-04-25,49.737,49.766,49.703,49.766,29332,0
2017-04-26,49.737,49.796,49.707,49.796,6618,0
2017-04-27,49.755,49.846,49.717,49.846,43650,0
2017-04-28,49.774,49.886,49.746,49.866,11790,0
2017-05-01,49.856,49.856,49.846,49.856,1092,0
2017-05-02,49.983,50.073,49.786,49.786,10465,0
2017-05-03,49.964,50.024,49.915,49.964,9204,0
2017-05-04,49.789,51.781,49.766,49.935,18705,0
2017-05-05,49.886,49.925,49.875,49.882,10020,0
2017-05-08,49.905,49.905,49.851,49.876,4182,0
2017-05-09,49.833,49.833,49.789,49.826,1496,0
2017-05-10,49.905,49.915,49.796,49.806,6651,0
2017-05-11,49.847,49.895,49.717,49.895,4239,0
2017-05-12,50.019,50.034,49.974,50.024,1604,0
2017-05-15,49.352,50.014,49.352,49.994,2542,0
2017-05-16,50.044,50.054,49.97,50.044,3238,0
2017-05-17,50.35,50.35,50.247,50.29,2496,0
2017-05-18,50.27,50.27,50.26,50.26,338,0
2017-05-19,50.191,50.231,50.099,50.231,928,0
2017-05-22,50.231,50.25,50.065,50.25,3358,0
2017-05-23,50.081,50.249,50.081,50.144,14827,0
2017-05-24,50.179,50.487,50.159,50.259,16638,0
2017-05-25,50.359,50.397,50.209,50.209,20140,0
2017-05-26,50.379,50.417,50.289,50.329,6049,0
2017-05-30,50.427,50.487,50.289,50.289,7815,0
2017-05-31,50.309,50.437,50.279,50.433,3616,0
2017-06-01,50.399,50.399,50.399,50.399,506,0
2017-06-02,50.586,50.586,50.491,50.497,4257,0
2017-06-05,50.487,50.578,50.487,50.537,3227,0
2017-06-06,50.579,50.645,50.548,50.625,6893,0
2017-06-07,50.551,50.674,50.407,50.407,5327,0
2017-06-08,50.407,50.519,50.289,50.289,3340,0
2017-06-09,50.527,50.527,50.289,50.289,1538,0
2017-06-12,50.401,50.487,50.368,50.402,1417,0
2017-06-13,50.299,50.525,50.289,50.289,6394,0
2017-06-14,50.309,50.703,50.309,50.417,1545,0
2017-06-15,50.596,50.596,50.497,50.497,1428,0
2017-06-16,50.548,50.674,50.548,50.635,842,0
2017-06-19,50.359,50.447,50.359,50.437,854,0
2017-06-20,50.444,50.615,50.444,50.557,1208,0
2017-06-21,50.635,50.704,50.507,50.507,33655,0
2017-06-22,50.589,50.72,50.589,50.72,1454,0
2017-06-23,50.69,50.73,50.539,50.73,1600,0
2017-06-26,50.635,50.695,50.591,50.591,3742,0
2017-06-27,50.492,50.571,50.422,50.422,40214,0
2017-06-28,50.384,50.452,50.374,50.388,56065,0
2017-06-29,50.284,50.552,50.264,50.334,92749,0
2017-06-30,50.354,50.374,50.244,50.308,7487,0
2017-07-03,50.314,50.314,50.173,50.173,1121,0
2017-07-05,50.184,50.282,50.106,50.124,13742,0
2017-07-06,50.134,50.144,49.986,49.986,2453,0
2017-07-07,50.393,50.393,50.088,50.104,3099,0
2017-07-10,50.144,50.164,50.028,50.164,3598,0
2017-07-11,50.064,50.064,49.976,50.026,1865,0
2017-07-12,50.324,50.324,50.235,50.304,4178,0
2017-07-13,50.234,50.234,50.181,50.234,3723,0
2017-07-14,50.253,50.334,50.244,50.244,1535,0
2017-07-17,50.174,50.354,50.174,50.354,3306,0
2017-07-18,50.462,50.512,50.284,50.502,1341,0
2017-07-19,50.472,50.492,50.437,50.472,1936,0
2017-07-20,50.522,50.571,50.402,50.458,3266,0
2017-07-21,50.541,50.58,50.481,50.532,3533,0
2017-07-24,50.383,50.54,50.383,50.531,752,0
2017-07-25,50.351,50.401,50.163,50.373,4877,0
2017-07-26,50.393,50.482,50.244,50.482,2197,0
2017-07-27,50.401,50.411,50.349,50.411,1745,0
2017-07-28,50.441,50.59,50.333,50.441,7891,0
2017-07-31,50.431,50.431,50.293,50.411,7309,0
2017-08-01,50.347,50.551,50.333,50.551,21777,0
2017-08-02,50.451,50.61,50.451,50.521,7666,0
2017-08-03,50.541,50.64,50.541,50.64,4482,0
2017-08-04,50.461,50.481,50.456,50.481,1631,0
2017-08-07,50.466,50.551,50.429,50.507,13458,0
2017-08-08,50.42,50.481,50.383,50.481,4900,0
2017-08-09,50.68,50.71,50.605,50.62,8174,0
2017-08-10,50.524,50.6,50.514,50.572,2492,0
2017-08-11,50.62,50.66,50.544,50.654,2904,0
2017-08-14,50.551,50.58,50.507,50.58,2988,0
2017-08-15,50.461,50.521,50.455,50.455,3364,0
2017-08-16,50.373,50.68,50.373,50.64,10846,0
2017-08-17,50.56,50.67,50.491,50.67,937,0
2017-08-18,50.64,50.64,50.64,50.64,583,0
2017-08-21,50.7,50.7,50.685,50.7,1691,0
2017-08-22,50.634,50.744,50.613,50.724,15335,0
2017-08-23,50.644,50.697,50.644,50.697,557,0
2017-08-24,50.666,50.784,50.666,50.784,6010,0
2017-08-25,50.694,50.764,50.618,50.764,96320,0
2017-08-28,50.681,50.883,50.681,50.843,4317,0
2017-08-29,50.932,50.932,50.853,50.853,1636,0
2017-08-30,50.774,50.794,50.774,50.794,1853,0
2017-08-31,50.838,50.942,50.823,50.863,2907,0
2017-09-01,50.774,50.843,50.724,50.764,1596,0
2017-09-05,51.002,51.142,50.932,51.142,8028,0
2017-09-06,50.992,51.022,50.972,50.972,1630,0
2017-09-07,51.102,51.102,51.075,51.075,372,0
2017-09-08,51.252,51.252,50.982,51.032,4001,0
2017-09-11,50.883,51.182,50.883,50.982,12855,0
2017-09-12,50.744,50.93,50.734,50.922,2959,0
2017-09-13,50.807,50.931,50.774,50.873,18013,0
2017-09-14,50.893,50.941,50.893,50.912,25158,0
2017-09-15,50.779,50.942,50.756,50.924,4127,0
2017-09-18,50.972,50.972,50.664,50.704,13634,0
2017-09-19,50.684,50.952,50.674,50.784,68184,0
2017-09-20,50.724,50.803,50.654,50.694,6967,0
2017-09-21,50.785,50.794,50.725,50.725,2442,0
2017-09-22,50.695,50.795,50.695,50.695,3917,0
2017-09-25,50.845,50.894,50.845,50.885,2207,0
2017-09-26,50.835,50.844,50.806,50.835,6988,0
2017-09-27,50.695,50.705,50.651,50.695,4709,0
2017-09-28,50.586,50.727,50.586,50.665,1053,0
2017-09-29,50.693,50.815,50.647,50.765,40934,0
2017-10-02,50.745,50.745,50.634,50.634,2673,0
2017-10-03,50.775,50.785,50.775,50.785,1306,0
2017-10-04,50.719,50.795,50.719,50.795,41143,0
2017-10-05,50.698,50.715,50.618,50.685,6454,0
2017-10-06,50.635,50.705,50.594,50.685,6809,0
2017-10-09,50.705,50.735,50.625,50.735,17361,0
2017-10-10,50.715,50.815,50.662,50.715,4697,0
2017-10-11,50.765,50.785,50.575,50.635,65980,0
2017-10-12,50.686,50.738,50.685,50.705,11327,0
2017-10-13,50.725,50.883,50.705,50.745,43707,0
2017-10-16,50.756,50.756,50.714,50.724,2302,0
2017-10-17,50.775,50.785,50.72,50.765,4527,0
2017-10-18,50.715,50.725,50.665,50.675,35153,0
2017-10-19,50.705,53.294,50.695,50.705,493280,0
2017-10-20,50.65,50.69,50.5367,50.58,52278,0
2017-10-23,50.6699,50.9,50.5939,50.67,14535,0
2017-10-24,50.5447,50.61,50.528,50.59,8228,0
2017-10-25,50.52,50.58,50.5,50.57,9306,0
2017-10-26,50.61,50.61,50.52,50.53,5968,0
2017-10-27,50.581,50.64,50.5269,50.5917,23815,0
2017-10-30,50.6899,50.769,50.65,50.75,11415,0
2017-10-31,50.63,50.75,50.63,50.7399,9090,0
2017-11-01,50.79,50.85,50.71,50.79,28862,0
2017-11-02,50.78,50.869,50.72,50.81,30062,0
2017-11-03,50.82,50.87,50.72,50.75,39322,0
2017-11-06,50.79,50.9,50.79,50.8607,6211,0
2017-11-07,50.88,51.01,50.82,50.83,18184,0
2017-11-08,50.88,50.96,50.8434,50.88,17040,0
2017-11-09,50.8,50.95,50.7799,50.82,78543,0
2017-11-10,50.68,50.7,50.6201,50.64,5930,0
2017-11-20,50.9300,51.0220,50.7740,50.8300,106600,0
2017-11-21,50.8000,50.9400,50.6700,50.6700,96600,0
2017-11-22,50.7650,50.9450,50.7100,50.8750,36400,0
2017-11-24,50.8700,50.8900,50.8170,50.8700,2100,0
2017-11-27,50.8360,51.0000,50.7850,50.8800,55800,0
2017-11-28,50.9500,51.0200,50.8660,50.9200,70100,0
2017-11-29,51.0700,51.0700,50.6680,50.7400,68600,0
2017-11-30,50.7400,51.6000,50.5730,50.6500,375600,0
2017-12-01,50.7400,51.0800,50.7050,50.7100,70300,0
2017-12-04,50.7700,51.0200,50.7500,50.8000,67700,0
2017-12-05,50.7900,51.0710,50.7700,50.8400,45000,0
2017-12-06,51.0100,51.1600,50.9200,50.9400,205000,0
2017-12-07,50.9400,51.0000,50.8200,50.8500,81400,0
2017-12-08,50.8300,51.0900,50.7800,50.8500,140400,0
2017-12-11,50.9000,50.9000,50.8300,50.8300,66400,0
2017-12-12,51.0400,51.0400,50.7830,50.8100,69700,0
2017-12-13,50.9500,51.0700,50.8310,50.9890,188400,0
2017-12-14,51.0600,51.0600,50.8600,50.9600,64000,0
2017-12-15,51.0500,51.0990,50.9100,50.9600,76500,0
2017-12-18,51.0000,51.0000,50.8400,50.9000,254500,0
2017-12-19,51.0200,51.0200,50.6000,50.7200,145500,0
2017-12-20,50.7500,50.7500,50.5320,50.6300,107500,0
2017-12-21,50.5800,50.6900,50.5300,50.6000,230700,0
2017-12-22,50.5990,50.6400,50.5500,50.5500,198600,0
2017-12-26,50.5400,50.7600,50.5400,50.6200,324800,0
2017-12-27,50.7700,50.9000,50.6800,50.8400,211500,0
2017-12-28,50.7800,50.8900,50.7100,50.7500,115800,0
2017-12-29,50.8200,50.8610,50.7470,50.7500,125500,0
2018-01-02,50.7900,50.8400,50.6000,50.6800,69900,0
2018-01-03,50.8000,50.8000,50.6500,50.6800,33600,0
2018-01-04,50.6500,50.7210,50.5500,50.7100,266900,0
2018-01-05,50.7000,50.7430,50.5900,50.6400,154000,0
2018-01-08,50.6730,50.6800,50.6400,50.6400,44900,0
2018-01-09,50.6300,50.6300,50.4500,50.4700,62700,0
2018-01-10,50.4000,50.5100,50.4000,50.5000,51100,0
2018-01-11,50.4800,50.5600,50.4000,50.5340,24800,0
2018-01-12,50.4900,50.5700,50.4500,50.4900,33800,0
2018-01-16,50.5600,50.5900,50.5290,50.5600,49200,0
2018-01-17,50.5700,50.5700,50.4650,50.5100,45700,0
2018-01-18,50.3800,50.4600,50.3100,50.3100,33500,0
2018-01-19,50.3700,50.4000,50.2600,50.2700,29400,0
2018-01-22,50.3700,50.4100,50.2400,50.3170,43600,0
2018-01-23,50.2900,50.3240,50.2200,50.2900,40000,0
2018-01-24,50.2400,50.2700,50.1300,50.2300,59900,0
2018-01-25,50.2000,50.3000,50.1790,50.2800,25100,0
2018-01-26,50.2900,50.3000,50.1900,50.1900,101200,0
2018-01-29,50.1500,50.2300,50.1000,50.1700,89800,0
2018-01-30,50.1500,50.1900,50.0110,50.1300,69600,0
2018-01-31,50.1700,50.1700,49.9400,50.0960,48200,0
2018-02-01,50.1800,50.1890,49.9300,49.9500,28500,0
2018-02-02,49.9100,49.9500,49.6900,49.7800,48100,0
2018-02-05,49.8100,50.0800,49.7210,50.0800,59600,0
2018-02-06,49.8400,49.9500,49.7900,49.7900,46800,0
2018-02-07,49.7900,49.9100,49.7600,49.7900,31400,0
2018-02-08,49.6900,49.8000,49.5900,49.7200,43100,0
2018-02-09,49.6300,49.7700,49.6300,49.6500,89400,0
2018-02-12,49.6600,49.7600,49.6000,49.7240,31600,0
2018-02-13,49.7900,49.7900,49.6150,49.6600,44800,0
2018-02-14,49.5600,49.6600,49.4800,49.5000,26400,0
2018-02-15,49.5000,49.6300,49.5000,49.5200,14100,0
2018-02-16,49.6200,49.7100,49.6000,49.6000,99800,0
2018-02-20,49.5900,49.6340,49.4700,49.5990,128800,0
2018-02-21,49.5300,49.5400,49.2400,49.2600,76900,0
2018-02-22,49.3600,49.4390,49.2900,49.3150,39500,0
2018-02-23,49.4800,49.5300,49.3640,49.4290,11500,0
2018-02-26,49.5480,49.5870,49.5000,49.5000,15800,0
2018-02-27,49.4600,49.5200,49.2700,49.3200,30900,0
2018-02-28,49.3900,49.4700,49.3200,49.4380,29300,0
2018-03-01,49.5080,49.5680,49.4000,49.5220,23500,0
2018-03-02,49.5900,49.5900,49.3850,49.4360,10700,0
2018-03-05,49.4300,49.5060,49.3500,49.3900,20800,0
2018-03-06,49.3670,49.4900,49.3400,49.4400,42800,0
2018-03-07,49.4500,49.4600,49.3400,49.4200,14800,0
2018-03-08,49.4800,49.5400,49.3400,49.5000,18000,0
2018-03-09,49.3200,49.4400,49.2700,49.3100,34100,0
2018-03-12,49.4600,49.4800,49.3100,49.3600,22800,0
2018-03-13,49.5400,49.5400,49.3900,49.4800,65000,0
2018-03-14,49.3810,49.6300,49.3810,49.5100,7000,0
2018-03-15,49.6100,49.6300,49.4700,49.4900,35400,0
2018-03-16,49.4600,49.5500,49.4410,49.4630,17000,0
2018-03-19,49.4900,49.5800,49.3690,49.4900,21500,0
2018-03-20,49.4100,49.4600,49.3400,49.3400,26200,0
2018-03-21,49.3580,49.4000,49.2600,49.3100,83500,0
2018-03-22,49.4000,49.4290,49.2000,49.2300,175500,0
2018-03-23,49.3600,49.3900,49.2500,49.3000,72100,0
2018-03-26,49.2500,49.3700,49.2210,49.3000,47500,0
2018-03-27,49.3100,49.4800,49.3100,49.4600,31200,0
2018-03-28,49.5200,49.5600,49.4200,49.4500,33700,0
2018-03-29,49.5010,49.6600,49.4800,49.6600,23900,0
2018-04-02,49.6500,49.7200,49.4700,49.6700,17800,0
2018-04-03,49.5500,49.6600,49.4700,49.5800,159600,0
2018-04-04,49.5320,49.6700,49.4000,49.4500,111200,0
2018-04-05,49.5000,49.5800,49.3360,49.3800,90600,0
2018-04-06,49.5630,49.6300,49.4000,49.5300,14000,0
2018-04-09,49.5700,49.6100,49.3901,49.5914,24152,0