Date,Open,High,Low,Close,Volume,OpenInt
2017-01-30,24.281,24.281,24.146,24.146,506,0
2017-01-31,24.36,24.36,24.36,24.36,411,0
2017-02-01,24.34,24.34,24.34,24.34,312,0
2017-02-03,24.482,24.508,24.482,24.508,566,0
2017-02-06,24.419,24.419,24.419,24.419,632,0
2017-02-14,24.676,24.676,24.676,24.676,121379,0
2017-03-07,24.794,24.794,24.794,24.794,405,0
2017-03-08,24.785,24.785,24.746,24.746,303,0
2017-03-14,24.933,24.933,24.933,24.933,405,0
2017-03-15,24.963,25.279,24.963,25.279,607,0
2017-03-20,25.279,25.279,25.279,25.279,0,0
2017-03-21,25.319,25.319,25.319,25.319,202,0
2017-03-22,25.19,25.339,25.19,25.325,607,0
2017-03-23,25.438,25.438,25.438,25.438,759,0
2017-03-31,25.477,25.497,25.477,25.497,2529,0
2017-04-06,25.398,25.398,25.398,25.398,101,0
2017-04-21,25.378,25.378,25.366,25.366,809,0
2017-04-24,25.556,25.556,25.556,25.556,405,0
2017-04-25,26.021,26.055,26.021,26.055,2033,0
2017-04-28,26.09,26.09,26.08,26.08,809,0
2017-05-02,26.408,26.416,26.408,26.408,516,0
2017-05-05,26.545,26.545,26.524,26.524,445,0
2017-05-09,26.664,26.673,26.634,26.634,1871,0
2017-05-10,26.603,26.603,26.584,26.584,486,0
2017-05-11,26.535,26.584,26.535,26.545,4956,0
2017-05-12,26.673,26.673,26.673,26.673,243,0
2017-05-15,26.743,26.743,26.743,26.743,101,0
2017-05-16,26.888,26.921,26.888,26.921,3914,0
2017-05-17,26.685,26.685,26.683,26.683,841,0
2017-05-18,26.406,26.495,26.406,26.495,698,0
2017-05-23,26.945,26.954,26.945,26.954,759,0
2017-05-31,26.871,26.871,26.871,26.871,405,0
2017-06-12,26.802,26.857,26.802,26.857,1261,0
2017-06-15,26.654,26.654,26.643,26.643,281,0
2017-06-20,26.865,26.865,26.865,26.865,300,0
2017-06-22,27.07,27.07,27.07,27.07,258,0
2017-06-29,27.15,27.15,27.15,27.15,350,0
2017-06-30,27.021,27.0447,27.021,27.0447,608,0
2017-07-10,26.841,26.841,26.841,26.841,180,0
2017-07-17,27.59,27.59,27.5782,27.5782,350,0
2017-07-19,27.91,27.9192,27.9,27.91,5600,0
2017-07-24,27.92,27.92,27.86,27.89,1446,0
2017-07-26,28.06,28.06,28.06,28.06,100,0
2017-07-27,28.21,28.22,28.02,28.06,1061,0
2017-07-28,27.9,27.9,27.9,27.9,200,0
2017-08-01,28.2399,28.2399,28.21,28.21,353,0
2017-08-03,28.12,28.12,28.09,28.09,227,0
2017-08-07,28.183,28.28,28.183,28.28,8463,0
2017-08-08,28.22,28.22,28.22,28.22,125,0
2017-08-10,27.75,27.75,27.75,27.75,100,0
2017-08-11,27.525,27.55,27.5,27.52,6703,0
2017-08-14,27.7581,27.76,27.748,27.748,990,0
2017-08-15,27.649,27.65,27.64,27.64,730,0
2017-08-17,27.9,27.9,27.6751,27.6751,960,0
2017-08-18,27.8771,27.89,27.87,27.89,881,0
2017-08-21,27.76,27.82,27.76,27.82,375,0
2017-08-24,28.025,28.0299,28.025,28.0299,500,0
2017-08-25,28.1,28.15,28.1,28.15,710,0
2017-08-28,28.0699,28.0699,28.0699,28.0699,153,0
2017-08-30,27.98,28.01,27.98,28.01,1841,0
2017-08-31,28.14,28.18,28.14,28.18,856,0
2017-09-01,28.284,28.284,28.284,28.284,640,0
2017-09-05,28.01,28.01,28.01,28.01,153,0
2017-09-06,28.24,28.24,28.24,28.24,822,0
2017-09-07,28.38,28.38,28.38,28.38,112,0
2017-09-08,28.37,28.37,28.37,28.37,321,0
2017-09-11,28.66,28.66,28.66,28.66,1128,0
2017-09-12,28.7499,28.75,28.7499,28.75,606,0
2017-09-14,28.73,28.73,28.73,28.73,115,0
2017-09-18,28.89,28.89,28.86,28.86,240,0
2017-09-19,28.9791,28.9791,28.9791,28.9791,175,0
2017-09-20,29,29,28.98,28.98,310,0
2017-09-21,28.98,28.9901,28.97,28.9901,340,0
2017-09-22,28.9799,28.9799,28.9615,28.9615,894,0
2017-09-25,28.86,28.86,28.76,28.76,381,0
2017-09-27,28.53,28.536,28.5201,28.5236,729,0
2017-09-28,28.6799,28.6799,28.6799,28.6799,175,0
2017-09-29,28.8247,28.8247,28.8247,28.8247,400,0
2017-10-04,28.97,28.97,28.97,28.97,385,0
2017-10-05,28.95,28.95,28.95,28.95,1000,0
2017-10-09,28.9214,28.9214,28.9214,28.9214,400,0
2017-10-13,29.455,29.455,29.412,29.412,779,0
2017-10-16,29.449,29.449,29.449,29.449,197,0
2017-10-17,29.2588,29.2588,29.2587,29.2587,397,0
2017-10-24,29.182,29.182,29.182,29.182,100,0
2017-10-31,29.42,29.42,29.42,29.42,440,0
2017-11-01,29.62,29.62,29.5513,29.5513,347,0
2017-11-03,29.5399,29.5399,29.5177,29.5177,200,0
2017-11-08,29.6612,29.67,29.6612,29.6612,3475,0
2017-11-09,29.36,29.36,29.29,29.29,884,0
2017-11-10,29.3,29.3512,29.3,29.3512,1100,0
2017-11-13,29.3510,29.3510,29.3510,29.3510,-,0
2017-11-14,29.1000,29.1500,29.1000,29.1500,1200,0
2017-11-15,28.9600,28.9600,28.9600,28.9600,1700,0
2017-11-16,29.4500,29.4600,29.4500,29.4600,1000,0
2017-11-17,29.4600,29.4600,29.4600,29.4600,-,0
2017-11-20,29.4600,29.4600,29.4600,29.4600,-,0
2017-11-21,29.4600,29.4600,29.4600,29.4600,-,0
2017-11-22,29.4600,29.4600,29.4600,29.4600,-,0
2017-11-24,29.4600,29.4600,29.4600,29.4600,-,0
2017-11-27,29.4600,29.4600,29.4600,29.4600,-,0
2017-11-28,29.4600,29.4600,29.4600,29.4600,-,0
2017-11-29,29.4600,29.4600,29.4600,29.4600,-,0
2017-11-30,29.4600,29.4600,29.4600,29.4600,-,0
2017-12-01,29.6000,29.6000,29.5830,29.5830,1100,0
2017-12-04,29.5830,29.5830,29.5830,29.5830,-,0
2017-12-05,29.5830,29.5830,29.5830,29.5830,-,0
2017-12-06,29.5830,29.5830,29.5830,29.5830,-,0
2017-12-07,29.3000,29.3000,29.3000,29.3000,100,0
2017-12-08,29.5300,29.5300,29.5100,29.5100,700,0
2017-12-11,29.5100,29.5100,29.5100,29.5100,-,0
2017-12-12,29.4900,29.4900,29.4900,29.4900,100,0
2017-12-13,29.6450,29.6450,29.6450,29.6450,100,0
2017-12-14,29.4600,29.4600,29.4600,29.4600,300,0
2017-12-15,29.4600,29.4600,29.4600,29.4600,-,0
2017-12-18,29.7900,29.7900,29.7690,29.7690,300,0
2017-12-19,29.7690,29.7690,29.7690,29.7690,-,0
2017-12-20,28.9400,28.9400,28.9400,28.9400,400,0
2017-12-21,28.9400,28.9400,28.9400,28.9400,100,0
2017-12-22,28.9400,28.9400,28.9400,28.9400,-,0
2017-12-26,28.9400,28.9400,28.9400,28.9400,-,0
2017-12-27,28.9400,28.9400,28.9400,28.9400,-,0
2017-12-28,28.9400,28.9400,28.9400,28.9400,-,0
2017-12-29,29.3800,29.4200,29.3800,29.4030,4900,0
2018-01-02,29.4030,29.4030,29.4030,29.4030,-,0
2018-01-03,29.8470,29.8480,29.8300,29.8300,2500,0
2018-01-04,30.1900,30.1900,30.1900,30.1900,200,0
2018-01-05,30.3550,30.3900,30.3550,30.3800,4900,0
2018-01-08,30.3800,30.3800,30.3250,30.3330,4100,0
2018-01-09,30.3300,30.4500,30.3300,30.4470,4400,0
2018-01-10,30.3400,30.3400,30.3400,30.3400,1300,0
2018-01-11,30.3000,30.3800,30.2810,30.3700,2300,0
2018-01-12,30.3700,30.3700,30.3700,30.3700,-,0
2018-01-16,30.6500,30.6500,30.6500,30.6500,600,0
2018-01-17,30.6500,30.6500,30.6500,30.6500,-,0
2018-01-18,30.7200,30.8200,30.7200,30.8200,1100,0
2018-01-19,30.8200,30.8200,30.8200,30.8200,-,0
2018-01-22,30.9610,30.9610,30.9400,30.9610,700,0
2018-01-23,30.9610,30.9610,30.9610,30.9610,-,0
2018-01-24,31.3490,31.3490,31.3470,31.3470,500,0
2018-01-25,31.3470,31.3470,31.3470,31.3470,-,0
2018-01-26,31.5200,31.5200,31.5200,31.5200,200,0
2018-01-29,31.2400,31.2400,31.1700,31.1910,3600,0
2018-01-30,30.8800,30.8800,30.8400,30.8430,900,0
2018-01-31,30.8430,30.8430,30.8430,30.8430,-,0
2018-02-01,30.9700,31.0000,30.9700,31.0000,600,0
2018-02-02,31.0000,31.0000,31.0000,31.0000,-,0
2018-02-05,29.9100,29.9100,29.7360,29.7360,3000,0
2018-02-06,29.4690,29.4690,29.4690,29.4690,300,0
2018-02-07,29.3240,29.3240,29.3240,29.3240,100,0
2018-02-08,29.3240,29.3240,29.3240,29.3240,-,0
2018-02-09,28.3800,28.3800,28.3580,28.3580,500,0
2018-02-12,29.0800,29.0800,29.0800,29.0800,800,0
2018-02-13,29.0100,29.0430,29.0100,29.0430,1000,0
2018-02-14,28.8500,28.8500,28.8500,28.8500,500,0
2018-02-15,28.8500,28.8500,28.8500,28.8500,-,0
2018-02-16,28.8500,28.8500,28.8500,28.8500,-,0
2018-02-20,28.8500,28.8500,28.8500,28.8500,-,0
2018-02-21,28.8500,28.8500,28.8500,28.8500,-,0
2018-02-22,28.8500,28.8500,28.8500,28.8500,-,0
2018-02-23,28.8500,28.8500,28.8500,28.8500,-,0
2018-02-26,28.8500,28.8500,28.8500,28.8500,-,0
2018-02-27,28.8500,28.8500,28.8500,28.8500,-,0
2018-02-28,28.8500,28.8500,28.8500,28.8500,-,0
2018-03-01,28.8500,28.8500,28.8500,28.8500,-,0
2018-03-02,28.8500,28.8500,28.8500,28.8500,-,0
2018-03-05,28.8500,28.8500,28.8500,28.8500,-,0
2018-03-06,28.8500,28.8500,28.8500,28.8500,-,0
2018-03-07,29.5000,29.5000,29.5000,29.5000,400,0
2018-03-08,29.6100,29.6260,29.6100,29.6260,500,0
2018-03-09,29.9000,29.9000,29.9000,29.9000,100,0
2018-03-12,29.9000,29.9000,29.9000,29.9000,-,0
2018-03-13,29.9000,29.9000,29.9000,29.9000,-,0
2018-03-14,29.9000,29.9000,29.9000,29.9000,-,0
2018-03-15,29.9400,29.9400,29.9400,29.9400,200,0
2018-03-16,29.9400,29.9400,29.9400,29.9400,-,0
2018-03-19,29.3700,29.3700,29.3700,29.3700,100,0
2018-03-20,29.5710,29.5710,29.5710,29.5710,200,0
2018-03-21,29.5710,29.5710,29.5710,29.5710,-,0
2018-03-22,29.5710,29.5710,29.5710,29.5710,-,0
2018-03-23,29.5710,29.5710,29.5710,29.5710,-,0
2018-03-26,29.5710,29.5710,29.5710,29.5710,-,0
2018-03-27,29.5710,29.5710,29.5710,29.5710,-,0
2018-03-28,29.5710,29.5710,29.5710,29.5710,-,0
2018-03-29,29.5710,29.5710,29.5710,29.5710,-,0
2018-04-02,29.5710,29.5710,29.5710,29.5710,-,0
2018-04-03,29.5710,29.5710,29.5710,29.5710,-,0
2018-04-04,29.5710,29.5710,29.5710,29.5710,-,0
2018-04-05,29.5710,29.5710,29.5710,29.5710,-,0
2018-04-06,29.5710,29.5710,29.5710,29.5710,-,0