Date,Open,High,Low,Close,Volume,OpenInt
2017-07-13,20.65,20.74,20.4203,20.53,151112,0
2017-07-14,20.62,20.71,20.53,20.71,99073,0
2017-07-17,21,21,20.55,20.62,98592,0
2017-07-18,20.66,20.9,20.55,20.9,79958,0
2017-07-19,21.05,21.07,20.9,20.96,279788,0
2017-07-20,21.05,21.05,20.85,20.9699,136243,0
2017-07-21,20.95,21.02,20.85,20.9568,91937,0
2017-07-24,21.02,21.15,20.96,21.13,119649,0
2017-07-25,21.09,21.13,20.9,21.08,123602,0
2017-07-26,21.15,21.23,21.06,21.12,79737,0
2017-07-27,21.22,21.3681,20.45,20.75,165231,0
2017-07-28,20.7,20.9604,20.6,20.89,101596,0
2017-07-31,20.94,20.99,20.6,20.64,52537,0
2017-08-01,20.7,20.8686,20.7,20.8254,41722,0
2017-08-02,21.03,21.03,20.4342,20.64,74298,0
2017-08-03,20.56,20.65,20.46,20.58,24935,0
2017-08-04,20.62,20.74,20.6,20.6,21502,0
2017-08-07,20.71,20.93,20.71,20.9,39297,0
2017-08-08,20.99,21,20.761,20.82,44232,0
2017-08-09,20.59,20.7704,20.512,20.74,30924,0
2017-08-10,20.62,20.655,20.0098,20.03,68147,0
2017-08-11,19.97,20.0528,19.78,20,42444,0
2017-08-14,20.17,20.45,20.17,20.45,43361,0
2017-08-15,20.6,20.6,20.35,20.41,32290,0
2017-08-16,20.5,20.6,20.4042,20.45,34257,0
2017-08-17,20.45,20.5,20.16,20.1649,31061,0
2017-08-18,20.09,20.35,20.0756,20.19,10503,0
2017-08-21,20.14,20.3396,20.1173,20.23,20832,0
2017-08-22,20.4,20.5999,20.2914,20.55,38554,0
2017-08-23,20.51,20.68,20.42,20.65,18098,0
2017-08-24,20.62,20.75,20.52,20.64,17502,0
2017-08-25,20.76,20.76,20.41,20.4407,26047,0
2017-08-28,20.42,20.43,20.3,20.36,11926,0
2017-08-29,20.11,20.46,20.06,20.43,19979,0
2017-08-30,20.49,20.7155,20.44,20.67,26556,0
2017-08-31,20.77,20.94,20.77,20.92,49962,0
2017-09-01,21,21.0564,20.93,20.96,34361,0
2017-09-05,20.81,20.95,20.61,20.74,66703,0
2017-09-06,20.94,20.94,20.6433,20.8046,17088,0
2017-09-07,20.93,21.0456,20.83,20.99,21489,0
2017-09-08,20.99,21.023,20.7801,20.79,16816,0
2017-09-11,21.02,21.25,21.02,21.21,24064,0
2017-09-12,21.37,21.37,21.172,21.3,42483,0
2017-09-13,21.37,21.42,21.23,21.39,51166,0
2017-09-14,21.38,21.47,21.26,21.31,16925,0
2017-09-15,21.45,21.5525,21.3537,21.52,62544,0
2017-09-18,21.63,21.73,21.5127,21.62,54012,0
2017-09-19,21.74,21.74,21.5,21.65,34699,0
2017-09-20,21.65,21.71,21.34,21.51,57968,0
2017-09-21,21.58,21.58,21.22,21.39,39549,0
2017-09-22,21.41,21.4647,21.3202,21.42,17168,0
2017-09-25,21.4,21.4,20.54,20.66,75221,0
2017-09-26,20.88,21,20.73,20.78,53185,0
2017-09-27,20.96,21.09,20.91,21.0108,52520,0
2017-09-28,20.95,21.06,20.9084,21.03,28346,0
2017-09-29,21.14,21.27,21.094,21.21,55408,0
2017-10-02,21.34,21.4,21.2076,21.3,60257,0
2017-10-03,21.3,21.52,21.3,21.5,75549,0
2017-10-04,21.55,21.55,21.3401,21.3901,44237,0
2017-10-05,21.5,21.6,21.36,21.5888,29706,0
2017-10-06,21.63,21.69,21.5084,21.69,34127,0
2017-10-09,21.8,21.81,21.68,21.7399,38426,0
2017-10-10,21.85,21.85,21.7,21.785,20023,0
2017-10-11,21.7,21.96,21.7,21.96,55821,0
2017-10-12,22.16,22.16,21.96,21.96,73003,0
2017-10-13,22.41,22.41,22.04,22.13,103695,0
2017-10-16,22.46,22.46,22.2,22.33,81962,0
2017-10-17,22.45,22.45,22.1864,22.19,49199,0
2017-10-18,22.24,22.3099,22.12,22.25,48100,0
2017-10-19,22,22.03,21.771,21.99,56498,0
2017-10-20,22.22,22.226,22.05,22.07,30509,0
2017-10-23,22.15,22.219,21.911,21.95,18561,0
2017-10-24,21.9524,22.0327,21.89,22.01,41627,0
2017-10-25,22.06,22.06,21.641,21.79,47845,0
2017-10-26,21.9,21.9998,21.8004,21.85,36980,0
2017-10-27,22.42,22.5,22.1953,22.45,95315,0
2017-10-30,22.59,22.68,22.4,22.58,105729,0
2017-10-31,22.7,22.78,22.51,22.73,63832,0
2017-11-01,22.93,22.9318,22.466,22.6205,70406,0
2017-11-02,22.7,22.7,22.4824,22.63,45583,0
2017-11-03,22.98,22.98,22.64,22.8399,50070,0
2017-11-06,22.9,23.08,22.9,23,233863,0
2017-11-07,23.09,23.22,22.8762,22.91,61701,0
2017-11-08,22.91,22.99,22.7434,22.895,86103,0
2017-11-09,22.7,22.7,22.4,22.66,99912,0
2017-11-10,22.85,22.88,22.6799,22.85,80177,0
2017-11-13,22.76,22.89,22.72,22.84,48300,0
2017-11-14,22.80,22.85,22.64,22.73,34400,0
2017-11-15,22.50,22.72,22.42,22.46,75000,0
2017-11-16,22.64,22.77,22.61,22.74,86100,0
2017-11-17,22.85,22.86,22.72,22.77,60600,0
2017-11-20,22.99,23.04,22.93,22.99,71100,0
2017-11-21,22.97,23.35,22.97,23.35,77500,0
2017-11-22,23.46,23.48,23.15,23.34,237800,0
2017-11-24,23.48,24.06,23.34,24.04,105300,0
2017-11-27,24.13,24.13,23.30,23.30,119300,0
2017-11-28,23.42,23.42,23.13,23.23,388100,0
2017-11-29,23.23,23.23,22.00,22.25,191800,0
2017-11-30,22.48,22.48,22.21,22.26,185500,0
2017-12-01,22.18,22.23,21.68,22.00,121500,0
2017-12-04,22.28,22.28,21.29,21.29,260600,0
2017-12-05,21.10,21.65,21.04,21.36,119100,0
2017-12-06,21.30,21.59,21.11,21.47,79500,0
2017-12-07,21.64,21.71,21.51,21.69,82500,0
2017-12-08,21.88,21.96,21.73,21.77,78800,0
2017-12-11,21.91,21.92,21.77,21.88,71300,0
2017-12-12,21.84,21.84,21.63,21.67,82900,0
2017-12-13,21.82,21.85,21.70,21.77,46400,0
2017-12-14,21.79,21.90,21.70,21.77,46000,0
2017-12-15,21.75,21.97,21.75,21.95,64400,0
2017-12-18,22.06,22.26,22.00,22.22,80700,0
2017-12-19,22.26,22.33,22.05,22.05,53600,0
2017-12-20,22.15,22.15,21.83,21.92,155700,0
2017-12-21,21.89,22.04,21.76,21.86,31300,0
2017-12-22,21.80,21.83,21.67,21.69,38600,0
2017-12-26,21.68,21.76,21.57,21.76,37100,0
2017-12-27,21.83,21.83,21.66,21.72,52100,0
2017-12-28,21.84,21.84,21.61,21.63,43500,0
2017-12-29,21.62,21.70,21.46,21.47,81300,0
2018-01-02,21.64,21.70,21.38,21.46,151200,0
2018-01-03,21.45,21.82,21.45,21.78,261000,0
2018-01-04,21.80,21.92,21.61,21.66,174500,0
2018-01-05,21.66,21.79,21.57,21.74,101200,0
2018-01-08,21.87,22.00,21.75,21.95,93600,0
2018-01-09,22.01,22.01,21.82,21.89,32900,0
2018-01-10,21.65,21.90,21.65,21.90,47800,0
2018-01-11,22.00,22.00,21.87,21.93,52400,0
2018-01-12,21.76,22.15,21.76,22.07,82900,0
2018-01-16,22.08,22.41,21.81,21.87,121500,0
2018-01-17,22.07,22.12,21.81,22.09,75200,0
2018-01-18,21.90,22.10,21.90,22.04,48600,0
2018-01-19,22.02,22.18,22.02,22.13,34700,0
2018-01-22,22.21,22.45,22.19,22.45,98900,0
2018-01-23,22.73,22.92,22.60,22.89,87500,0
2018-01-24,23.02,23.10,22.66,22.86,70000,0
2018-01-25,23.03,23.06,22.71,22.94,143800,0
2018-01-26,23.10,23.34,23.00,23.34,49600,0
2018-01-29,23.35,23.41,23.23,23.28,70900,0
2018-01-30,23.00,23.06,22.76,22.85,180000,0
2018-01-31,23.15,23.18,22.88,22.98,113300,0
2018-02-01,22.74,22.92,22.49,22.58,132200,0
2018-02-02,22.49,22.52,21.84,21.86,220500,0
2018-02-05,21.49,22.00,20.80,20.93,113700,0
2018-02-06,20.45,21.58,20.30,21.51,101200,0
2018-02-07,21.50,21.58,21.20,21.20,125100,0
2018-02-08,21.24,21.45,20.52,20.52,100200,0
2018-02-09,20.84,21.01,20.03,20.77,130100,0
2018-02-12,21.09,21.15,20.69,21.06,77700,0
2018-02-13,21.11,21.44,21.10,21.36,33500,0
2018-02-14,21.32,21.81,21.32,21.80,46400,0
2018-02-15,22.07,22.21,21.75,22.21,50200,0
2018-02-16,22.23,22.32,22.03,22.14,29600,0
2018-02-20,22.01,22.50,22.01,22.35,30200,0
2018-02-21,22.39,22.75,22.34,22.39,68900,0
2018-02-22,22.00,22.25,21.96,22.05,43400,0
2018-02-23,22.16,22.39,22.14,22.35,33200,0
2018-02-26,22.57,22.65,22.40,22.53,37600,0
2018-02-27,22.45,22.62,22.32,22.35,31200,0
2018-02-28,22.50,22.50,22.14,22.15,27000,0
2018-03-01,22.10,22.36,21.63,21.84,36600,0
2018-03-02,21.51,22.10,21.46,22.10,43300,0
2018-03-05,22.02,22.25,21.87,22.17,46000,0
2018-03-06,22.41,22.47,22.25,22.43,29500,0
2018-03-07,22.13,22.66,22.13,22.60,50800,0
2018-03-08,22.72,22.74,22.56,22.58,15600,0
2018-03-09,22.74,23.09,22.74,23.08,46500,0
2018-03-12,23.24,23.25,23.00,23.12,32400,0
2018-03-13,23.25,23.25,22.65,22.67,40200,0
2018-03-14,22.74,23.06,22.74,22.92,25500,0
2018-03-15,22.89,23.02,22.85,22.92,12400,0
2018-03-16,23.05,23.05,22.84,22.89,29400,0
2018-03-19,22.56,22.69,22.25,22.45,44600,0
2018-03-20,22.35,22.77,22.35,22.74,22400,0
2018-03-21,22.74,22.80,22.58,22.60,23000,0
2018-03-22,22.18,22.28,21.80,21.85,50300,0
2018-03-23,21.76,21.86,21.20,21.24,84200,0
2018-03-26,21.75,22.13,21.43,22.07,53800,0
2018-03-27,22.12,22.18,20.75,20.88,46000,0
2018-03-28,20.75,20.90,20.30,20.46,48100,0
2018-03-29,20.67,20.92,20.37,20.77,45800,0
2018-04-02,20.57,20.68,20.00,20.20,78900,0
2018-04-03,20.32,20.52,20.04,20.25,48600,0
2018-04-04,19.81,20.60,19.60,20.59,39700,0
2018-04-05,20.68,20.68,20.40,20.56,39100,0
2018-04-06,20.17,20.41,20.01,20.04,19700,0
2018-04-09,20.15,20.40,20.11,20.20,16058,0