Date,Open,High,Low,Close,Volume,OpenInt
2017-11-02,8,8.6,6.935,7.07,9761011,0
2017-11-03,7.37,7.58,6.99,7,2067271,0
2017-11-06,7.2,7.8496,7.11,7.784,1465735,0
2017-11-07,7.95,8.365,7.88,8.2,2021696,0
2017-11-08,8.25,8.35,7.95,8.1,570939,0
2017-11-09,8.04,8.1,7.92,8,460560,0
2017-11-10,7.87,8.03,7.85,7.89,372246,0
2017-11-13,8.050,8.240,7.890,7.950,346000,0
2017-11-14,7.910,8.000,7.650,7.800,263200,0
2017-11-15,7.760,7.760,7.350,7.550,438900,0
2017-11-16,7.570,7.670,7.310,7.640,369500,0
2017-11-17,7.620,7.620,7.350,7.410,313700,0
2017-11-20,7.400,7.740,7.390,7.570,376600,0
2017-11-21,7.570,7.870,7.500,7.840,288700,0
2017-11-22,7.830,8.170,7.760,8.120,348200,0
2017-11-24,8.070,8.300,8.000,8.200,275300,0
2017-11-27,8.500,8.700,8.360,8.450,1568000,0
2017-11-28,8.730,8.770,8.280,8.400,745800,0
2017-11-29,8.600,8.750,8.260,8.670,560000,0
2017-11-30,8.750,9.080,8.700,8.880,867400,0
2017-12-01,8.880,9.560,8.880,9.410,801200,0
2017-12-04,9.750,9.880,9.200,9.710,752400,0
2017-12-05,9.800,9.900,9.250,9.300,800900,0
2017-12-06,9.850,9.850,8.640,8.670,994900,0
2017-12-07,8.310,9.000,8.040,8.250,1051500,0
2017-12-08,8.260,8.460,8.000,8.040,644900,0
2017-12-11,8.040,8.190,7.900,8.060,596300,0
2017-12-12,8.130,8.200,7.980,8.040,476500,0
2017-12-13,7.990,8.030,7.770,7.890,725100,0
2017-12-14,7.830,8.000,7.611,7.740,574200,0
2017-12-15,7.700,7.900,7.230,7.250,2209500,0
2017-12-18,7.240,7.515,7.080,7.140,835100,0
2017-12-19,6.620,6.675,6.270,6.350,1291300,0
2017-12-20,6.350,6.540,6.310,6.360,552000,0
2017-12-21,6.390,6.400,5.970,6.000,631800,0
2017-12-22,6.050,6.110,5.810,6.000,1060800,0
2017-12-26,6.050,6.250,6.000,6.210,469700,0
2017-12-27,6.250,6.590,6.160,6.510,479500,0
2017-12-28,6.540,6.650,6.450,6.540,351300,0
2017-12-29,6.580,6.730,6.580,6.650,418400,0
2018-01-02,6.650,6.729,6.400,6.590,547400,0
2018-01-03,6.550,6.587,6.330,6.420,362900,0
2018-01-04,6.410,6.430,6.210,6.340,313900,0
2018-01-05,6.340,6.387,6.110,6.120,307000,0
2018-01-08,6.130,6.338,6.130,6.150,650400,0
2018-01-09,6.160,6.300,6.150,6.160,207000,0
2018-01-10,6.130,6.780,6.115,6.690,460700,0
2018-01-11,6.660,7.170,6.660,7.120,748200,0
2018-01-12,7.100,7.320,6.900,7.300,570100,0
2018-01-16,7.300,7.490,6.860,6.950,496100,0
2018-01-17,7.020,7.250,7.020,7.240,262700,0
2018-01-18,7.240,7.240,7.010,7.080,390500,0
2018-01-19,7.080,7.160,7.000,7.070,243700,0
2018-01-22,7.050,7.250,7.030,7.090,220000,0
2018-01-23,7.100,7.250,7.100,7.200,252900,0
2018-01-24,7.240,7.360,7.060,7.100,537500,0
2018-01-25,7.080,7.390,7.080,7.250,137700,0
2018-01-26,7.220,7.350,7.181,7.310,175700,0
2018-01-29,7.310,7.419,7.310,7.370,179600,0
2018-01-30,7.410,7.479,7.350,7.460,158900,0
2018-01-31,7.480,7.490,7.350,7.370,224600,0
2018-02-01,7.360,7.480,7.200,7.470,197600,0
2018-02-02,7.400,7.550,7.260,7.410,273900,0
2018-02-05,7.300,7.470,7.200,7.360,182900,0
2018-02-06,7.240,7.360,7.130,7.260,227600,0
2018-02-07,7.240,7.400,7.240,7.320,124600,0
2018-02-08,7.350,7.350,7.120,7.240,178200,0
2018-02-09,7.280,7.390,7.100,7.320,171100,0
2018-02-12,7.350,7.350,7.145,7.230,113000,0
2018-02-13,7.100,7.210,7.070,7.080,230100,0
2018-02-14,7.000,7.180,6.910,7.070,235300,0
2018-02-15,7.080,7.320,7.000,7.200,104000,0
2018-02-16,7.170,7.250,7.100,7.150,84500,0
2018-02-20,7.100,7.340,7.100,7.200,163700,0
2018-02-21,7.260,7.410,7.236,7.360,114600,0
2018-02-22,7.410,7.447,7.140,7.250,111000,0
2018-02-23,7.260,7.360,7.200,7.310,66400,0
2018-02-26,7.340,7.450,7.250,7.440,81300,0
2018-02-27,7.400,7.710,7.339,7.640,211900,0
2018-02-28,7.620,7.680,7.380,7.380,164700,0
2018-03-01,7.360,7.580,7.350,7.450,129000,0
2018-03-02,7.400,7.750,7.350,7.690,130100,0
2018-03-05,7.680,7.950,7.550,7.940,198800,0
2018-03-06,7.980,7.980,7.700,7.880,152800,0
2018-03-07,7.800,7.930,7.790,7.870,110200,0
2018-03-08,7.870,7.965,7.640,7.940,218400,0
2018-03-09,9.090,9.140,8.210,8.430,1244400,0
2018-03-12,8.480,8.980,8.350,8.870,406000,0
2018-03-13,8.910,9.140,8.767,8.890,489100,0
2018-03-14,8.900,9.000,8.530,8.750,446400,0
2018-03-15,8.800,8.800,8.550,8.550,165800,0
2018-03-16,8.550,8.640,8.450,8.480,252800,0
2018-03-19,8.440,8.590,8.350,8.390,178500,0
2018-03-20,8.380,8.380,8.130,8.260,231100,0
2018-03-21,8.220,8.390,8.150,8.190,119900,0
2018-03-22,8.150,8.270,8.020,8.050,137300,0
2018-03-23,8.040,8.070,7.760,7.780,252100,0
2018-03-26,7.750,8.010,7.420,7.580,359600,0
2018-03-27,7.620,8.240,7.460,8.020,477900,0
2018-03-28,7.990,8.210,7.970,8.210,231800,0
2018-03-29,8.100,8.210,7.930,8.210,168600,0
2018-04-02,8.170,8.250,7.950,8.090,179600,0
2018-04-03,8.140,8.310,7.930,8.250,110800,0
2018-04-04,8.150,8.350,7.880,8.280,248500,0
2018-04-05,8.340,8.340,8.030,8.220,205400,0
2018-04-06,8.150,8.250,8.050,8.140,275700,0
2018-04-09,8.200,8.350,8.125,8.205,252259,0