Date,Open,High,Low,Close,Volume,OpenInt
2016-11-10,19.9,19.902,19.9,19.902,710,0
2016-11-16,20.779,20.779,20.221,20.221,876,0
2016-11-17,20.916,20.916,20.258,20.267,966,0
2016-11-18,20.316,20.326,20.316,20.326,1625,0
2016-11-22,20.828,20.828,20.828,20.828,450,0
2016-11-23,20.976,20.986,20.917,20.917,520,0
2016-11-25,21.645,21.645,20.896,20.896,722,0
2016-11-28,20.749,20.749,20.749,20.749,612,0
2016-11-30,20.515,20.515,20.515,20.515,203,0
2016-12-01,20.524,20.524,20.524,20.524,876,0
2016-12-02,20.504,20.544,20.504,20.504,305,0
2016-12-09,21.988,21.988,21.211,21.211,1889,0
2016-12-15,21.035,21.035,20.946,20.995,940,0
2016-12-19,20.72,20.73,20.71,20.71,6912,0
2016-12-21,20.726,20.775,20.706,20.706,507,0
2016-12-22,19.976,19.985,19.976,19.985,203,0
2016-12-23,19.99,19.99,19.99,19.99,203,0
2017-01-06,19.414,19.424,19.414,19.424,304,0
2017-01-12,19.128,19.345,19.128,19.345,552,0
2017-01-13,19.384,19.463,19.384,19.404,781,0
2017-01-17,19.622,19.622,19.502,19.502,9533,0
2017-01-18,19.256,19.355,19.216,19.316,6593,0
2017-01-27,18.645,18.678,18.635,18.635,15419,0
2017-02-09,19.303,19.473,19.303,19.473,16174,0
2017-02-14,19.461,19.461,19.461,19.461,269,0
2017-02-15,19.564,19.582,19.544,19.582,697,0
2017-02-16,19.562,19.562,19.443,19.453,6373,0
2017-02-21,19.877,19.878,19.771,19.799,7707,0
2017-02-22,19.709,19.709,19.661,19.661,672,0
2017-02-28,19.622,19.622,19.463,19.622,20873,0
2017-03-03,19.562,19.562,19.557,19.557,203,0
2017-03-07,19.207,19.226,19.118,19.118,2602,0
2017-03-09,19.226,19.226,19.226,19.226,101,0
2017-03-10,19.276,19.286,19.246,19.286,710,0
2017-03-15,19.163,19.163,19.163,19.163,236,0
2017-03-17,19.373,19.373,19.373,19.373,203,0
2017-03-30,19.093,19.487,19.093,19.487,1202,0
2017-03-31,19.49,19.498,19.49,19.498,404,0
2017-04-10,19.499,19.499,19.499,19.499,505,0
2017-04-24,19.686,19.697,19.676,19.676,606,0
2017-04-25,19.747,19.767,19.747,19.767,2323,0
2017-05-01,19.806,19.826,19.806,19.816,535,0
2017-05-10,20.034,20.051,20.034,20.051,1009,0
2017-05-11,19.956,19.984,19.956,19.984,6260,0
2017-05-15,19.737,19.737,19.737,19.737,480,0
2017-05-16,19.806,19.806,19.697,19.697,232,0
2017-05-17,19.413,19.413,19.413,19.413,111,0
2017-06-06,19.873,19.873,19.873,19.873,101,0
2017-06-13,19.707,19.707,19.707,19.707,102,0
2017-06-16,19.153,19.153,19.153,19.153,6109,0
2017-06-21,19.158,19.158,19.158,19.158,532,0
2017-06-22,19.067,19.067,19.067,19.067,100,0
2017-07-03,19.325,19.325,19.325,19.325,262,0
2017-07-05,19.237,19.237,19.187,19.187,268,0
2017-07-10,18.714,18.714,18.639,18.674,1455,0
2017-07-12,18.928,18.928,18.928,18.928,135,0
2017-07-17,19.275,19.275,19.275,19.275,9030,0
2017-07-21,19.21,19.21,19.21,19.21,100,0
2017-07-28,19.576,19.576,19.576,19.576,100,0
2017-08-14,19.396,19.41,19.396,19.41,527,0
2017-08-15,19.197,19.197,19.197,19.197,201,0
2017-08-21,19.127,19.127,19.097,19.097,402,0
2017-08-22,19.215,19.215,19.215,19.215,100,0
2017-08-24,19.027,19.027,19.027,19.027,125,0
2017-08-29,18.938,18.938,18.878,18.878,464,0
2017-08-30,18.817,18.817,18.817,18.817,552,0
2017-08-31,18.948,18.948,18.909,18.909,1033,0
2017-09-05,19.127,19.127,19.127,19.127,176,0
2017-09-06,19.197,19.317,19.197,19.316,742,0
2017-09-07,19.536,19.566,19.524,19.566,1141,0
2017-09-08,19.347,19.347,19.347,19.347,201,0
2017-09-11,19.506,19.506,19.506,19.506,131,0
2017-09-12,19.735,19.735,19.685,19.685,15751,0
2017-09-13,19.795,19.795,19.795,19.795,100,0
2017-09-14,19.725,19.725,19.705,19.705,367,0
2017-09-15,19.765,19.824,19.765,19.824,702,0
2017-09-19,19.685,19.685,19.685,19.685,125,0
2017-09-20,19.646,19.646,19.646,19.646,201,0
2017-09-27,19.771,19.8106,19.771,19.8106,200,0
2017-09-29,19.81,19.81,19.81,19.81,1515,0
2017-10-03,19.7388,19.7388,19.7388,19.7388,197,0
2017-10-10,19.7299,19.7299,19.6905,19.6905,4024,0
2017-10-11,19.6538,19.6538,19.6538,19.6538,568,0
2017-10-12,19.47,19.63,19.47,19.62,3270,0
2017-10-16,19.57,19.57,19.5,19.5,675,0
2017-10-17,19.6099,19.6099,19.56,19.56,1021,0
2017-10-18,19.63,19.64,19.63,19.64,743,0
2017-10-19,19.485,19.485,19.37,19.37,758,0
2017-10-23,19.8836,19.8836,19.84,19.84,471,0
2017-10-25,19.86,19.86,19.86,19.86,150,0
2017-10-27,19.54,19.54,19.54,19.54,200,0
2017-10-30,19.485,19.5035,19.485,19.5035,500,0
2017-11-01,19.6,19.6,19.6,19.6,261,0
2017-11-02,19.5,19.5,19.5,19.5,111,0
2017-11-03,19.685,19.685,19.685,19.685,122,0
2017-11-09,19.43,19.478,19.43,19.478,553,0
2017-11-15,19.75,19.75,19.75,19.75,700,0
2017-11-16,19.92,19.92,19.92,19.92,200,0
2017-11-17,19.92,19.92,19.92,19.92,-,0
2017-11-20,20.16,20.30,20.16,20.30,3600,0
2017-11-21,20.32,20.32,20.14,20.20,1900,0
2017-11-22,20.25,20.35,20.22,20.35,2200,0
2017-11-24,20.35,20.37,20.28,20.29,1100,0
2017-11-27,20.35,20.35,20.31,20.31,500,0
2017-11-28,20.63,20.63,20.63,20.63,100,0
2017-11-29,20.93,20.99,20.82,20.99,800,0
2017-11-30,21.07,21.24,21.07,21.08,4100,0
2017-12-01,21.08,21.08,20.70,20.70,500,0
2017-12-04,20.70,20.70,20.70,20.70,-,0
2017-12-05,20.70,20.70,20.70,20.70,-,0
2017-12-06,21.25,21.26,21.25,21.26,1900,0
2017-12-07,21.31,21.31,21.31,21.31,200,0
2017-12-08,21.31,21.31,21.31,21.31,-,0
2017-12-11,21.31,21.31,21.31,21.31,-,0
2017-12-12,21.31,21.31,21.31,21.31,-,0
2017-12-13,21.38,21.38,21.38,21.38,300,0
2017-12-14,21.38,21.38,21.38,21.38,-,0
2017-12-15,21.41,21.41,21.41,21.41,400,0
2017-12-18,21.80,21.80,21.80,21.80,300,0
2017-12-19,21.80,21.80,21.80,21.80,-,0
2017-12-20,21.80,21.80,21.80,21.80,100,0
2017-12-21,21.73,21.73,21.73,21.73,100,0
2017-12-22,21.65,21.65,21.65,21.65,300,0
2017-12-26,21.65,21.65,21.65,21.65,-,0
2017-12-27,21.63,21.65,21.63,21.63,1100,0
2017-12-28,21.59,21.64,21.59,21.64,3200,0
2017-12-29,21.62,21.64,21.45,21.45,4500,0
2018-01-02,21.55,21.68,21.55,21.68,900,0
2018-01-03,21.75,21.83,21.75,21.83,4600,0
2018-01-04,21.66,21.75,21.66,21.75,1600,0
2018-01-05,21.75,21.75,21.75,21.75,-,0
2018-01-08,21.75,21.75,21.75,21.75,-,0
2018-01-09,21.75,21.75,21.75,21.75,-,0
2018-01-10,22.03,22.14,21.96,22.09,3300,0
2018-01-11,22.09,22.09,22.09,22.09,-,0
2018-01-12,22.09,22.09,22.09,22.09,-,0
2018-01-16,22.09,22.09,22.09,22.09,-,0
2018-01-17,22.68,22.68,22.68,22.68,900,0
2018-01-18,22.82,22.82,22.82,22.82,500,0
2018-01-19,23.11,23.11,22.95,23.11,4300,0
2018-01-22,23.38,23.38,23.38,23.38,2800,0
2018-01-23,23.48,23.52,23.48,23.52,800,0
2018-01-24,23.67,23.67,23.37,23.37,1100,0
2018-01-25,23.41,23.51,23.41,23.46,2500,0
2018-01-26,23.60,23.63,23.55,23.63,4500,0
2018-01-29,23.93,23.93,23.77,23.83,7600,0
2018-01-30,23.39,23.53,23.39,23.40,1100,0
2018-01-31,23.40,23.40,23.40,23.40,-,0
2018-02-01,22.75,23.27,22.75,23.21,1100,0
2018-02-02,22.88,22.88,22.62,22.65,700,0
2018-02-05,21.68,21.68,21.68,21.68,300,0
2018-02-06,20.75,21.99,20.75,21.99,8600,0
2018-02-07,22.43,22.43,22.23,22.23,300,0
2018-02-08,22.23,22.23,22.23,22.23,-,0
2018-02-09,21.31,21.31,21.31,21.31,200,0
2018-02-12,21.73,21.75,21.73,21.75,600,0
2018-02-13,21.75,21.75,21.75,21.75,200,0
2018-02-14,22.26,22.26,22.26,22.26,300,0
2018-02-15,22.26,22.26,22.26,22.26,-,0
2018-02-16,22.68,22.71,22.62,22.62,2700,0
2018-02-20,22.18,22.18,22.08,22.08,1000,0
2018-02-21,22.23,22.23,22.10,22.10,600,0
2018-02-22,22.14,22.14,22.09,22.11,1200,0
2018-02-23,22.16,22.28,22.16,22.28,600,0
2018-02-26,22.27,22.27,22.27,22.27,400,0
2018-02-27,22.64,22.64,22.64,22.64,100,0
2018-02-28,22.20,22.33,22.20,22.33,1700,0
2018-03-01,22.33,22.33,22.33,22.33,-,0
2018-03-02,22.33,22.33,22.33,22.33,-,0
2018-03-05,22.10,22.10,22.10,22.10,300,0
2018-03-06,22.10,22.10,22.10,22.10,-,0
2018-03-07,21.98,21.98,21.98,21.98,500,0
2018-03-08,21.85,21.85,21.85,21.85,1500,0
2018-03-09,21.58,21.61,21.58,21.61,3300,0
2018-03-12,21.77,21.80,21.77,21.80,200,0
2018-03-13,21.71,21.71,21.71,21.71,100,0
2018-03-14,21.58,21.58,21.58,21.58,800,0
2018-03-15,21.58,21.58,21.58,21.58,-,0
2018-03-16,21.60,21.61,21.60,21.61,400,0
2018-03-19,21.61,21.61,21.61,21.61,-,0
2018-03-20,21.61,21.61,21.61,21.61,-,0
2018-03-21,21.61,21.61,21.61,21.61,-,0
2018-03-22,21.09,21.09,21.01,21.01,600,0
2018-03-23,21.01,21.01,21.01,21.01,-,0
2018-03-26,21.01,21.01,21.01,21.01,-,0
2018-03-27,20.97,20.97,20.97,20.97,200,0
2018-03-28,20.63,20.70,20.63,20.70,200,0
2018-03-29,20.88,20.88,20.88,20.88,1100,0
2018-04-02,20.84,20.84,20.27,20.37,2600,0
2018-04-03,20.37,20.37,20.37,20.37,-,0
2018-04-04,20.85,20.85,20.85,20.85,400,0
2018-04-05,21.00,21.00,21.00,21.00,300,0
2018-04-06,20.80,20.80,20.80,20.80,300,0
2018-04-06,20.80,20.80,20.80,20.80,2,0