Date,Open,High,Low,Close,Volume,OpenInt
2016-10-03,19.783,19.813,19.783,19.813,504,0
2016-10-06,19.625,19.625,19.605,19.605,969,0
2016-10-11,19.457,19.457,19.367,19.367,1109,0
2016-10-14,18.931,18.931,18.931,18.931,512,0
2016-10-20,18.951,18.951,18.949,18.949,2173,0
2016-10-21,19.04,19.04,19.04,19.04,1017,0
2016-10-31,17.958,17.958,17.958,17.958,277,0
2016-11-01,17.958,17.958,17.936,17.936,226,0
2016-11-02,18.047,18.047,17.889,17.911,398,0
2016-11-09,18.355,18.832,18.355,18.792,3150,0
2016-11-10,19.089,19.129,19.061,19.099,499,0
2016-11-11,19.128,19.128,19.089,19.099,3116,0
2016-11-15,19.213,19.213,19.213,19.213,1095,0
2016-11-16,19.109,19.109,18.949,18.949,877,0
2016-11-18,18.971,18.981,18.97,18.981,6101,0
2016-11-21,18.935,18.935,18.935,18.935,525,0
2016-11-22,18.852,18.852,18.852,18.852,684,0
2016-11-23,18.276,18.742,18.276,18.742,1027,0
2016-11-28,18.673,18.673,18.663,18.663,3119,0
2016-11-29,18.564,18.564,18.564,18.564,427,0
2016-11-30,18.494,18.494,18.494,18.494,170,0
2016-12-02,18.137,18.137,18.137,18.137,107,0
2016-12-05,18.405,18.405,18.296,18.296,2023,0
2016-12-07,18.137,18.137,17.919,17.919,1469,0
2016-12-08,19.079,19.079,17.99,18.097,8586,0
2016-12-09,18.822,18.822,18.266,18.266,7711,0
2016-12-12,18.692,18.692,18.286,18.286,303,0
2016-12-13,18.425,18.425,18.425,18.425,424,0
2016-12-14,18.365,18.365,18.207,18.207,1624,0
2016-12-15,18.464,18.564,18.454,18.564,2141,0
2016-12-19,18.464,18.464,18.464,18.464,100,0
2016-12-22,18.27,18.27,18.26,18.26,554,0
2016-12-30,18.26,18.26,18.231,18.231,466,0
2017-01-04,19.084,19.084,18.737,18.896,1325,0
2017-01-06,19.035,19.035,18.986,18.986,3165,0
2017-01-09,19.094,19.324,19.094,19.324,6732,0
2017-01-10,19.244,19.244,19.094,19.192,6100,0
2017-01-11,19.135,19.197,18.606,18.606,2946,0
2017-01-12,19.094,19.094,18.633,18.633,5407,0
2017-01-13,19.064,19.064,19.037,19.037,201,0
2017-01-18,18.837,18.847,18.727,18.847,7647,0
2017-01-19,18.966,18.966,18.717,18.717,2113,0
2017-01-20,18.654,18.654,18.654,18.654,261,0
2017-01-23,18.488,18.488,18.386,18.386,322,0
2017-01-26,18.346,18.346,18.346,18.346,100,0
2017-01-30,18.26,18.26,18.231,18.231,261,0
2017-01-31,18.311,18.648,18.311,18.648,478,0
2017-02-03,18.886,19.044,18.886,19.044,2353,0
2017-02-06,19.045,19.081,19.045,19.064,1841,0
2017-02-07,19.094,19.114,18.98,18.982,2189,0
2017-02-08,18.976,19.084,18.971,19.084,1308,0
2017-02-09,19.199,19.199,19.199,19.199,161,0
2017-02-13,19.245,19.294,19.245,19.294,240,0
2017-02-14,19.184,19.184,19.184,19.184,302,0
2017-02-15,19.294,19.842,19.294,19.842,2058,0
2017-02-16,20,20,19.641,19.681,1811,0
2017-02-21,19.751,19.751,19.721,19.721,302,0
2017-02-28,19.92,19.968,19.86,19.9,1856,0
2017-03-01,19.903,20.11,19.903,20.108,2817,0
2017-03-03,20.043,20.043,20.043,20.043,594,0
2017-03-08,19.83,20.02,19.83,19.96,1670,0
2017-03-10,19.92,19.928,19.92,19.928,518,0
2017-03-13,19.88,19.892,19.88,19.88,1711,0
2017-03-14,19.85,19.85,19.85,19.85,262,0
2017-03-15,19.89,20.13,19.89,20.112,3796,0
2017-03-16,19.976,20.011,19.96,20,6086,0
2017-03-17,19.82,19.82,19.82,19.82,100,0
2017-03-20,20.037,20.037,20.037,20.037,175,0
2017-03-24,19.721,19.721,19.711,19.711,402,0
2017-03-27,20.449,20.449,19.864,20.011,653,0
2017-03-29,20.011,20.011,20.011,20.011,1005,0
2017-03-30,19.819,19.821,19.752,19.811,3728,0
2017-03-31,19.801,19.831,19.752,19.758,4298,0
2017-04-04,19.602,19.602,19.602,19.602,402,0
2017-04-06,19.625,19.625,19.622,19.622,821,0
2017-04-07,19.718,19.718,19.718,19.718,354,0
2017-04-11,19.433,19.821,19.433,19.821,2025,0
2017-04-12,19.841,19.841,19.841,19.841,454,0
2017-04-18,19.516,19.516,19.516,19.516,502,0
2017-04-19,19.742,19.742,19.717,19.717,1005,0
2017-04-25,19.961,19.971,19.961,19.961,1507,0
2017-04-27,19.821,19.821,19.821,19.821,256,0
2017-05-03,19.851,19.851,19.851,19.851,368,0
2017-05-04,20.389,20.389,20.041,20.041,1217,0
2017-05-05,19.891,19.891,19.871,19.871,20236,0
2017-05-10,19.772,19.772,19.772,19.772,148,0
2017-05-11,20.051,20.051,20.051,20.051,520,0
2017-05-16,20.021,20.021,20.021,20.021,150,0
2017-05-17,19.805,19.805,19.778,19.778,302,0
2017-05-18,19.722,19.771,19.672,19.771,973,0
2017-05-25,19.831,19.861,19.831,19.861,554,0
2017-05-31,19.722,19.722,19.722,19.722,327,0
2017-06-01,19.824,19.824,19.824,19.824,176,0
2017-06-02,20.061,20.061,20.021,20.051,1308,0
2017-06-05,19.971,19.971,19.953,19.971,1306,0
2017-06-08,19.991,19.991,19.991,19.991,281,0
2017-06-09,20.209,20.209,20.209,20.209,879,0
2017-06-12,20.041,20.041,19.981,19.991,402,0
2017-06-13,19.951,20.016,19.951,20.016,3349,0
2017-06-20,20.448,20.448,20.448,20.448,131,0
2017-06-22,21.267,21.267,21.142,21.142,1412,0
2017-06-23,20.943,20.978,20.943,20.978,352,0
2017-06-26,21.322,21.322,21.058,21.151,939,0
2017-06-27,20.988,20.988,20.785,20.785,541,0
2017-06-29,20.738,20.764,20.666,20.666,2532,0
2017-07-03,20.624,20.784,20.624,20.783,1357,0
2017-07-05,20.933,20.933,20.876,20.876,1781,0
2017-07-06,20.823,20.823,20.795,20.795,724,0
2017-07-07,20.694,20.73,20.694,20.73,902,0
2017-07-12,20.723,20.724,20.723,20.724,1002,0
2017-07-13,20.773,20.783,20.773,20.783,8916,0
2017-07-14,20.963,20.963,20.963,20.963,3310,0
2017-07-18,20.813,20.813,20.813,20.813,238,0
2017-07-19,20.822,20.823,20.822,20.823,2004,0
2017-07-20,21.053,21.053,20.973,20.973,4045,0
2017-07-21,21.283,21.283,20.963,20.963,1454,0
2017-07-25,20.833,20.873,20.833,20.833,739,0
2017-07-26,20.654,20.723,20.574,20.574,3606,0
2017-07-27,20.454,20.457,20.274,20.274,801,0
2017-07-28,20.254,20.316,20.254,20.316,7734,0
2017-08-01,20.164,20.184,20.149,20.16,2504,0
2017-08-02,20.025,20.025,20.025,20.025,4007,0
2017-08-03,19.885,19.905,19.885,19.905,2304,0
2017-08-04,19.915,19.925,19.915,19.925,300,0
2017-08-08,19.705,19.735,19.645,19.655,3172,0
2017-08-09,19.369,19.486,19.369,19.486,2612,0
2017-08-10,19.356,19.366,19.348,19.366,1503,0
2017-08-15,19.446,19.446,19.446,19.446,2404,0
2017-08-16,19.506,19.506,19.506,19.506,203,0
2017-08-17,19.486,19.486,19.306,19.336,2296,0
2017-08-21,19.195,19.195,19.161,19.161,801,0
2017-08-23,19.026,19.346,19.026,19.306,3194,0
2017-08-25,19.226,19.506,19.226,19.506,1663,0
2017-08-28,19.556,19.556,19.556,19.556,180,0
2017-08-29,19.536,19.566,19.536,19.566,2705,0
2017-08-30,19.605,19.605,19.583,19.583,463,0
2017-09-01,20.015,20.015,20.015,20.015,100,0
2017-09-05,20.055,20.055,20.055,20.055,217,0
2017-09-07,20.154,20.154,20.154,20.154,100,0
2017-09-15,20.304,20.304,20.294,20.294,458,0
2017-09-19,20.135,20.135,20.135,20.135,100,0
2017-09-20,20.035,20.035,20.035,20.035,100,0
2017-09-21,20.02,20.12,19.96,20.005,24900,0
2017-09-22,19.84,19.84,19.84,19.84,200,0
2017-09-25,20.13,20.13,20.13,20.13,250,0
2017-09-29,19.944,19.9999,19.944,19.9999,271,0
2017-10-03,20.4396,20.4396,20.27,20.27,3422,0
2017-10-04,20.4,20.72,20.4,20.5832,3414,0
2017-10-09,20.502,20.502,20.502,20.502,110,0
2017-10-10,20.2491,20.49,20.2491,20.395,880,0
2017-10-11,20.4184,20.4184,20.4184,20.4184,500,0
2017-10-12,20.38,20.38,20.38,20.38,125,0
2017-10-13,20.34,20.34,20.34,20.34,223,0
2017-10-16,20.219,20.219,20.12,20.12,350,0
2017-10-17,20.32,20.32,20.32,20.32,101,0
2017-10-18,20.34,20.34,20.061,20.061,650,0
2017-10-20,20.41,20.42,20.2724,20.42,1251,0
2017-10-23,20.25,20.25,20.25,20.25,135,0
2017-10-25,20.01,20.01,20.01,20.01,120,0
2017-10-26,19.75,19.75,19.643,19.643,453,0
2017-10-27,19.5068,19.5068,19.5068,19.5068,100,0
2017-10-30,19.28,19.28,19.28,19.28,277,0
2017-11-02,19.29,19.29,19.28,19.28,353,0
2017-11-09,20.1177,20.1177,20.1177,20.1177,288,0
2017-11-10,20.2097,20.2097,20.2097,20.2097,114,0
2017-11-14,19.94,20.01,19.94,19.95,500,0
2017-11-15,19.95,19.95,19.95,19.95,-,0
2017-11-16,19.95,19.95,19.95,19.95,-,0
2017-11-17,19.95,19.95,19.95,19.95,-,0
2017-11-20,19.95,19.95,19.95,19.95,-,0
2017-11-21,20.12,20.12,20.12,20.12,200,0
2017-11-22,20.12,20.12,20.12,20.12,-,0
2017-11-24,20.12,20.12,20.12,20.12,-,0
2017-11-27,20.12,20.12,20.12,20.12,-,0
2017-11-28,20.12,20.12,20.12,20.12,-,0
2017-11-29,20.12,20.12,20.12,20.12,-,0
2017-11-30,20.79,20.79,20.79,20.79,1300,0
2017-12-01,20.84,20.84,20.72,20.72,400,0
2017-12-04,20.73,20.84,20.70,20.70,1400,0
2017-12-05,20.70,20.70,20.70,20.70,-,0
2017-12-06,20.27,20.33,20.27,20.33,500,0
2017-12-07,20.80,20.97,20.80,20.97,1100,0
2017-12-08,21.10,21.26,21.10,21.26,6900,0
2017-12-11,21.82,21.82,21.27,21.35,1100,0
2017-12-12,21.39,21.39,21.39,21.39,300,0
2017-12-13,21.52,21.53,21.48,21.53,800,0
2017-12-14,21.54,21.56,21.43,21.43,2600,0
2017-12-15,21.31,21.34,21.24,21.27,1100,0
2017-12-18,21.58,21.58,21.58,21.58,600,0
2017-12-19,21.58,21.58,21.58,21.58,-,0
2017-12-20,21.58,21.58,21.58,21.58,100,0
2017-12-21,21.51,21.51,21.49,21.51,800,0
2017-12-22,21.46,21.46,21.44,21.44,1500,0
2017-12-26,21.40,21.45,21.40,21.40,1100,0
2017-12-27,21.40,21.40,21.40,21.40,-,0
2017-12-28,21.43,21.43,21.40,21.40,900,0
2017-12-29,21.61,21.62,21.40,21.40,1100,0
2018-01-02,21.57,21.69,21.55,21.69,6200,0
2018-01-03,21.87,21.95,21.87,21.95,400,0
2018-01-04,22.10,22.10,21.74,21.88,3200,0
2018-01-05,21.86,21.91,21.82,21.91,1200,0
2018-01-08,22.03,22.03,21.63,21.73,1200,0
2018-01-09,22.06,22.06,22.06,22.06,200,0
2018-01-10,22.08,22.08,21.94,21.96,900,0
2018-01-11,22.21,22.36,22.21,22.32,2300,0
2018-01-12,22.54,22.54,22.46,22.46,1400,0
2018-01-16,22.58,22.58,22.23,22.23,2000,0
2018-01-17,22.26,22.33,22.24,22.33,2200,0
2018-01-18,22.17,22.19,22.17,22.19,800,0
2018-01-19,22.43,22.43,22.35,22.35,1300,0
2018-01-22,22.50,22.72,22.50,22.55,2900,0
2018-01-23,22.86,22.86,22.75,22.76,700,0
2018-01-24,22.84,22.92,22.84,22.91,1200,0
2018-01-25,23.03,23.09,22.90,23.09,1700,0
2018-01-26,23.40,23.43,23.40,23.41,700,0
2018-01-29,23.52,23.57,23.43,23.45,4100,0
2018-01-30,23.29,23.29,22.85,22.85,1400,0
2018-01-31,22.95,23.13,22.49,22.49,3800,0
2018-02-01,22.37,22.67,22.37,22.67,800,0
2018-02-02,22.52,22.52,22.42,22.42,1200,0
2018-02-05,22.19,22.19,21.26,21.38,9400,0
2018-02-06,20.93,21.14,20.66,21.12,4500,0
2018-02-07,21.66,21.66,21.66,21.66,200,0
2018-02-08,21.61,21.61,20.75,20.75,2600,0
2018-02-09,20.74,20.74,20.25,20.71,1800,0
2018-02-12,20.77,20.85,20.77,20.85,400,0
2018-02-13,21.06,21.06,21.06,21.06,200,0
2018-02-14,21.06,21.06,21.06,21.06,-,0
2018-02-15,21.74,21.99,21.73,21.88,2700,0
2018-02-16,22.10,22.14,22.10,22.14,500,0
2018-02-20,22.05,22.05,21.90,21.90,2000,0
2018-02-21,22.02,22.18,22.02,22.12,1600,0
2018-02-22,21.78,21.78,21.68,21.68,7200,0
2018-02-23,21.80,21.80,21.80,21.80,1200,0
2018-02-26,22.25,22.32,22.25,22.32,2300,0
2018-02-27,22.06,22.06,22.06,22.06,200,0
2018-02-28,21.83,21.83,21.60,21.60,1500,0
2018-03-01,-,-,-,-,-,0
2018-03-02,21.54,21.61,21.51,21.61,1900,0
2018-03-05,21.60,21.60,21.50,21.50,700,0
2018-03-06,21.76,21.81,21.76,21.81,1500,0
2018-03-07,21.80,21.83,21.80,21.83,600,0
2018-03-08,22.01,22.01,21.90,21.90,600,0
2018-03-09,21.90,21.90,21.90,21.90,-,0
2018-03-12,22.36,22.46,22.36,22.46,200,0
2018-03-13,22.46,22.46,22.45,22.46,1500,0
2018-03-14,22.34,22.34,22.25,22.25,400,0
2018-03-15,22.68,22.68,22.26,22.28,2900,0
2018-03-16,22.33,22.39,22.13,22.24,5600,0
2018-03-19,21.97,21.97,21.79,21.79,600,0
2018-03-20,21.93,21.93,21.93,21.93,100,0
2018-03-21,22.13,22.13,21.91,22.03,900,0
2018-03-22,21.64,21.64,21.64,21.64,400,0
2018-03-23,21.63,21.63,20.92,20.92,19900,0
2018-03-26,20.74,21.19,20.74,20.79,14200,0
2018-03-27,21.18,21.23,21.14,21.14,1000,0
2018-03-28,21.15,21.16,21.15,21.16,300,0
2018-03-29,20.97,20.97,20.97,20.97,400,0
2018-04-02,20.99,20.99,20.35,20.47,4200,0
2018-04-03,20.47,20.47,20.47,20.47,-,0
2018-04-04,20.50,20.80,20.50,20.80,400,0
2018-04-05,20.80,20.80,20.80,20.80,-,0
2018-04-06,20.63,20.67,20.63,20.67,1400,0
2018-04-09,20.63,20.72,20.72,20.72,5,0