Date,Open,High,Low,Close,Volume,OpenInt
2017-09-21,28.962,28.962,28.72,28.822,5261,0
2017-09-25,29,29,29,29,400,0
2017-09-26,29.21,29.34,29.21,29.34,1011,0
2017-10-02,29.59,29.66,29.3621,29.66,650,0
2017-10-24,30.4553,30.4553,30.4553,30.4553,940,0
2017-10-31,30.94,30.94,30.94,30.94,1000,0
2017-08-04,28.33,28.33,28.33,28.33,-,0
2017-08-07,28.33,28.33,28.33,28.33,-,0
2017-08-08,28.33,28.33,28.33,28.33,-,0
2017-08-09,28.33,28.33,28.33,28.33,-,0
2017-08-10,28.33,28.33,28.33,28.33,-,0
2017-08-11,28.33,28.33,28.33,28.33,-,0
2017-08-14,28.33,28.33,28.33,28.33,-,0
2017-08-15,28.33,28.33,28.33,28.33,-,0
2017-08-16,28.33,28.33,28.33,28.33,-,0
2017-08-17,28.33,28.33,28.33,28.33,-,0
2017-08-18,28.33,28.33,28.33,28.33,-,0
2017-08-21,28.33,28.33,28.33,28.33,-,0
2017-08-22,28.33,28.33,28.33,28.33,-,0
2017-08-23,28.33,28.33,28.33,28.33,-,0
2017-08-24,28.33,28.33,28.33,28.33,-,0
2017-08-25,28.33,28.33,28.33,28.33,-,0
2017-08-28,28.33,28.33,28.33,28.33,-,0
2017-08-29,28.33,28.33,28.33,28.33,-,0
2017-08-30,28.33,28.33,28.33,28.33,-,0
2017-08-31,28.33,28.33,28.33,28.33,-,0
2017-09-01,28.33,28.33,28.33,28.33,-,0
2017-09-05,28.33,28.33,28.33,28.33,-,0
2017-09-06,28.33,28.33,28.33,28.33,-,0
2017-09-07,28.33,28.33,28.33,28.33,-,0
2017-09-08,28.33,28.33,28.33,28.33,-,0
2017-09-11,28.33,28.33,28.33,28.33,-,0
2017-09-12,28.33,28.33,28.33,28.33,-,0
2017-09-13,28.33,28.33,28.33,28.33,-,0
2017-09-14,28.33,28.33,28.33,28.33,-,0
2017-09-15,28.33,28.33,28.33,28.33,-,0
2017-09-18,28.33,28.33,28.33,28.33,-,0
2017-09-19,28.33,28.33,28.33,28.33,-,0
2017-09-20,28.33,28.33,28.33,28.33,-,0
2017-09-21,28.96,28.96,28.72,28.82,5300,0
2017-09-22,28.82,28.82,28.82,28.82,-,0
2017-09-25,29.00,29.00,29.00,29.00,400,0
2017-09-26,29.21,29.34,29.21,29.34,1000,0
2017-09-27,29.34,29.34,29.34,29.34,-,0
2017-09-28,29.34,29.34,29.34,29.34,-,0
2017-09-29,29.34,29.34,29.34,29.34,-,0
2017-10-02,29.59,29.66,29.36,29.66,700,0
2017-10-03,29.66,29.66,29.66,29.66,-,0
2017-10-04,29.66,29.66,29.66,29.66,-,0
2017-10-05,29.66,29.66,29.66,29.66,-,0
2017-10-06,29.66,29.66,29.66,29.66,-,0
2017-10-09,29.66,29.66,29.66,29.66,-,0
2017-10-10,29.66,29.66,29.66,29.66,-,0
2017-10-11,29.66,29.66,29.66,29.66,-,0
2017-10-12,29.66,29.66,29.66,29.66,-,0
2017-10-13,29.66,29.66,29.66,29.66,-,0
2017-10-16,29.66,29.66,29.66,29.66,-,0
2017-10-17,29.66,29.66,29.66,29.66,-,0
2017-10-18,29.66,29.66,29.66,29.66,-,0
2017-10-19,29.66,29.66,29.66,29.66,-,0
2017-10-20,29.66,29.66,29.66,29.66,-,0
2017-10-23,29.66,29.66,29.66,29.66,-,0
2017-10-24,30.16,30.45,30.16,30.45,1400,0
2017-10-25,30.45,30.45,30.45,30.45,-,0
2017-10-26,30.45,30.45,30.45,30.45,-,0
2017-10-27,30.45,30.45,30.45,30.45,-,0
2017-10-30,30.45,30.45,30.45,30.45,-,0
2017-10-31,30.94,30.94,30.94,30.94,1000,0
2017-11-01,30.94,30.94,30.94,30.94,-,0
2017-11-02,30.94,30.94,30.94,30.94,-,0
2017-11-03,30.94,30.94,30.94,30.94,-,0
2017-11-06,30.94,30.94,30.94,30.94,-,0
2017-11-07,30.94,30.94,30.94,30.94,-,0
2017-11-08,30.94,30.94,30.94,30.94,-,0
2017-11-09,30.94,30.94,30.94,30.94,-,0
2017-11-10,30.94,30.94,30.94,30.94,-,0
2017-11-13,30.94,30.94,30.94,30.94,-,0
2017-11-14,30.64,30.64,30.64,30.64,100,0
2017-11-15,30.64,30.64,30.64,30.64,-,0
2017-11-16,30.64,30.64,30.64,30.64,300,0
2017-11-17,30.64,30.64,30.64,30.64,-,0
2017-11-20,30.88,30.88,30.88,30.88,100,0
2017-11-21,30.97,30.97,30.83,30.83,300,0
2017-11-22,30.69,30.73,30.69,30.73,300,0
2017-11-24,30.73,30.73,30.73,30.73,-,0
2017-11-27,30.73,30.73,30.73,30.73,-,0
2017-11-28,30.73,30.73,30.73,30.73,-,0
2017-11-29,30.73,30.73,30.73,30.73,-,0
2017-11-30,30.73,30.73,30.73,30.73,-,0
2017-12-01,30.73,30.73,30.73,30.73,-,0
2017-12-04,30.73,30.73,30.73,30.73,-,0
2017-12-05,30.73,30.73,30.73,30.73,-,0
2017-12-06,30.73,30.73,30.73,30.73,-,0
2017-12-07,30.73,30.73,30.73,30.73,-,0
2017-12-08,30.73,30.73,30.73,30.73,-,0
2017-12-11,30.73,30.73,30.73,30.73,-,0
2017-12-12,32.01,32.01,32.01,32.01,100,0
2017-12-13,32.01,32.01,32.01,32.01,-,0
2017-12-14,32.01,32.01,32.01,32.01,-,0
2017-12-15,32.00,32.00,31.74,31.74,300,0
2017-12-18,31.74,31.74,31.74,31.74,-,0
2017-12-19,31.74,31.74,31.74,31.74,-,0
2017-12-20,31.74,31.74,31.74,31.74,-,0
2017-12-21,30.00,30.00,30.00,30.00,300,0
2017-12-22,30.00,30.00,30.00,30.00,-,0