Date,Open,High,Low,Close,Volume,OpenInt
2016-08-23,24.964,25.037,24.964,25.008,3936,0
2016-08-25,24.654,24.654,24.654,24.654,808,0
2016-08-29,24.771,24.841,24.731,24.841,1718,0
2016-08-30,25.234,25.234,24.779,24.779,5517,0
2016-08-31,25.234,25.234,25.234,25.234,212,0
2016-09-01,24.681,24.691,24.622,24.622,2325,0
2016-09-02,24.691,24.691,24.642,24.642,208,0
2016-09-07,25.136,25.145,24.973,25.145,1597,0
2016-09-08,24.998,24.998,24.998,24.998,100,0
2016-09-09,24.959,24.959,24.413,24.413,4851,0
2016-09-12,24.433,24.473,24.391,24.473,1140,0
2016-09-13,24.542,24.542,24.453,24.453,404,0
2016-09-14,24.434,24.532,24.403,24.403,1212,0
2016-09-15,24.731,24.731,24.731,24.731,1182,0
2016-09-16,24.596,24.616,24.596,24.616,577,0
2016-09-20,24.642,24.642,24.642,24.642,100,0
2016-09-21,24.692,24.929,24.692,24.908,2431,0
2016-09-22,25.116,25.136,25.077,25.136,505,0
2016-09-23,25.058,25.068,24.939,25.009,1111,0
2016-09-26,24.642,24.642,24.642,24.642,404,0
2016-09-27,24.831,24.929,24.831,24.929,930,0
2016-09-29,24.979,24.979,24.741,24.741,1315,0
2016-09-30,24.949,24.949,24.9,24.9,414,0
2016-10-06,24.893,24.903,24.893,24.903,637,0
2016-10-10,24.789,24.817,24.789,24.794,505,0
2016-10-19,24.794,24.794,24.794,24.794,100,0
2016-10-20,24.664,24.664,24.664,24.664,100,0
2016-10-24,24.913,24.913,24.913,24.913,163,0
2016-10-25,24.734,24.734,24.734,24.734,100,0
2016-10-26,24.645,24.645,24.645,24.645,100,0
2016-10-27,24.446,24.446,24.446,24.446,171,0
2016-10-28,24.466,24.466,24.376,24.376,404,0
2016-11-03,24.031,24.031,24.005,24.005,302,0
2016-11-08,24.376,24.376,24.376,24.376,100,0
2016-11-09,24.405,24.465,24.396,24.465,1227,0
2016-11-10,24.189,24.189,24.189,24.189,198,0
2016-11-14,24.041,24.08,24.041,24.08,7486,0
2016-11-17,24.645,24.645,24.645,24.645,229,0
2016-11-18,24.664,24.664,24.555,24.555,577,0
2016-11-21,24.585,24.684,24.585,24.684,1581,0
2016-11-23,24.744,24.744,24.744,24.744,100,0
2016-11-28,24.774,24.774,24.774,24.774,202,0
2016-11-29,24.655,24.655,24.655,24.655,160,0
2016-11-30,24.551,24.551,24.551,24.551,121,0
2016-12-05,24.466,24.466,24.466,24.466,100,0
2016-12-07,24.893,24.893,24.893,24.893,114,0
2016-12-09,25.002,25.002,24.645,24.948,3927,0
2016-12-13,25.002,25.002,25.002,25.002,110,0
2016-12-15,24.803,24.803,24.766,24.766,403,0
2016-12-16,25.043,25.043,25.043,25.043,100,0
2016-12-21,24.806,24.836,24.806,24.836,487,0
2016-12-23,24.796,24.796,24.796,24.796,223,0
2016-12-27,24.676,24.719,24.676,24.719,286,0
2016-12-28,24.75,24.75,24.75,24.75,141,0
2016-12-29,24.764,24.77,24.764,24.77,303,0
2017-01-03,24.636,24.636,24.636,24.636,202,0
2017-01-04,24.958,24.958,24.958,24.958,1007,0
2017-01-05,24.869,24.869,24.869,24.869,147,0
2017-01-06,24.978,24.978,24.978,24.978,108,0
2017-01-09,25.097,25.137,25.097,25.137,1197,0
2017-01-10,25.077,25.216,25.077,25.167,783,0
2017-01-11,25.187,25.187,25.177,25.187,765,0
2017-01-19,25.216,25.216,25.182,25.182,272,0
2017-01-20,25.117,25.117,25.115,25.115,1298,0
2017-01-24,25.296,25.515,25.296,25.515,696,0
2017-01-25,25.664,25.664,25.664,25.664,150,0
2017-01-30,25.365,25.365,25.365,25.365,402,0
2017-01-31,25.326,25.326,25.257,25.257,202,0
2017-02-01,25.375,25.375,25.375,25.375,150,0
2017-02-03,25.485,25.495,25.485,25.495,303,0
2017-02-06,25.407,25.407,25.407,25.407,100,0
2017-02-07,25.445,25.445,25.445,25.445,280,0
2017-02-09,25.753,25.772,25.753,25.772,764,0
2017-02-13,25.852,25.872,25.852,25.872,784,0
2017-02-14,25.699,25.699,25.699,25.699,100,0
2017-02-15,25.931,25.931,25.931,25.931,202,0
2017-02-17,25.981,26.045,25.981,26.045,454,0
2017-02-21,26.25,26.279,26.25,26.279,2014,0
2017-02-22,26.221,26.221,26.221,26.221,113,0
2017-02-23,26.09,26.113,26.07,26.07,1461,0
2017-02-27,26.14,26.16,26.14,26.16,889,0
2017-03-06,25.961,25.961,25.961,25.961,100,0
2017-03-07,25.964,25.964,25.964,25.964,402,0
2017-03-10,26.24,26.24,26.24,26.24,126,0
2017-03-17,26.646,26.646,26.646,26.646,100,0
2017-03-21,26.716,26.716,26.716,26.716,230,0
2017-03-30,26.686,26.686,26.686,26.686,139,0
2017-04-05,26.439,26.499,26.439,26.469,1960,0
2017-04-06,26.37,26.417,26.32,26.32,1438,0
2017-04-10,26.374,26.374,26.374,26.374,173,0
2017-04-11,26.221,26.315,26.221,26.315,234,0
2017-04-12,26.479,26.561,26.449,26.449,752,0
2017-04-18,26.499,26.499,26.392,26.392,578,0
2017-04-25,27.414,27.434,27.222,27.434,1105,0
2017-04-27,27.533,27.533,27.533,27.533,993,0
2017-05-02,27.732,27.762,27.712,27.712,402,0
2017-05-04,27.692,27.692,27.608,27.618,452,0
2017-05-05,27.791,27.791,27.791,27.791,125,0
2017-05-09,28.12,28.149,28.008,28.008,2222,0
2017-05-10,28.082,28.082,28.082,28.082,100,0
2017-05-11,28.14,28.309,28.14,28.309,554,0
2017-05-12,28.349,28.349,28.349,28.349,125,0
2017-05-16,28.657,28.697,28.587,28.677,1661,0
2017-05-17,28.398,28.398,28.169,28.169,301,0
2017-05-18,27.782,27.782,27.782,27.782,128,0
2017-05-22,28.697,28.697,28.697,28.697,264,0
2017-05-23,28.753,28.767,28.691,28.691,777,0
2017-05-24,29.333,29.333,28.756,28.763,2061,0
2017-05-25,28.915,28.935,28.915,28.935,402,0
2017-05-26,28.577,28.863,28.577,28.863,665,0
2017-05-30,28.915,28.915,28.81,28.81,1531,0
2017-05-31,28.751,28.806,28.567,28.567,2898,0
2017-06-06,29.303,29.303,29.202,29.202,877,0
2017-06-09,29.114,29.114,28.842,28.842,495,0
2017-06-13,29.035,29.035,28.975,29.005,885,0
2017-06-15,28.727,28.727,28.637,28.637,277,0
2017-06-16,28.836,28.856,28.766,28.856,835,0
2017-06-26,29.243,29.243,29.243,29.243,507,0
2017-07-05,28.857,28.857,28.857,28.857,100,0
2017-07-06,28.509,28.574,28.509,28.574,401,0
2017-07-11,28.983,29.087,28.953,28.953,611,0
2017-07-13,29.676,29.676,29.456,29.456,7535,0
2017-07-14,29.616,29.965,29.616,29.825,30396,0
2017-07-17,29.895,30.045,29.756,29.795,29485,0
2017-07-18,29.736,29.736,29.736,29.736,131,0
2017-07-19,30.015,30.324,30.015,30.045,602,0
2017-07-20,30.384,30.384,30.354,30.354,606,0
2017-07-21,30.234,30.234,30.184,30.224,813,0
2017-07-24,30.224,30.444,30.224,30.444,2016,0
2017-07-25,30.424,30.424,30.424,30.424,602,0
2017-07-27,30.648,30.648,30.648,30.648,100,0
2017-07-28,30.539,30.713,30.539,30.713,770,0
2017-07-31,30.553,30.553,30.434,30.464,1926,0
2017-08-01,30.471,30.579,30.471,30.579,662,0
2017-08-02,30.414,30.414,30.283,30.283,406,0
2017-08-03,30.513,30.513,30.384,30.414,6278,0
2017-08-04,30.513,30.513,30.425,30.425,545,0
2017-08-07,30.633,30.664,30.633,30.664,960,0
2017-08-08,30.902,30.952,30.892,30.892,323,0
2017-08-09,30.434,30.434,30.434,30.434,225,0
2017-08-11,29.942,29.942,29.942,29.942,501,0
2017-08-14,30.528,30.528,30.528,30.528,150,0
2017-08-15,30.372,30.372,30.372,30.372,109,0
2017-08-17,30.085,30.085,30.085,30.085,100,0
2017-08-18,30.085,30.234,30.085,30.194,502,0
2017-08-21,30.03,30.03,30.03,30.03,281,0
2017-08-22,30.421,30.421,30.421,30.421,100,0
2017-08-23,30.344,30.425,30.344,30.425,673,0
2017-08-25,30.336,30.336,30.336,30.336,188,0
2017-08-28,30.155,30.155,30.155,30.155,131,0
2017-08-29,30.214,30.254,30.214,30.254,282,0
2017-08-30,30.164,30.354,30.164,30.344,606,0
2017-09-01,30.982,30.982,30.917,30.917,362,0
2017-09-06,30.852,30.852,30.843,30.843,302,0
2017-09-12,31.182,31.182,31.182,31.182,501,0
2017-09-13,31.202,31.203,31.201,31.203,1121,0
2017-09-14,31.249,31.249,31.122,31.122,262,0
2017-09-15,31.333,31.333,31.333,31.333,321,0
2017-09-19,31.456,31.511,31.456,31.511,352,0
2017-09-20,31.56,31.58,31.56,31.58,276,0
2017-09-21,31.401,31.401,31.281,31.281,622,0
2017-09-22,31.361,31.361,31.361,31.361,272,0
2017-09-26,31.151,31.151,30.803,30.803,1302,0
2017-09-27,30.978,31.137,30.978,31.071,426,0
2017-09-29,31.471,31.478,31.312,31.447,1744,0
2017-10-02,31.56,31.569,31.56,31.56,1636,0
2017-10-03,31.8,31.8,31.77,31.77,2234,0
2017-10-04,31.7,31.7,31.5301,31.6343,889,0
2017-10-05,31.7143,31.89,31.7143,31.89,1230,0
2017-10-06,31.85,31.92,31.7772,31.91,1068,0
2017-10-10,32.11,32.11,31.9825,32.0281,1260,0
2017-10-11,32.08,32.21,32.0433,32.21,1214,0
2017-10-12,32.19,32.19,32.19,32.19,328,0
2017-10-13,32.529,32.529,32.295,32.4242,718,0
2017-10-16,32.43,32.4916,32.43,32.4916,584,0
2017-10-17,32.37,32.38,32.2,32.2,926,0
2017-10-18,32.4,32.4,32.27,32.3095,2721,0
2017-10-19,32.08,32.08,31.86,31.89,1587,0
2017-10-20,32.23,32.29,32.191,32.25,1559,0
2017-10-23,32.2,32.2,32.06,32.06,1078,0
2017-10-24,32.05,32.08,32.025,32.05,3800,0
2017-10-25,31.9,31.9,31.6,31.64,652,0
2017-10-26,31.7,31.7,31.5883,31.62,1738,0
2017-10-27,31.7691,31.85,31.7691,31.85,300,0
2017-10-30,31.85,31.975,31.85,31.975,272,0
2017-10-31,32.07,32.21,32.07,32.19,1571,0
2017-11-01,32.33,32.33,32.1076,32.12,1027,0
2017-11-06,32.7,32.7,32.7,32.7,234,0
2017-11-07,32.64,32.64,32.35,32.35,510,0
2017-11-08,32.3724,32.3724,32.3724,32.3724,204,0
2017-11-09,32.36,32.36,32.36,32.36,149,0
2017-11-10,32.41,32.54,32.41,32.525,753,0
2017-11-15,32.44,32.56,32.44,32.49,900,0
2017-11-16,32.49,32.49,32.49,32.49,-,0
2017-11-17,33.35,33.35,33.31,33.31,500,0
2017-11-20,33.31,33.31,33.31,33.31,-,0
2017-11-21,33.80,33.81,33.80,33.81,700,0
2017-11-22,33.87,33.87,33.72,33.85,1000,0
2017-11-24,33.87,33.95,33.86,33.95,1000,0
2017-11-27,33.74,33.79,33.72,33.77,1000,0
2017-11-28,33.69,33.96,33.69,33.88,700,0
2017-11-29,33.33,33.48,33.00,33.45,1900,0
2017-11-30,33.45,33.45,33.45,33.45,100,0
2017-12-01,33.35,33.35,33.35,33.35,200,0
2017-12-04,33.31,33.31,32.97,33.17,1000,0
2017-12-05,33.38,33.42,33.37,33.37,600,0
2017-12-06,33.04,33.04,33.04,33.04,800,0
2017-12-07,33.10,33.10,33.10,33.10,500,0
2017-12-08,33.71,33.90,33.71,33.76,800,0
2017-12-11,33.81,33.81,33.81,33.81,500,0
2017-12-12,33.74,33.75,33.74,33.75,400,0
2017-12-13,33.75,33.75,33.75,33.75,-,0
2017-12-14,33.75,33.75,33.75,33.75,-,0
2017-12-15,33.90,34.03,33.90,33.93,800,0
2017-12-18,34.09,34.47,34.09,34.47,1700,0
2017-12-19,34.49,34.49,34.41,34.41,400,0
2017-12-20,34.53,34.56,34.31,34.31,700,0
2017-12-21,34.36,34.36,34.36,34.36,200,0
2017-12-22,34.66,34.66,34.66,34.66,600,0
2017-12-26,34.60,34.60,34.60,34.60,500,0
2017-12-27,34.57,34.68,34.53,34.67,2700,0
2017-12-28,34.69,34.70,34.69,34.70,300,0
2017-12-29,34.73,34.77,34.72,34.72,1100,0
2018-01-02,34.71,35.00,34.71,34.97,800,0
2018-01-03,35.17,35.34,35.17,35.34,56500,0
2018-01-04,35.59,35.59,35.38,35.46,4300,0
2018-01-05,35.64,35.87,35.57,35.87,900,0
2018-01-08,35.98,36.01,35.87,36.01,2100,0
2018-01-09,35.97,35.97,35.97,35.97,100,0
2018-01-10,35.81,35.81,35.73,35.73,800,0
2018-01-11,35.79,35.82,35.74,35.81,2700,0
2018-01-12,36.05,36.28,36.05,36.28,1600,0
2018-01-16,36.51,36.59,36.00,36.02,3000,0
2018-01-17,36.56,36.56,36.46,36.46,600,0
2018-01-18,36.47,36.53,36.36,36.46,2600,0
2018-01-19,36.67,36.81,36.54,36.81,21500,0
2018-01-22,36.85,37.13,36.78,37.13,2300,0
2018-01-23,37.13,37.37,37.13,37.33,21400,0
2018-01-24,37.54,37.54,37.16,37.33,4900,0
2018-01-25,37.51,37.72,37.51,37.63,900,0
2018-01-26,37.85,38.17,37.85,38.17,10500,0
2018-01-29,37.81,37.92,37.70,37.70,2900,0
2018-01-30,37.14,37.39,37.03,37.13,2800,0
2018-01-31,37.59,37.80,37.37,37.53,5300,0
2018-02-01,37.09,37.46,37.09,37.30,2100,0
2018-02-02,36.83,36.83,36.31,36.31,2100,0
2018-02-05,36.11,36.21,35.39,35.39,2100,0
2018-02-06,34.38,35.32,34.00,35.32,1500,0
2018-02-07,35.62,35.62,35.31,35.31,29400,0
2018-02-08,34.87,34.87,34.00,34.00,3300,0
2018-02-09,33.39,34.00,33.39,34.00,2500,0
2018-02-12,34.63,35.03,34.63,34.99,1800,0
2018-02-13,34.91,35.13,34.91,35.13,1400,0
2018-02-14,35.23,36.02,34.22,36.02,1200,0
2018-02-15,36.74,36.79,36.20,36.69,3500,0
2018-02-16,36.83,36.97,36.56,36.84,3800,0
2018-02-20,36.62,36.99,36.62,36.83,4400,0
2018-02-21,36.99,37.00,36.83,37.00,1900,0
2018-02-22,36.83,36.90,36.70,36.70,2100,0
2018-02-23,37.02,37.38,37.02,37.38,1400,0
2018-02-26,37.38,37.39,37.04,37.20,3500,0
2018-02-27,37.14,37.14,36.56,37.00,24600,0
2018-02-28,36.71,36.71,36.70,36.70,500,0
2018-03-01,-,-,-,-,-,0
2018-03-02,35.41,35.75,35.41,35.75,1900,0
2018-03-05,35.81,36.88,35.81,36.80,4600,0
2018-03-06,36.96,36.96,36.60,36.83,4400,0
2018-03-07,36.58,36.96,36.58,36.96,25500,0
2018-03-08,37.40,37.40,37.07,37.07,300,0
2018-03-09,37.53,37.53,36.04,37.16,28000,0
2018-03-12,37.45,37.80,37.38,37.75,1800,0
2018-03-13,37.67,37.67,36.86,37.14,36400,0
2018-03-14,37.35,37.40,37.22,37.22,1400,0
2018-03-15,37.35,37.35,37.20,37.20,9800,0
2018-03-16,37.22,37.22,37.22,37.22,100,0
2018-03-19,37.10,37.21,36.73,36.73,3600,0
2018-03-20,36.88,37.22,36.88,37.22,5300,0
2018-03-21,37.21,37.21,37.21,37.21,500,0
2018-03-22,36.37,36.59,36.37,36.59,1500,0
2018-03-23,35.84,36.21,35.84,35.99,900,0
2018-03-26,35.99,35.99,35.99,35.99,-,0
2018-03-27,35.96,35.96,35.96,35.96,200,0
2018-03-28,35.16,35.16,34.82,34.96,11700,0
2018-03-29,34.99,35.37,34.99,35.37,3000,0
2018-04-02,37.39,37.39,34.46,34.51,2900,0
2018-04-03,34.82,34.82,34.60,34.62,1100,0
2018-04-04,34.83,34.96,34.83,34.88,700,0
2018-04-05,35.50,35.50,35.26,35.28,6900,0
2018-04-06,35.19,35.19,34.93,35.07,3000,0
2018-04-09,35.00,35.49,35.00,35.31,720,0