Date,Open,High,Low,Close,Volume,OpenInt
2017-09-28,25.02,25.3,25.02,25.2,139389,0
2017-09-29,25.25,25.7334,25.207,25.46,45581,0
2017-10-02,25.41,25.74,25.41,25.57,52402,0
2017-10-03,25.5,25.6485,25.452,25.51,32500,0
2017-10-04,25.58,25.63,25.4999,25.55,26026,0
2017-10-05,25.6,25.7399,25.55,25.65,23335,0
2017-10-06,25.69,25.85,25.61,25.85,15278,0
2017-10-09,25.7389,25.75,25.687,25.687,4730,0
2017-10-10,25.66,25.85,25.66,25.85,13571,0
2017-10-11,25.8,25.85,25.75,25.7817,13403,0
2017-10-12,25.79,25.85,25.68,25.85,7750,0
2017-10-13,25.85,25.85,25.7,25.79,12310,0
2017-10-16,25.85,25.85,25.6,25.6488,16210,0
2017-10-17,25.6101,25.94,25.6,25.94,16130,0
2017-10-18,25.75,25.75,25.531,25.65,8625,0
2017-10-19,25.6,25.8,25.4,25.8,30579,0
2017-10-20,25.63,25.91,25.61,25.89,13615,0
2017-10-23,25.7486,25.88,25.7,25.72,6963,0
2017-10-24,25.6469,25.8,25.5,25.67,27872,0
2017-10-25,25.7,25.75,25.51,25.61,14164,0
2017-10-26,25.6169,25.65,25.5,25.52,21576,0
2017-10-27,25.5101,25.71,25.5,25.7,15390,0
2017-10-30,25.7,25.82,25.53,25.82,7150,0
2017-10-31,25.92,25.92,25.62,25.62,1527,0
2017-11-01,25.92,25.92,25.75,25.75,2760,0
2017-11-02,25.83,25.867,25.674,25.867,5400,0
2017-11-03,25.88,25.88,25.75,25.75,4904,0
2017-11-06,25.67,25.85,25.6366,25.8,3400,0
2017-11-07,25.65,25.7499,25.6,25.6986,16802,0
2017-11-08,25.61,25.65,25.37,25.65,40094,0
2017-11-09,25.6135,25.615,25.42,25.44,3150,0
2017-11-10,25.442,25.65,25.414,25.65,7100,0
2017-11-17,25.65,26.00,25.60,25.90,8200,0
2017-11-20,25.82,25.85,25.42,25.45,18400,0
2017-11-21,25.41,25.62,25.41,25.57,11600,0
2017-11-22,25.57,25.70,25.53,25.54,7300,0
2017-11-24,25.58,25.60,25.58,25.60,2300,0
2017-11-27,25.68,25.84,25.65,25.79,7300,0
2017-11-28,25.87,25.94,25.81,25.89,4800,0
2017-11-29,25.95,26.00,25.79,25.94,2800,0
2017-11-30,25.75,25.85,25.75,25.80,4800,0
2017-12-01,25.70,25.85,25.70,25.85,1800,0
2017-12-04,26.12,26.14,26.12,26.14,1000,0
2017-12-05,25.85,26.00,25.77,25.80,4900,0
2017-12-06,25.92,25.92,25.80,25.87,1400,0
2017-12-07,25.52,25.75,25.52,25.64,9000,0
2017-12-08,25.75,25.87,25.65,25.85,15000,0
2017-12-11,25.85,25.85,25.75,25.80,2800,0
2017-12-12,25.80,25.80,25.80,25.80,-,0
2017-12-13,25.75,25.75,25.70,25.72,1800,0
2017-12-14,25.85,25.85,25.70,25.84,3300,0
2017-12-15,25.82,25.82,25.51,25.51,10600,0
2017-12-18,25.50,25.85,25.43,25.85,17300,0
2017-12-19,25.90,25.99,25.81,25.81,18100,0
2017-12-20,25.71,25.83,25.61,25.69,4000,0
2017-12-21,25.57,25.57,25.56,25.56,2200,0
2017-12-22,25.57,25.57,25.55,25.55,2800,0
2017-12-26,25.56,25.56,25.56,25.56,200,0
2017-12-27,25.62,25.70,25.57,25.57,3800,0
2017-12-28,25.65,25.72,25.65,25.72,900,0
2017-12-29,25.75,25.85,25.74,25.85,1700,0
2018-01-02,26.03,26.03,25.57,25.60,5700,0
2018-01-03,25.55,25.74,25.55,25.58,3800,0
2018-01-04,25.58,25.58,25.57,25.58,2300,0
2018-01-05,25.60,25.65,25.60,25.65,1300,0
2018-01-08,25.76,25.90,25.53,25.53,22300,0
2018-01-09,25.61,25.64,25.57,25.58,8100,0
2018-01-10,25.63,25.63,25.50,25.50,8500,0
2018-01-11,25.55,25.69,25.52,25.56,5700,0
2018-01-12,25.56,25.56,25.56,25.56,-,0
2018-01-16,25.50,25.73,25.50,25.73,3500,0
2018-01-17,25.54,25.55,25.52,25.52,2800,0
2018-01-18,25.63,25.67,25.63,25.67,400,0
2018-01-19,25.58,25.60,25.42,25.42,2300,0
2018-01-22,25.43,25.44,25.42,25.43,1000,0
2018-01-23,25.42,25.51,25.32,25.51,2400,0
2018-01-24,25.42,25.47,25.18,25.29,17800,0
2018-01-25,25.25,25.35,25.20,25.25,17200,0
2018-01-26,25.28,25.28,25.19,25.19,7500,0
2018-01-29,25.22,25.24,25.04,25.09,13400,0
2018-01-30,25.14,25.24,25.12,25.23,3400,0
2018-01-31,25.29,25.37,25.19,25.37,11700,0
2018-02-01,25.19,25.39,25.19,25.37,3000,0
2018-02-02,25.21,25.29,25.11,25.29,2400,0
2018-02-05,25.13,25.13,25.08,25.08,3300,0
2018-02-06,25.18,25.25,25.12,25.12,10300,0
2018-02-07,25.19,25.34,25.19,25.34,800,0
2018-02-08,25.34,25.43,25.34,25.43,2100,0
2018-02-09,25.27,25.27,25.20,25.21,800,0
2018-02-12,25.30,25.40,25.30,25.40,2500,0
2018-02-13,25.32,25.32,25.17,25.17,700,0
2018-02-14,25.30,25.35,25.27,25.28,2100,0
2018-02-15,25.22,25.57,25.20,25.35,10200,0
2018-02-16,25.50,25.50,25.35,25.39,2600,0
2018-02-20,25.43,25.45,25.31,25.45,2300,0
2018-02-21,25.32,25.32,24.85,25.11,10500,0
2018-02-22,25.22,25.22,25.13,25.13,7100,0
2018-02-23,25.13,25.14,24.82,24.93,7800,0
2018-02-26,25.04,25.10,24.86,25.00,23800,0
2018-02-27,24.95,24.97,24.90,24.97,4800,0
2018-02-28,25.03,25.10,24.98,25.06,2800,0
2018-03-01,25.13,25.20,25.13,25.20,900,0
2018-03-02,25.18,25.20,25.00,25.00,2400,0
2018-03-05,25.00,25.00,25.00,25.00,-,0
2018-03-06,25.18,25.34,25.18,25.25,1500,0
2018-03-07,25.31,25.31,24.99,25.01,6900,0
2018-03-08,25.14,25.14,25.02,25.02,3600,0
2018-03-09,25.03,25.05,24.70,25.05,35400,0
2018-03-12,24.95,25.05,24.90,24.95,9000,0
2018-03-13,25.01,25.07,24.99,24.99,3100,0
2018-03-14,25.11,25.11,25.00,25.00,5700,0
2018-03-15,25.11,25.11,24.91,25.01,6900,0
2018-03-16,24.93,25.09,24.93,25.09,9100,0
2018-03-19,25.00,25.12,24.65,24.73,22200,0
2018-03-20,24.95,24.99,24.79,24.99,7600,0
2018-03-21,24.99,25.06,24.98,25.00,7600,0
2018-03-22,25.00,25.03,24.75,24.86,12500,0
2018-03-23,24.90,24.95,24.85,24.90,6700,0
2018-03-26,25.00,25.00,24.93,24.95,2700,0
2018-03-27,24.95,24.95,24.90,24.95,3100,0
2018-03-28,24.95,25.09,24.95,25.05,6000,0
2018-03-29,25.08,25.20,24.85,24.96,14000,0
2018-04-02,24.97,25.08,24.96,24.98,2500,0
2018-04-03,24.86,24.88,24.78,24.88,9100,0
2018-04-04,24.88,24.95,24.75,24.75,30700,0
2018-04-05,24.84,24.88,24.70,24.85,3900,0
2018-04-06,24.80,24.82,24.67,24.74,8300,0
2018-04-09,24.80,24.86,24.60,24.84,18719,0