Date,Open,High,Low,Close,Volume,OpenInt
2017-10-31,25.1,25.15,24.9999,25.05,335610,0
2017-11-01,25.15,25.24,25.07,25.1298,281853,0
2017-11-02,25.2,25.3,25.0903,25.27,192022,0
2017-11-03,25.3,25.3511,25.21,25.29,116448,0
2017-11-06,25.38,25.38,25.25,25.2885,144294,0
2017-11-07,25.3,25.53,25.28,25.47,224919,0
2017-11-08,25.5,25.52,25.39,25.425,188325,0
2017-11-09,25.45,25.45,25.31,25.3821,85692,0
2017-11-10,25.3994,25.41,25.31,25.38,120617,0
2017-11-14,25.35,25.35,25.11,25.11,122000,0
2017-11-15,25.10,25.23,24.92,25.15,166400,0
2017-11-16,25.15,25.26,25.13,25.15,83200,0
2017-11-17,25.15,25.25,25.11,25.25,47600,0
2017-11-20,25.26,25.35,25.20,25.35,33000,0
2017-11-21,25.35,25.44,25.18,25.32,94600,0
2017-11-22,25.25,25.34,25.25,25.34,44000,0
2017-11-24,25.30,25.38,25.26,25.34,18900,0
2017-11-27,25.30,25.31,25.17,25.24,116700,0
2017-11-28,25.22,25.24,25.07,25.15,160200,0
2017-11-29,25.20,25.24,25.12,25.21,50800,0
2017-11-30,25.24,25.24,25.12,25.13,127200,0
2017-12-01,25.21,25.21,25.06,25.13,47400,0
2017-12-04,25.23,25.25,25.13,25.15,80500,0
2017-12-05,25.19,25.19,25.11,25.14,46400,0
2017-12-06,25.18,25.21,25.12,25.15,87600,0
2017-12-07,25.14,25.25,25.14,25.22,41800,0
2017-12-08,25.24,25.37,25.16,25.27,94300,0
2017-12-11,25.30,25.39,25.29,25.33,49400,0
2017-12-12,25.35,25.44,25.31,25.39,67300,0
2017-12-13,25.44,25.54,25.35,25.49,84800,0
2017-12-14,25.50,25.50,25.42,25.44,53400,0
2017-12-15,25.45,25.49,25.40,25.43,82500,0
2017-12-18,25.45,25.58,25.44,25.54,125400,0
2017-12-19,25.58,25.58,25.42,25.50,51600,0
2017-12-20,25.50,25.68,25.46,25.64,54500,0
2017-12-21,25.62,25.71,25.56,25.69,29100,0
2017-12-22,25.70,25.70,25.52,25.67,65400,0
2017-12-26,25.66,25.75,25.65,25.67,59400,0
2017-12-27,25.67,25.80,25.64,25.79,55300,0
2017-12-28,25.78,25.95,25.75,25.89,70200,0
2017-12-29,25.85,26.05,25.85,26.02,85100,0
2018-01-02,26.05,26.23,25.78,25.95,95500,0
2018-01-03,25.95,25.99,25.72,25.98,34000,0
2018-01-04,25.99,26.10,25.90,26.05,77300,0
2018-01-05,26.06,26.18,26.00,26.11,40100,0
2018-01-08,26.17,26.17,25.92,26.00,85700,0
2018-01-09,25.98,26.00,25.76,25.94,59000,0
2018-01-10,25.95,25.95,25.61,25.95,66700,0
2018-01-11,25.95,26.12,25.90,26.05,50900,0
2018-01-12,26.03,26.04,25.90,25.96,66600,0
2018-01-16,26.05,26.05,25.83,25.95,75900,0
2018-01-17,25.85,26.20,25.85,25.92,51900,0
2018-01-18,25.92,26.05,25.85,25.92,77900,0
2018-01-19,25.95,26.16,25.90,26.16,652300,0
2018-01-22,25.90,26.20,25.90,26.19,63200,0
2018-01-23,26.08,26.23,26.08,26.22,30100,0
2018-01-24,26.00,26.34,26.00,26.25,57800,0
2018-01-25,26.25,26.38,26.25,26.29,45700,0
2018-01-26,26.50,26.53,26.30,26.33,60100,0
2018-01-29,26.22,26.22,25.93,25.97,56900,0
2018-01-30,25.73,26.00,25.59,25.98,80900,0
2018-01-31,25.98,26.30,25.98,26.25,44900,0
2018-02-01,26.10,26.19,25.91,26.12,21000,0
2018-02-02,25.88,25.99,25.65,25.94,41200,0
2018-02-05,25.92,26.25,25.85,26.10,46100,0
2018-02-06,26.00,26.70,25.85,26.26,80300,0
2018-02-07,25.80,25.94,25.70,25.71,57300,0
2018-02-08,25.75,25.78,25.45,25.45,24700,0
2018-02-09,25.48,25.48,25.00,25.20,48800,0
2018-02-12,25.38,25.40,25.20,25.28,26000,0
2018-02-13,25.10,25.40,25.10,25.28,25400,0
2018-02-14,25.40,25.40,25.15,25.15,8100,0
2018-02-15,25.17,25.78,25.16,25.61,36700,0
2018-02-16,25.58,25.58,25.27,25.45,10100,0
2018-02-20,25.55,25.55,25.15,25.19,32400,0
2018-02-21,25.19,25.63,25.19,25.22,14500,0
2018-02-22,25.41,25.41,25.22,25.25,32100,0
2018-02-23,25.26,25.38,25.03,25.19,77700,0
2018-02-26,25.24,25.38,25.10,25.21,29800,0
2018-02-27,25.21,25.54,25.01,25.12,47500,0
2018-02-28,25.14,25.47,25.14,25.27,39700,0
2018-03-01,25.31,25.55,25.27,25.33,9800,0
2018-03-02,25.30,25.55,25.25,25.34,26300,0
2018-03-05,25.59,25.60,25.26,25.35,25000,0
2018-03-06,25.36,25.58,25.16,25.29,29900,0
2018-03-07,25.44,25.44,25.19,25.30,15700,0
2018-03-08,25.22,25.36,25.17,25.17,34700,0
2018-03-09,25.26,25.28,25.15,25.22,27400,0
2018-03-12,25.25,25.30,25.22,25.26,13300,0
2018-03-13,25.37,25.39,25.26,25.26,4700,0
2018-03-14,25.30,25.34,25.30,25.34,1900,0
2018-03-15,25.34,25.45,25.30,25.39,7400,0
2018-03-16,25.38,25.45,25.32,25.36,14600,0
2018-03-19,25.47,25.47,25.23,25.26,24600,0
2018-03-20,25.23,25.29,25.09,25.14,56700,0
2018-03-21,25.16,25.26,25.14,25.18,13400,0
2018-03-22,25.29,25.29,25.19,25.29,9000,0
2018-03-23,25.20,25.50,25.20,25.50,19900,0
2018-03-26,25.40,25.43,25.20,25.25,23000,0
2018-03-27,25.28,25.31,25.14,25.23,26500,0
2018-03-28,25.28,25.28,25.20,25.22,4900,0
2018-03-29,25.32,25.46,25.18,25.33,8800,0
2018-04-02,25.45,25.45,25.23,25.25,16800,0
2018-04-03,25.27,25.31,25.18,25.23,9600,0
2018-04-04,25.33,25.33,25.22,25.24,7000,0
2018-04-05,25.25,25.36,25.22,25.35,8400,0
2018-04-06,25.33,25.35,25.29,25.35,1600,0
2018-04-09,25.34,25.35,25.25,25.30,16101,0