Date,Open,High,Low,Close,Volume,OpenInt
2017-05-09,29.849,30.415,29.849,29.849,611255,0
2017-05-10,29.751,32.627,29.503,29.899,79576,0
2017-05-11,29.989,30.673,29.849,30.613,4032,0
2017-05-12,29.859,30.841,29.761,30.743,42096,0
2017-05-15,30.613,30.743,30.515,30.723,6751,0
2017-05-16,30.713,30.891,30.334,30.831,46675,0
2017-05-17,30.593,30.743,29.859,30.495,49202,0
2017-05-18,30.495,30.743,29.869,30.485,66662,0
2017-05-19,30.107,30.743,30.107,30.495,63356,0
2017-05-22,30.495,31.873,30.257,31.377,52744,0
2017-05-23,31.239,31.239,30.593,30.743,58146,0
2017-05-24,30.743,31.585,30.247,30.743,107350,0
2017-05-25,30.743,30.911,30.495,30.763,38658,0
2017-05-26,30.743,31.04,30.505,30.773,41892,0
2017-05-30,30.743,31.715,30.51,30.851,58187,0
2017-05-31,31.021,33.53,30.991,32.478,76247,0
2017-06-01,32.478,33.469,32.329,33.271,45022,0
2017-06-02,33.033,33.44,32.399,33.123,46741,0
2017-06-05,32.151,34.094,32.151,32.954,36172,0
2017-06-06,32.993,33.221,32.525,33.063,35976,0
2017-06-07,33.123,36.078,32.875,34.734,51244,0
2017-06-08,33.777,34.863,33.361,34.6,34866,0
2017-06-09,34.481,34.709,34.313,34.561,29456,0
2017-06-12,34.402,34.481,31.813,33.192,26909,0
2017-06-13,33.033,34.055,32.031,33.371,30186,0
2017-06-14,33.301,34.268,32.647,33.123,75629,0
2017-06-15,32.855,33.381,32.517,32.716,23134,0
2017-06-16,33.013,33.41,31.387,31.417,52977,0
2017-06-19,31.526,32.196,29.914,30.207,50789,0
2017-06-20,30.009,30.941,29.373,29.751,94087,0
2017-06-21,30.495,30.495,29.593,30.049,17708,0
2017-06-22,29.999,30.039,29.711,29.721,23891,0
2017-06-23,29.84,30.029,29.681,29.761,234657,0
2017-06-26,29.831,31.229,29.801,30.583,11195,0
2017-06-27,30.554,32.993,30.197,31.407,39697,0
2017-06-28,31.427,32.512,30.56,32.442,14743,0
2017-06-29,32.851,33.428,31.387,31.885,30571,0
2017-06-30,31.686,32.433,31.178,31.815,15454,0
2017-07-03,31.397,32.363,31.108,31.118,5351,0
2017-07-05,32.034,32.403,31.636,32.403,10464,0
2017-07-06,31.965,32.271,31.501,31.566,5977,0
2017-07-07,31.556,32.323,31.556,32.204,7236,0
2017-07-10,31.735,33.02,31.586,31.586,5614,0
2017-07-11,31.795,32.343,31.367,31.925,12590,0
2017-07-12,32.104,32.104,31.168,31.437,7319,0
2017-07-13,31.258,32.024,31.009,31.646,9008,0
2017-07-14,31.377,31.377,30.68,31.009,6033,0
2017-07-17,30.809,30.809,30.371,30.63,11238,0
2017-07-18,30.551,31.377,30.481,30.789,5153,0
2017-07-19,31.088,31.088,30.566,30.65,3711,0
2017-07-20,30.471,31.633,30.471,31.467,1852,0
2017-07-21,31.546,31.546,30.471,30.58,4138,0
2017-07-24,30.889,31.855,30.819,31.546,55709,0
2017-07-25,31.377,31.546,30.58,31.128,6011,0
2017-07-26,30.979,30.999,30.949,30.949,633,0
2017-07-27,30.869,31.716,30.59,30.75,18923,0
2017-07-28,30.73,31.248,30.481,30.56,5290,0
2017-07-31,30.541,31.377,30.122,30.282,14119,0
2017-08-01,30.894,30.894,30.67,30.67,3348,0
2017-08-02,30.481,31.467,30.222,30.471,14403,0
2017-08-03,30.471,30.62,30.202,30.212,7310,0
2017-08-04,30.292,30.72,30.122,30.371,7261,0
2017-08-07,30.192,30.292,29.883,30.082,7227,0
2017-08-08,29.873,30.999,29.873,30.441,208462,0
2017-08-09,29.824,29.973,29.774,29.784,3424,0
2017-08-10,29.704,30.013,28.161,29.764,23534,0
2017-08-11,29.774,30.67,28.549,29.764,21375,0
2017-08-14,29.674,30.023,29.077,29.973,11110,0
2017-08-15,29.893,30.65,29.27,30.142,71795,0
2017-08-16,30.122,30.66,29.774,30.401,50908,0
2017-08-17,30.202,30.66,29.794,29.794,41595,0
2017-08-18,29.883,30.073,29.166,29.993,40752,0
2017-08-21,29.794,30.75,29.734,30.112,22974,0
2017-08-22,30.192,30.73,30.073,30.541,15589,0
2017-08-23,30.292,32.786,30.292,32.502,65952,0
2017-08-24,32.662,32.861,31.835,32.423,26249,0
2017-08-25,32.064,32.114,31.198,31.646,10999,0
2017-08-28,31.666,32.263,28.151,32.194,16310,0
2017-08-29,31.098,32.124,30.809,31.238,28481,0
2017-08-30,31.068,31.068,29.943,30.132,38938,0
2017-08-31,30.312,31.317,30.023,30.112,35227,0
2017-09-01,30.799,31.248,30.182,30.182,15152,0
2017-09-05,30.282,30.809,28.728,29.306,64826,0
2017-09-06,29.375,30.56,29.375,29.674,25371,0
2017-09-07,29.674,30.321,29.375,29.973,42627,0
2017-09-08,30.142,30.361,30.023,30.102,43440,0
2017-09-11,30.212,31.516,30.053,31.098,68705,0
2017-09-12,31.367,31.765,30.839,30.849,27072,0
2017-09-13,31.068,31.606,30.848,30.909,53652,0
2017-09-14,30.959,31.795,29.385,29.575,41647,0
2017-09-15,29.654,30.242,29.127,29.495,44612,0
2017-09-18,29.674,30.411,29.087,29.206,30831,0
2017-09-19,29.485,29.863,28.798,29.146,32867,0
2017-09-20,29.366,31.267,29.087,31.058,20672,0
2017-09-21,30.7,31.108,30.282,30.65,30888,0
2017-09-22,31.108,31.238,30.217,30.73,14769,0
2017-09-25,30.869,31.118,30.401,30.421,4528,0
2017-09-26,29.903,31.337,29.903,30.839,12657,0
2017-09-27,30.77,31.337,30.431,30.67,85923,0
2017-09-28,30.74,31.7,30.74,31.55,8266,0
2017-09-29,31.11,32.1,31.019,31.99,14288,0
2017-10-02,31.395,31.7,31.04,31.33,12894,0
2017-10-03,30.9,31.55,30.409,30.81,7411,0
2017-10-04,30.97,31.134,30.4212,30.9,8669,0
2017-10-05,30.5059,31.69,30.5057,31.39,39982,0
2017-10-06,31.11,31.28,30.74,30.99,6313,0
2017-10-09,30.73,31,30.7,30.92,8553,0
2017-10-10,30.8999,31,30.823,30.99,9186,0
2017-10-11,30.9,30.96,30.76,30.96,4836,0
2017-10-12,30.7,30.7,30.06,30.43,17812,0
2017-10-13,30.26,30.26,29.85,29.98,6241,0
2017-10-16,29.71,29.94,29.4,29.69,4875,0
2017-10-17,29.52,29.56,29.4,29.41,5878,0
2017-10-18,29.41,29.79,29.07,29.59,7999,0
2017-10-19,29.3,29.99,28.95,29.87,10208,0
2017-10-20,29.99,30.09,29.68,29.76,25579,0
2017-10-23,29.35,29.52,28.82,29.16,8144,0
2017-10-24,28.82,29.4158,28.66,28.81,99050,0
2017-10-25,29.03,29.56,28.76,29.54,23185,0
2017-10-26,29.23,29.355,28.77,29.12,10746,0
2017-10-27,29.33,29.41,28.86,29.09,5205,0
2017-10-30,29.215,29.225,28.78,28.83,18036,0
2017-10-31,28.84,28.895,28.16,28.68,19714,0
2017-11-01,28.785,28.91,28.21,28.5,7859,0
2017-11-02,28.5,29.28,28.5,29.24,15790,0
2017-11-03,29.05,29.05,28.6,28.6,15550,0
2017-11-06,28.6,28.6,28.41,28.53,5516,0
2017-11-07,28.7,28.7,28,28.58,11526,0
2017-11-08,28.54,29.18,28.52,28.9,10851,0
2017-11-09,28.3,28.9,28.05,28.63,21386,0
2017-11-10,28.75,29.47,28.65,29,14975,0
2017-11-15,28.20,28.89,28.20,28.49,20500,0
2017-11-16,28.58,29.62,28.55,29.55,14800,0
2017-11-17,29.43,30.66,29.30,30.03,8900,0
2017-11-20,30.13,30.22,29.80,30.08,11200,0
2017-11-21,30.70,30.75,29.06,29.45,10800,0
2017-11-22,29.38,30.55,29.28,29.79,20800,0
2017-11-24,30.03,30.50,29.07,29.90,15700,0
2017-11-27,30.45,30.52,29.15,29.40,116000,0
2017-11-28,29.43,30.20,29.41,30.18,14200,0
2017-11-29,30.22,30.98,30.20,30.69,29100,0
2017-11-30,30.50,30.93,30.50,30.64,11900,0
2017-12-01,30.60,30.70,29.41,30.59,8800,0
2017-12-04,30.72,30.86,30.47,30.49,5200,0
2017-12-05,30.62,30.82,30.28,30.44,7900,0
2017-12-06,30.80,30.80,30.21,30.21,6200,0
2017-12-07,30.35,30.76,30.35,30.46,15000,0
2017-12-08,30.39,30.80,30.31,30.62,8800,0
2017-12-11,30.55,30.84,30.55,30.59,15900,0
2017-12-12,30.82,31.05,30.65,30.82,10200,0
2017-12-13,30.92,31.00,30.04,31.00,10500,0
2017-12-14,31.00,31.00,30.25,30.39,13700,0
2017-12-15,30.29,31.15,30.05,30.69,41800,0
2017-12-18,30.65,30.70,30.60,30.70,16400,0
2017-12-19,30.13,30.69,29.77,30.67,7900,0
2017-12-20,30.63,30.72,30.58,30.65,4000,0
2017-12-21,30.70,30.70,30.60,30.68,4800,0
2017-12-22,30.44,30.64,29.53,30.03,4200,0
2017-12-26,29.45,30.65,29.45,30.34,9600,0
2017-12-27,30.50,30.70,30.24,30.29,3700,0
2017-12-28,30.41,30.65,30.25,30.54,6100,0
2017-12-29,30.58,30.68,30.42,30.65,5500,0
2018-01-02,30.70,30.70,29.95,30.23,14000,0
2018-01-03,30.10,30.99,30.10,30.89,119400,0
2018-01-04,30.92,31.72,30.59,31.39,116900,0
2018-01-05,31.36,31.85,31.08,31.61,10000,0
2018-01-08,31.31,31.55,30.74,31.02,13700,0
2018-01-09,31.40,31.40,30.99,31.28,3000,0
2018-01-10,31.15,31.15,30.64,30.81,16300,0
2018-01-11,31.76,31.76,31.02,31.31,3300,0
2018-01-12,31.62,31.73,31.35,31.73,3700,0
2018-01-16,31.45,31.70,31.09,31.09,3800,0
2018-01-17,31.46,31.46,31.02,31.02,800,0
2018-01-18,31.09,31.99,30.97,31.80,17900,0
2018-01-19,31.95,32.00,31.50,31.94,12300,0
2018-01-22,31.63,31.88,31.22,31.84,2900,0
2018-01-23,31.65,31.65,31.48,31.48,800,0
2018-01-24,31.71,31.78,31.26,31.51,8700,0
2018-01-25,31.50,31.70,31.44,31.45,2800,0
2018-01-26,31.53,31.53,30.94,30.97,8000,0
2018-01-29,30.80,31.36,30.80,30.81,3000,0
2018-01-30,30.91,31.82,30.89,31.65,11800,0
2018-01-31,31.49,31.95,31.47,31.66,16500,0
2018-02-01,31.66,32.79,31.60,32.70,96500,0
2018-02-02,32.46,32.62,32.25,32.50,8300,0
2018-02-05,32.06,32.49,31.33,32.39,18400,0
2018-02-06,31.83,32.17,31.72,31.72,7400,0
2018-02-07,32.01,32.01,31.49,31.85,4500,0
2018-02-08,32.28,32.28,31.04,31.04,3000,0
2018-02-09,30.96,31.42,30.72,31.18,10800,0
2018-02-12,31.25,31.83,31.07,31.13,6300,0
2018-02-13,31.30,31.50,31.23,31.49,3600,0
2018-02-14,31.04,31.31,30.57,31.13,5700,0
2018-02-15,31.40,31.58,29.79,30.69,34700,0
2018-02-16,30.45,32.49,30.45,32.20,31000,0
2018-02-20,31.29,32.26,31.29,31.39,2800,0
2018-02-21,31.61,31.80,31.50,31.50,1200,0
2018-02-22,31.74,32.67,31.34,32.40,44500,0
2018-02-23,32.44,33.42,32.44,33.15,73600,0
2018-02-26,33.34,33.52,32.94,33.48,18400,0
2018-02-27,33.10,33.67,33.10,33.61,18900,0
2018-02-28,33.55,37.36,33.50,35.55,44700,0
2018-03-01,35.46,35.46,34.83,35.10,82400,0
2018-03-02,34.90,35.19,33.91,34.70,27200,0
2018-03-05,34.46,34.80,34.12,34.42,32700,0
2018-03-06,34.37,34.75,33.65,34.60,31600,0
2018-03-07,34.36,34.64,34.13,34.41,30300,0
2018-03-08,34.45,35.09,34.40,34.91,28700,0
2018-03-09,34.55,35.35,33.31,35.00,50900,0
2018-03-12,35.01,35.15,33.94,34.96,18300,0
2018-03-13,35.00,35.00,34.39,34.39,29000,0
2018-03-14,34.08,34.92,33.35,34.87,31700,0
2018-03-15,33.88,35.99,33.88,34.99,45900,0
2018-03-16,35.00,35.30,34.20,34.55,568800,0
2018-03-19,34.95,35.00,34.32,34.64,40200,0
2018-03-20,34.87,34.87,34.45,34.69,19000,0
2018-03-21,34.74,34.75,34.30,34.54,36500,0
2018-03-22,34.32,34.67,33.73,33.83,15400,0
2018-03-23,33.83,34.49,32.04,32.59,17900,0
2018-03-26,32.99,33.68,32.72,33.18,25000,0
2018-03-27,33.62,33.62,32.42,33.04,54600,0
2018-03-28,33.69,33.75,32.75,33.42,24600,0
2018-03-29,33.55,33.83,32.51,33.31,44600,0
2018-04-02,33.08,33.90,32.32,33.64,34400,0
2018-04-03,33.73,34.95,33.62,34.71,17300,0
2018-04-04,34.48,34.95,34.12,34.77,16300,0
2018-04-05,34.64,34.87,33.56,34.18,25600,0
2018-04-06,34.12,34.53,33.41,33.85,17200,0
2018-04-09,34.00,34.58,34.00,34.10,14650,0