Date,Open,High,Low,Close,Volume,OpenInt
2017-06-29,12.3,12.3,11.88,11.91,95358,0
2017-06-30,11.95,11.95,11.86,11.92,91451,0
2017-07-03,11.75,11.75,11.6456,11.69,8650,0
2017-07-05,12.25,12.25,11.57,11.63,22923,0
2017-07-06,11.7,11.7,11.57,11.59,11966,0
2017-07-07,11.57,11.575,11.22,11.34,38631,0
2017-07-10,11.65,11.65,11.362,11.49,17750,0
2017-07-11,11.405,11.55,11.3751,11.55,26418,0
2017-07-12,11.6,11.74,11.6,11.68,11598,0
2017-07-13,11.85,11.85,11.4452,11.56,14594,0
2017-07-14,11.85,11.85,11.6179,11.67,14202,0
2017-07-17,11.84,11.84,11.66,11.79,20395,0
2017-07-18,12.02,12.02,11.8448,11.93,19096,0
2017-07-19,11.918,11.9493,11.87,11.87,5980,0
2017-07-20,11.8701,12.0351,11.8701,11.98,3364,0
2017-07-21,11.9579,12.06,11.94,12.04,20070,0
2017-07-24,12.09,12.09,12,12,2058,0
2017-07-25,12.01,12.01,11.85,11.85,16448,0
2017-07-26,11.76,12.1949,11.76,12.1808,4567,0
2017-07-27,12.1,12.1176,12.02,12.041,2554,0
2017-07-28,12.143,12.38,12.143,12.38,7546,0
2017-07-31,12.44,12.44,12.335,12.36,8410,0
2017-08-01,12.4,12.46,12.35,12.35,2865,0
2017-08-02,12.301,12.3687,12.2976,12.2976,6750,0
2017-08-03,12.16,12.27,12.16,12.2046,7314,0
2017-08-04,12.16,12.16,12,12,7802,0
2017-08-07,12.0251,12.0799,12,12,5244,0
2017-08-08,12.01,12.04,11.9,11.92,5237,0
2017-08-09,12.29,12.29,12.1501,12.19,7561,0
2017-08-10,12.33,12.3783,12.268,12.36,4551,0
2017-08-11,12.52,12.52,12.39,12.3966,1391,0
2017-08-14,12.42,12.42,12.3185,12.379,5484,0
2017-08-15,12.17,12.17,12.0838,12.17,2217,0
2017-08-16,12.1818,12.42,12.1818,12.4199,1282,0
2017-08-17,12.4648,12.475,12.4,12.4,4753,0
2017-08-18,12.6049,12.65,12.4342,12.4342,1998,0
2017-08-21,12.67,12.6832,12.5983,12.62,23174,0
2017-08-22,12.84,12.84,12.51,12.52,10023,0
2017-08-23,12.63,12.68,12.57,12.61,60072,0
2017-08-24,12.659,12.69,12.54,12.57,9695,0
2017-08-25,12.77,12.82,12.65,12.65,15247,0
2017-08-28,12.872,13.168,12.78,13.14,15527,0
2017-08-29,13.65,13.65,13.21,13.24,15688,0
2017-08-30,13.21,13.28,12.9311,13.05,21655,0
2017-08-31,13.0706,13.3954,13.0706,13.3954,4219,0
2017-09-01,13.28,13.51,13.28,13.48,15158,0
2017-09-05,13.69,13.7385,13.59,13.65,44991,0
2017-09-06,13.87,13.87,13.55,13.55,9604,0
2017-09-07,13.56,13.9182,13.56,13.88,6452,0
2017-09-08,14.13,14.13,13.6872,13.735,10340,0
2017-09-11,13.46,13.75,13.46,13.46,17213,0
2017-09-12,13.37,13.65,13.37,13.64,8387,0
2017-09-13,13.75,13.75,13.3,13.43,31084,0
2017-09-14,13.409,13.4676,13.35,13.4,5359,0
2017-09-15,13.56,13.96,13.3,13.3,7170,0
2017-09-18,13.2,13.25,12.94,12.984,15281,0
2017-09-19,13.0994,13.182,13.0994,13.11,2367,0
2017-09-20,13.39,13.43,12.9399,12.95,80430,0
2017-09-21,12.91,13.3839,12.9,12.9,43184,0
2017-09-22,12.91,13.0599,12.9,12.95,45415,0
2017-09-25,13,13.14,12.91,13.04,36456,0
2017-09-26,12.94,13.0947,12.85,12.85,26634,0
2017-09-27,12.72,12.84,12.6068,12.7,40132,0
2017-09-28,12.65,12.84,12.64,12.84,4872,0
2017-09-29,12.78,12.78,12.66,12.66,4672,0
2017-10-02,12.47,12.59,12.47,12.579,35421,0
2017-10-03,12.57,12.77,12.57,12.72,22256,0
2017-10-04,12.78,12.8699,12.78,12.8,52404,0
2017-10-05,12.87,12.91,12.8,12.8,27388,0
2017-10-06,12.75,12.97,12.62,12.888,63701,0
2017-10-09,13.1,13.1,12.99,13.01,63657,0
2017-10-10,13.15,13.21,12.95,12.95,57301,0
2017-10-11,13.04,13.1,12.7435,12.96,34580,0
2017-10-12,13.08,13.1376,12.96,13.08,43125,0
2017-10-13,13.14,13.2,13,13.04,28664,0
2017-10-16,13.14,13.14,12.75,12.75,55131,0
2017-10-17,12.67,12.9708,12.67,12.72,40137,0
2017-10-18,12.69,12.86,12.69,12.71,11243,0
2017-10-19,12.74,12.81,12.7,12.78,22601,0
2017-10-20,12.61,12.79,12.5,12.5,31718,0
2017-10-23,12.46,12.529,12.35,12.43,36435,0
2017-10-24,12.4696,12.5,12.35,12.3626,15373,0
2017-10-25,12.34,12.3871,12.25,12.26,12143,0
2017-10-26,12.25,12.299,12.05,12.07,21196,0
2017-10-27,12.06,12.249,12,12.15,15453,0
2017-10-30,12.15,12.336,12.15,12.3029,8214,0
2017-10-31,12.34,12.34,12.15,12.17,16755,0
2017-11-01,12.3,12.3432,12.2,12.21,17890,0
2017-11-02,12.32,12.3695,12.3022,12.32,8334,0
2017-11-03,12.42,12.42,12.15,12.24,10416,0
2017-11-06,12.25,12.61,12.25,12.6,15095,0
2017-11-07,12.59,12.59,12.4,12.4855,6730,0
2017-11-08,12.56,12.65,12.53,12.56,10767,0
2017-11-09,12.483,12.7345,12.45,12.538,33392,0
2017-11-10,12.5375,12.55,12.3,12.34,7385,0
2017-11-14,12.2800,12.5000,12.2200,12.3000,7400,0
2017-11-15,12.2700,12.3550,12.1700,12.2950,22000,0
2017-11-16,12.3550,12.3590,12.2400,12.2700,12000,0
2017-11-17,12.4400,12.4800,12.2700,12.4780,11200,0
2017-11-20,12.3400,12.3900,12.2500,12.3030,13600,0
2017-11-21,12.3100,12.4580,12.3100,12.4450,2200,0
2017-11-22,12.5180,12.6170,12.5000,12.5500,9200,0
2017-11-24,12.6500,12.6500,12.3960,12.4430,3500,0
2017-11-27,12.4900,12.6790,12.4900,12.5400,5800,0
2017-11-28,12.4100,12.5450,12.4100,12.4700,2400,0
2017-11-29,12.4500,12.4500,12.2600,12.2760,8900,0
2017-11-30,12.2500,12.3370,12.1750,12.2400,8400,0
2017-12-01,12.1600,12.3400,12.1600,12.2700,5100,0
2017-12-04,12.2900,12.2900,12.1200,12.1200,6600,0
2017-12-05,12.1300,12.1300,11.9300,11.9500,21200,0
2017-12-06,11.9650,11.9650,11.8000,11.8290,29800,0
2017-12-07,11.5600,11.7900,11.3900,11.7100,17500,0
2017-12-08,11.6000,11.8400,11.6000,11.8100,14100,0
2017-12-11,11.7100,11.9350,11.7100,11.8500,7900,0
2017-12-12,11.8500,11.8500,11.7500,11.8100,9900,0
2017-12-13,11.7900,12.2560,11.7900,12.2200,24500,0
2017-12-14,12.2000,12.2470,12.0800,12.1920,12300,0
2017-12-15,12.3500,12.3500,12.1300,12.2210,6300,0
2017-12-18,12.3500,12.4000,12.2700,12.3500,4200,0
2017-12-19,12.3500,12.3630,12.3100,12.3550,3600,0
2017-12-20,12.4300,12.6000,12.3690,12.5400,16400,0
2017-12-21,12.5700,12.6900,12.5300,12.6500,11700,0
2017-12-22,12.8900,12.8900,12.7400,12.8280,20800,0
2017-12-26,12.9000,13.0120,12.8820,12.9350,9600,0
2017-12-27,13.0400,13.0400,12.9400,12.9900,14900,0
2017-12-28,13.0000,13.0000,12.7000,12.8840,16000,0
2017-12-29,12.8900,13.0100,12.8170,13.0100,20700,0
2018-01-02,12.9600,12.9800,12.9000,12.9500,26600,0
2018-01-03,12.9600,12.9600,12.7690,12.8400,8800,0
2018-01-04,12.7620,12.9350,12.7200,12.9100,10200,0
2018-01-05,12.8500,12.8500,12.7800,12.8090,11200,0
2018-01-08,12.8100,12.8220,12.6200,12.6300,15400,0
2018-01-09,12.5800,12.5800,12.4500,12.5000,14500,0
2018-01-10,12.5400,12.6200,12.5090,12.6000,4400,0
2018-01-11,12.6780,12.7300,12.6100,12.7300,5300,0
2018-01-12,12.6800,13.0700,12.6800,13.0500,25400,0
2018-01-16,13.1000,13.1650,13.0110,13.1200,13500,0
2018-01-17,13.1200,13.1500,13.0590,13.0700,14700,0
2018-01-18,13.0700,13.0700,12.8400,12.8400,12100,0
2018-01-19,12.8600,12.9570,12.8600,12.9100,9200,0
2018-01-22,12.9100,12.9100,12.8400,12.8400,10200,0
2018-01-23,12.8200,13.1190,12.7010,13.1100,12800,0
2018-01-24,13.2500,13.3900,13.1800,13.3000,20300,0
2018-01-25,13.4300,13.4300,13.0000,13.0500,15300,0
2018-01-26,13.0100,13.1500,13.0000,13.0600,7300,0
2018-01-29,13.0300,13.0300,12.7000,12.7500,15000,0
2018-01-30,12.7250,12.7250,12.5410,12.5900,7400,0
2018-01-31,12.6800,12.8800,12.6800,12.8070,5900,0
2018-02-01,12.7100,12.7500,12.6500,12.7360,4200,0
2018-02-02,12.6200,12.6200,12.3500,12.3700,17400,0
2018-02-05,12.3000,12.3410,12.0400,12.2420,16400,0
2018-02-06,12.0700,12.2550,12.0200,12.1090,20700,0
2018-02-07,12.0800,12.0800,11.8900,11.8900,9700,0
2018-02-08,11.8800,12.0300,11.8800,11.9210,13500,0
2018-02-09,11.8500,11.8500,11.4000,11.5700,28700,0
2018-02-12,11.7500,12.1600,11.7500,12.1040,12700,0
2018-02-13,12.0410,12.0940,12.0410,12.0700,1400,0
2018-02-14,12.1500,12.6800,12.1500,12.6800,10400,0
2018-02-15,12.6600,12.6600,12.5750,12.6180,1900,0
2018-02-16,12.6200,12.6980,12.3980,12.4380,12600,0
2018-02-20,12.3000,12.3000,12.0800,12.2400,2800,0
2018-02-21,12.2000,12.3500,12.2000,12.2600,4100,0
2018-02-22,12.1800,12.3080,12.1800,12.2500,6000,0
2018-02-23,12.1800,12.4120,12.1550,12.3100,4800,0
2018-02-26,12.4900,12.6900,12.4900,12.6400,9800,0
2018-02-27,12.5800,12.5800,12.2510,12.2700,6100,0
2018-02-28,12.1400,12.2450,12.1400,12.1740,4100,0
2018-03-01,12.0100,12.3400,12.0100,12.3400,5500,0
2018-03-02,12.4740,12.5400,12.4690,12.4690,5800,0
2018-03-05,12.3900,12.4000,12.2050,12.3200,4300,0
2018-03-06,12.5000,12.6050,12.5000,12.5900,6000,0
2018-03-07,12.6300,12.6300,12.4000,12.4000,1400,0
2018-03-08,12.5100,12.5100,12.2510,12.4200,700,0
2018-03-09,12.3750,12.4300,12.2850,12.4300,6200,0
2018-03-12,12.3500,12.4400,12.3500,12.4400,1100,0
2018-03-13,12.5500,12.6200,12.4900,12.4900,3800,0
2018-03-14,12.4350,12.4570,12.3700,12.3700,3200,0
2018-03-15,12.3400,12.4610,12.3200,12.3700,4600,0
2018-03-16,12.3000,12.4800,12.3000,12.4420,2200,0
2018-03-19,12.2240,12.4480,12.2240,12.4180,5100,0
2018-03-20,12.4100,12.4650,12.4100,12.4100,2800,0
2018-03-21,12.2900,12.7140,12.2900,12.5600,8700,0
2018-03-22,12.6060,12.6500,12.5100,12.5480,700,0
2018-03-23,12.7200,12.8450,12.7100,12.7350,5300,0
2018-03-26,12.8300,12.9790,12.8150,12.9350,11600,0
2018-03-27,12.8600,12.8600,12.7800,12.7800,1400,0
2018-03-28,12.5700,12.5700,12.3400,12.5300,4600,0
2018-03-29,12.5000,12.7400,12.4690,12.7100,4200,0
2018-04-02,12.7500,12.7500,12.5300,12.6480,23800,0
2018-04-03,12.6700,12.6700,12.5000,12.5000,8900,0
2018-04-04,12.5540,12.5800,12.3810,12.4150,11300,0
2018-04-05,12.2500,12.5600,12.2500,12.5600,38500,0
2018-04-06,12.5500,12.5500,12.4200,12.5100,9900,0
2018-04-09,12.4200,12.5499,12.4104,12.5499,3461,0