Date,Open,High,Low,Close,Volume,OpenInt
2017-06-23,17.941,18.708,17.824,18.679,4996738,0
2017-06-26,18.757,18.838,18.679,18.718,846833,0
2017-06-27,18.659,18.746,18.482,18.61,751017,0
2017-06-28,18.384,18.767,18.295,18.63,470633,0
2017-06-29,18.413,18.649,18.404,18.502,805371,0
2017-06-30,18.482,18.679,18.482,18.6,524132,0
2017-07-03,18.738,18.738,18.551,18.61,68794,0
2017-07-05,18.59,18.885,18.59,18.777,262677,0
2017-07-06,18.59,18.679,18.541,18.62,84370,0
2017-07-07,18.6,18.718,18.581,18.63,107395,0
2017-07-10,18.581,18.796,18.581,18.679,156786,0
2017-07-11,18.718,18.777,18.669,18.689,103501,0
2017-07-12,18.748,18.826,18.689,18.748,78865,0
2017-07-13,18.934,18.934,18.738,18.807,90652,0
2017-07-14,18.777,18.932,18.777,18.875,113925,0
2017-07-17,18.875,18.915,18.718,18.748,202515,0
2017-07-18,18.679,18.905,18.649,18.679,367108,0
2017-07-19,18.689,18.797,18.63,18.728,437250,0
2017-07-20,18.816,18.885,18.718,18.728,148810,0
2017-07-21,18.659,18.905,18.64,18.679,287979,0
2017-07-24,18.905,18.905,18.659,18.718,352873,0
2017-07-25,18.679,18.732,18.551,18.639,363313,0
2017-07-26,18.679,18.679,18.551,18.551,189246,0
2017-07-27,18.551,18.62,18.453,18.463,159312,0
2017-07-28,18.463,18.566,18.433,18.482,123909,0
2017-07-31,18.502,18.63,18.502,18.531,79923,0
2017-08-01,18.472,18.62,18.472,18.581,56036,0
2017-08-02,18.512,18.915,18.502,18.905,162299,0
2017-08-03,18.816,18.925,18.689,18.856,134647,0
2017-08-04,18.767,18.974,18.738,18.974,95560,0
2017-08-07,18.974,18.974,18.856,18.925,116429,0
2017-08-08,18.925,18.974,18.836,18.846,118400,0
2017-08-09,18.826,18.895,18.59,18.639,150284,0
2017-08-10,18.679,18.875,18.649,18.816,127375,0
2017-08-11,18.925,18.954,18.679,18.954,55276,0
2017-08-14,18.974,18.974,18.767,18.777,152882,0
2017-08-15,18.905,18.974,18.708,18.738,210945,0
2017-08-16,18.777,18.885,18.738,18.885,61139,0
2017-08-17,18.826,18.974,18.787,18.856,76159,0
2017-08-18,18.875,18.925,18.708,18.748,256930,0
2017-08-21,18.797,18.797,18.748,18.777,60181,0
2017-08-22,18.728,18.915,18.708,18.777,78646,0
2017-08-23,18.816,18.816,18.728,18.728,72846,0
2017-08-24,18.807,18.855,18.708,18.816,74845,0
2017-08-25,18.787,18.875,18.748,18.866,54352,0
2017-08-28,18.836,18.915,18.797,18.856,64683,0
2017-08-29,18.875,18.875,18.689,18.708,59881,0
2017-08-30,18.749,18.835,18.6,18.826,111957,0
2017-08-31,18.826,18.866,18.777,18.816,85100,0
2017-09-01,18.826,18.885,18.797,18.866,93503,0
2017-09-05,18.866,18.915,18.806,18.915,173616,0
2017-09-06,18.915,18.93,18.757,18.856,121929,0
2017-09-07,18.767,18.875,18.748,18.807,70820,0
2017-09-08,18.767,18.866,18.68,18.718,106542,0
2017-09-11,18.777,18.875,18.762,18.826,119394,0
2017-09-12,18.787,18.915,18.787,18.905,95237,0
2017-09-13,18.885,18.974,18.885,18.915,207852,0
2017-09-14,18.915,18.964,18.749,18.777,129850,0
2017-09-15,18.777,18.866,18.561,18.561,1347261,0
2017-09-18,18.62,18.748,18.571,18.63,221325,0
2017-09-19,18.659,18.698,18.228,18.384,350931,0
2017-09-20,18.374,18.61,18.345,18.482,208841,0
2017-09-21,18.551,18.748,18.551,18.708,125121,0
2017-09-22,18.679,18.718,18.639,18.698,135815,0
2017-09-25,18.698,18.716,18.63,18.63,68529,0
2017-09-26,18.59,18.762,18.581,18.649,82148,0
2017-09-27,18.689,18.698,18.59,18.61,112930,0
2017-09-28,18.65,18.79,18.58,18.74,180877,0
2017-09-29,18.6486,18.83,18.6486,18.73,116069,0
2017-10-02,18.74,18.99,18.74,18.93,127894,0
2017-10-03,18.9,19.07,18.8399,19.07,158755,0
2017-10-04,19.1,19.11,19.0301,19.07,153611,0
2017-10-05,19.11,19.11,19.04,19.08,52727,0
2017-10-06,19.03,19.1,18.94,18.94,54299,0
2017-10-09,19,19.06,18.9,18.9,44566,0
2017-10-10,18.94,19.06,18.94,18.94,69832,0
2017-10-11,18.93,19,18.89,18.97,77024,0
2017-10-12,19.03,19.03,18.9,18.95,64655,0
2017-10-13,18.98,19.01,18.9,18.9,43631,0
2017-10-16,18.93,18.995,18.91,18.96,66852,0
2017-10-17,18.99,19.01,18.91,18.97,68330,0
2017-10-18,18.98,19.02,18.69,18.69,206724,0
2017-10-19,18.71,18.76,18.37,18.4,281818,0
2017-10-20,18.52,18.78,18.4,18.4,433281,0
2017-10-23,18.39,18.465,18.27,18.3,171399,0
2017-10-24,18.36,18.45,18.33,18.38,258735,0
2017-10-25,18.35,18.42,18.0599,18.28,386981,0
2017-10-26,18.24,18.45,18.1,18.13,242660,0
2017-10-27,18.24,18.64,18.2,18.54,429856,0
2017-10-30,18.46,18.685,18.45,18.54,361092,0
2017-10-31,18.6,18.8,18.52,18.55,579120,0
2017-11-01,18.6,18.92,18.52,18.78,379945,0
2017-11-02,18.62,18.62,17.7,17.76,3535906,0
2017-11-03,17.85,18.1,17.805,17.83,1445154,0
2017-11-06,17.84,17.96,17.54,17.96,4666008,0
2017-11-07,17.75,17.95,17.3438,17.57,1844840,0
2017-11-08,17.26,17.47,17.02,17.45,2568014,0
2017-11-09,17.5,17.8,17.19,17.8,1604123,0
2017-11-10,17.8,17.9,17.49,17.78,1099989,0
2017-11-15,17.700,17.930,17.550,17.890,926400,0
2017-11-16,17.970,17.990,17.810,17.850,625200,0
2017-11-17,17.800,18.200,17.790,18.100,949000,0
2017-11-20,18.010,18.050,17.700,17.740,785900,0
2017-11-21,17.810,17.840,17.680,17.770,601600,0
2017-11-22,17.750,18.090,17.710,18.040,434300,0
2017-11-24,18.040,18.040,17.830,17.950,150000,0
2017-11-27,17.880,18.030,17.810,17.860,404500,0
2017-11-28,17.820,18.030,17.780,17.910,512300,0
2017-11-29,17.910,18.040,17.780,18.000,361200,0
2017-11-30,18.020,18.150,17.900,17.950,715000,0
2017-12-01,17.950,18.000,17.450,17.960,380600,0
2017-12-04,18.000,18.150,17.960,18.100,353800,0
2017-12-05,18.100,18.110,17.810,17.830,354000,0
2017-12-06,17.830,17.960,17.625,17.640,481300,0
2017-12-07,17.430,17.720,17.430,17.640,804400,0
2017-12-08,17.980,18.025,17.650,17.870,714300,0
2017-12-11,17.940,17.960,17.740,17.760,432300,0
2017-12-12,17.800,17.960,17.750,17.790,401600,0
2017-12-13,17.770,17.890,17.710,17.830,675000,0
2017-12-14,17.850,17.970,17.770,17.830,576100,0
2017-12-15,17.840,18.010,17.830,18.000,695900,0
2017-12-18,18.050,18.190,18.000,18.170,450600,0
2017-12-19,18.250,18.280,17.930,18.000,522000,0
2017-12-20,18.030,18.280,18.030,18.110,433900,0
2017-12-21,18.180,18.340,18.110,18.210,321400,0
2017-12-22,18.210,18.210,18.020,18.130,320900,0
2017-12-26,18.150,18.190,17.990,18.140,352300,0
2017-12-27,18.110,18.420,18.110,18.280,852000,0
2017-12-28,18.050,18.070,17.740,17.770,571900,0
2017-12-29,17.750,17.800,17.700,17.740,342600,0
2018-01-02,17.800,17.930,17.720,17.800,504300,0
2018-01-03,17.850,17.892,17.750,17.800,307200,0
2018-01-04,17.770,17.840,17.630,17.760,370300,0
2018-01-05,17.760,17.810,17.680,17.740,272900,0
2018-01-08,17.700,17.850,17.700,17.830,313400,0
2018-01-09,17.790,17.790,17.600,17.600,367900,0
2018-01-10,17.600,17.630,17.350,17.490,358200,0
2018-01-11,17.490,17.630,17.420,17.550,557600,0
2018-01-12,17.560,17.700,17.500,17.520,273000,0
2018-01-16,17.520,17.620,17.450,17.450,748700,0
2018-01-17,17.410,17.510,17.380,17.430,302200,0
2018-01-18,17.500,17.550,17.470,17.470,400000,0
2018-01-19,17.450,17.510,17.400,17.500,652200,0
2018-01-22,17.550,17.579,17.385,17.440,307900,0
2018-01-23,17.400,17.500,17.380,17.440,294400,0
2018-01-24,17.400,17.515,17.350,17.390,325600,0
2018-01-25,17.400,17.500,17.350,17.440,436100,0
2018-01-26,17.410,17.490,17.210,17.270,384100,0
2018-01-29,17.210,17.410,17.170,17.330,393200,0
2018-01-30,17.270,17.310,17.160,17.200,341300,0
2018-01-31,17.230,17.313,17.150,17.240,635100,0
2018-02-01,17.240,17.300,17.090,17.120,282800,0
2018-02-02,17.090,17.190,16.860,16.890,309200,0
2018-02-05,16.850,16.900,16.640,16.690,588900,0
2018-02-06,16.550,16.930,16.490,16.920,438400,0
2018-02-07,16.900,17.010,16.760,16.800,508900,0
2018-02-08,16.800,16.859,16.370,16.380,566300,0
2018-02-09,16.420,16.530,16.150,16.430,591900,0
2018-02-12,16.450,16.770,16.375,16.740,345700,0
2018-02-13,16.700,16.990,16.640,16.890,166000,0
2018-02-14,16.830,17.050,16.820,16.910,176600,0
2018-02-15,16.950,17.250,16.950,17.250,242400,0
2018-02-16,17.200,17.520,17.200,17.330,292200,0
2018-02-20,17.260,17.350,16.950,16.950,370300,0
2018-02-21,16.980,17.170,16.770,16.770,424900,0
2018-02-22,16.780,17.265,16.780,17.170,374500,0
2018-02-23,17.220,17.400,17.190,17.370,225500,0
2018-02-26,17.310,17.530,17.260,17.470,489800,0
2018-02-27,17.500,17.600,17.130,17.170,835400,0
2018-02-28,17.190,17.220,16.750,16.850,465400,0
2018-03-01,16.800,16.850,16.600,16.760,359900,0
2018-03-02,16.660,16.920,16.647,16.820,356700,0
2018-03-05,16.780,17.110,16.780,17.030,211800,0
2018-03-06,17.050,17.200,16.820,17.110,206000,0
2018-03-07,17.020,17.150,16.990,17.040,126700,0
2018-03-08,17.030,17.128,16.910,16.960,209700,0
2018-03-09,17.050,17.300,16.900,17.300,183900,0
2018-03-12,17.280,17.500,17.231,17.440,222300,0
2018-03-13,17.440,17.440,17.090,17.160,269100,0
2018-03-14,17.200,17.320,17.160,17.230,203300,0
2018-03-15,17.230,17.230,17.000,17.130,335200,0
2018-03-16,17.120,17.270,17.010,17.090,236500,0
2018-03-19,17.070,17.320,17.035,17.260,127000,0
2018-03-20,17.230,17.380,17.154,17.330,155300,0
2018-03-21,17.270,17.560,17.236,17.460,196700,0
2018-03-22,17.370,17.590,17.300,17.300,284500,0
2018-03-23,17.290,17.470,17.170,17.170,331900,0
2018-03-26,17.280,17.300,17.070,17.160,231400,0
2018-03-27,17.360,17.430,17.120,17.190,361800,0
2018-03-28,16.800,16.850,16.620,16.720,363900,0
2018-03-29,16.700,16.810,16.500,16.540,501400,0
2018-04-02,16.540,16.690,16.500,16.630,349900,0
2018-04-03,16.640,16.840,16.620,16.810,278000,0
2018-04-04,16.780,16.840,16.720,16.720,277300,0
2018-04-05,16.750,16.930,16.660,16.900,198100,0
2018-04-06,16.890,17.020,16.840,16.860,234100,0
2018-04-09,16.830,17.110,16.870,17.075,538465,0