Date,Open,High,Low,Close,Volume,OpenInt
2017-06-30,40.067,40.166,40.067,40.166,94593,0
2017-07-05,40.266,40.266,40.116,40.116,803,0
2017-07-06,39.857,39.87,39.857,39.87,2813,0
2017-07-07,40.001,40.001,40.001,40.001,475,0
2017-07-10,39.977,40.057,39.977,40.057,341,0
2017-07-12,40.206,40.262,40.206,40.262,499,0
2017-07-18,40.246,40.246,40.246,40.246,381,0
2017-07-19,40.565,40.615,40.552,40.615,896,0
2017-07-20,40.725,40.725,40.605,40.625,926,0
2017-07-21,40.48,40.48,40.436,40.436,400,0
2017-07-24,40.306,40.446,40.306,40.446,205,0
2017-07-26,40.532,40.565,40.532,40.565,235,0
2017-07-27,40.645,40.645,40.256,40.256,302,0
2017-07-28,40.186,40.186,40.186,40.186,100,0
2017-07-31,40.097,40.162,40.097,40.162,419,0
2017-08-02,39.907,39.907,39.907,39.907,105,0
2017-08-03,39.651,39.651,39.651,39.651,1089,0
2017-08-04,39.777,39.777,39.714,39.714,371,0
2017-08-07,39.717,39.717,39.717,39.717,203,0
2017-08-08,39.967,39.967,39.943,39.943,233,0
2017-08-09,39.376,39.393,39.189,39.189,829,0
2017-08-10,38.918,38.919,38.816,38.83,973,0
2017-08-14,39.246,39.246,39.231,39.231,400,0
2017-08-15,39.239,39.239,39.239,39.239,212,0
2017-08-17,39.029,39.029,38.71,38.71,421,0
2017-08-18,38.161,38.181,38.161,38.181,377,0
2017-08-28,38.929,38.929,38.929,38.929,170,0
2017-08-29,38.844,38.859,38.844,38.859,3608,0
2017-09-05,39.451,39.458,39.451,39.458,222,0
2017-09-06,39.458,39.572,39.434,39.572,321,0
2017-09-07,39.301,39.378,39.301,39.378,719,0
2017-09-11,39.827,39.827,39.827,39.827,309,0
2017-09-12,40.027,40.027,39.99,39.99,626,0
2017-09-13,40.166,40.166,40.166,40.166,180,0
2017-09-14,40.126,40.126,40.077,40.097,1897,0
2017-09-19,40.715,40.715,40.715,40.715,820,0
2017-09-20,40.648,40.725,40.638,40.665,1956,0
2017-09-21,40.655,40.655,40.655,40.655,100,0
2017-09-22,40.75,40.89,40.75,40.8861,3081,0
2017-09-25,40.8399,40.8399,40.76,40.76,216,0
2017-09-26,41.13,41.1894,41.13,41.1894,423,0
2017-09-27,41.3321,42.0428,41.3321,41.9962,1385,0
2017-09-28,42.0001,42.07,42.0001,42.0276,5643,0
2017-09-29,42.13,42.15,42.1103,42.15,2414,0
2017-10-02,42.15,42.28,42.15,42.28,2002,0
2017-10-04,42.739,42.78,42.6661,42.6661,2468,0
2017-10-05,42.79,42.79,42.76,42.7699,633,0
2017-10-06,42.7,42.7,42.6592,42.6592,936,0
2017-10-09,42.65,42.65,42.5,42.5,225,0
2017-10-10,42.65,42.65,42.579,42.59,2026,0
2017-10-11,42.76,42.76,42.76,42.76,564,0
2017-10-12,42.6248,42.6248,42.58,42.58,385,0
2017-10-13,42.589,42.589,42.5402,42.57,382,0
2017-10-16,42.6265,42.6265,42.4516,42.4516,951,0
2017-10-17,42.57,42.575,42.4802,42.4802,1376,0
2017-10-18,42.43,42.55,42.43,42.55,2550,0
2017-10-19,42.2699,42.439,42.2699,42.439,658,0
2017-10-23,42.6588,42.6588,42.5099,42.51,743,0
2017-10-24,42.6,42.6,42.5928,42.5928,350,0
2017-10-25,42.4083,42.4083,42.04,42.3199,8001,0
2017-10-26,42.47,42.47,42.38,42.409,1038,0
2017-10-27,42.43,42.69,42.346,42.69,1865,0
2017-10-30,42.5339,42.5339,41.978,41.978,1219,0
2017-10-31,42.43,42.58,42.43,42.58,5723,0
2017-11-01,42.17,42.1899,42.17,42.18,1029,0
2017-11-02,42.2811,42.37,42.1264,42.2444,2259,0
2017-11-03,42.19,42.3099,42.1701,42.21,4071,0
2017-11-06,42.2928,42.4,42.22,42.4,845,0
2017-11-07,42.11,42.11,41.78,41.78,1627,0
2017-11-08,41.56,41.77,41.497,41.73,8558,0
2017-11-09,41.48,41.76,41.21,41.52,15505,0
2017-11-10,41.71,41.728,41.5954,41.5954,1220,0
2017-11-15,41.364,41.570,41.364,41.570,1000,0
2017-11-16,41.890,42.060,41.890,41.950,900,0
2017-11-17,41.992,42.200,41.992,42.200,800,0
2017-11-20,42.339,42.590,42.328,42.590,1300,0
2017-11-21,42.880,42.880,42.880,42.880,800,0
2017-11-22,43.120,43.130,43.010,43.010,2200,0
2017-11-24,43.010,43.010,42.910,42.979,800,0
2017-11-27,43.130,43.130,42.861,42.923,2800,0
2017-11-28,43.060,43.150,43.060,43.060,1100,0
2017-11-29,43.782,43.782,43.685,43.734,1700,0
2017-11-30,44.010,44.010,43.750,43.784,5700,0
2017-12-01,43.490,43.594,42.674,43.290,7100,0
2017-12-04,43.940,43.969,43.450,43.450,4900,0
2017-12-05,43.360,43.409,42.990,42.990,2700,0
2017-12-06,42.950,42.950,42.820,42.820,1000,0
2017-12-07,42.964,43.100,42.964,43.020,1400,0
2017-12-08,43.100,43.218,43.060,43.110,4200,0
2017-12-11,43.058,43.058,42.880,42.880,2200,0
2017-12-12,43.050,43.084,43.050,43.060,600,0
2017-12-13,43.194,43.200,43.070,43.070,2000,0
2017-12-14,43.154,43.154,42.640,42.740,7800,0
2017-12-15,43.114,43.350,43.114,43.350,2700,0
2017-12-18,43.905,43.905,43.782,43.810,2600,0
2017-12-19,43.780,43.780,43.538,43.538,2300,0
2017-12-20,43.660,43.660,43.570,43.578,15700,0
2017-12-21,43.550,43.678,43.522,43.638,6500,0
2017-12-22,43.364,43.440,43.364,43.420,3200,0
2017-12-26,43.424,43.440,43.370,43.410,3700,0
2017-12-27,43.410,43.520,43.320,43.320,3500,0
2017-12-28,43.353,43.434,43.338,43.400,3200,0
2017-12-29,43.420,43.434,43.250,43.306,4400,0
2018-01-02,43.543,43.543,43.450,43.450,13600,0
2018-01-03,43.480,43.538,43.367,43.450,5200,0
2018-01-04,43.654,43.654,43.540,43.618,6100,0
2018-01-05,43.570,43.735,43.500,43.690,5500,0
2018-01-08,43.426,43.840,43.426,43.840,4200,0
2018-01-09,43.800,43.898,43.800,43.830,31700,0
2018-01-10,43.670,43.770,43.530,43.754,3300,0
2018-01-11,43.960,44.531,43.960,44.508,3300,0
2018-01-12,44.661,44.868,44.590,44.659,14500,0
2018-01-16,44.680,45.076,44.280,44.280,17900,0
2018-01-17,44.330,44.730,44.322,44.656,8100,0
2018-01-18,44.480,44.530,44.330,44.330,3300,0
2018-01-19,44.571,44.944,44.571,44.942,10200,0
2018-01-22,44.830,44.983,44.741,44.920,5300,0
2018-01-23,44.960,45.190,44.839,45.190,2600,0
2018-01-24,45.330,45.330,44.815,44.890,2000,0
2018-01-25,44.990,44.990,44.680,44.730,1900,0
2018-01-26,44.970,44.970,44.863,44.863,3200,0
2018-01-29,45.018,45.060,44.795,44.865,4000,0
2018-01-30,44.360,44.592,44.290,44.464,5200,0
2018-01-31,44.610,44.610,44.085,44.085,3800,0
2018-02-01,43.850,44.110,43.850,44.099,2400,0
2018-02-02,43.840,43.840,43.480,43.530,5000,0
2018-02-05,43.110,43.448,42.644,42.644,9700,0
2018-02-06,41.510,42.320,41.430,42.160,9900,0
2018-02-07,42.300,42.501,42.132,42.501,5400,0
2018-02-08,41.790,41.790,41.420,41.420,600,0
2018-02-09,41.400,41.400,40.680,40.979,3600,0
2018-02-12,41.430,42.001,41.250,42.001,5300,0
2018-02-13,41.738,41.790,41.670,41.708,3300,0
2018-02-14,42.375,42.652,42.375,42.652,1000,0
2018-02-15,42.768,43.057,42.768,43.057,2400,0
2018-02-16,43.429,43.440,43.287,43.310,2700,0
2018-02-20,43.140,43.272,42.900,42.970,2700,0
2018-02-21,43.103,43.510,43.103,43.330,3100,0
2018-02-22,43.278,43.440,43.049,43.170,2000,0
2018-02-23,43.084,43.360,43.084,43.360,4100,0
2018-02-26,43.520,43.760,43.430,43.760,7100,0
2018-02-27,43.900,43.900,43.300,43.300,1800,0
2018-02-28,43.310,43.310,42.668,42.668,2300,0
2018-03-01,42.329,42.830,42.000,42.400,8400,0
2018-03-02,42.090,43.030,42.090,43.010,6900,0
2018-03-05,42.818,43.480,42.818,43.340,6400,0
2018-03-06,43.170,43.700,43.170,43.698,12500,0
2018-03-07,43.170,44.069,43.170,43.990,1700,0
2018-03-08,44.151,44.151,43.970,44.090,55900,0
2018-03-09,44.640,44.701,44.610,44.701,2200,0
2018-03-12,44.930,44.990,44.870,44.990,1500,0
2018-03-13,45.090,45.090,44.611,44.770,4400,0
2018-03-14,45.030,45.030,44.420,44.455,1200,0
2018-03-15,44.420,44.420,44.215,44.244,1000,0
2018-03-16,44.450,44.730,44.310,44.730,2700,0
2018-03-19,44.260,44.410,43.850,44.390,2500,0
2018-03-20,44.510,44.510,44.250,44.340,3200,0
2018-03-21,44.450,44.490,44.450,44.490,600,0
2018-03-22,44.085,44.085,43.900,43.940,1700,0
2018-03-23,43.480,43.500,43.047,43.047,8400,0
2018-03-26,42.930,43.217,42.672,43.217,3400,0
2018-03-27,43.460,43.460,43.207,43.230,1100,0
2018-03-28,43.040,43.040,43.040,43.040,900,0
2018-03-29,43.220,43.290,43.150,43.213,3500,0
2018-04-02,42.680,42.820,42.140,42.428,4200,0
2018-04-03,42.660,42.770,42.490,42.770,5400,0
2018-04-04,42.892,43.355,42.770,43.355,2300,0
2018-04-05,43.820,43.820,43.550,43.650,3000,0
2018-04-06,43.210,43.352,42.670,42.670,3800,0
2018-04-09,43.380,43.335,43.040,43.195,2722,0