Date,Open,High,Low,Close,Volume,OpenInt
2017-10-12,8.55,11.95,8.55,9.92,2818561,0
2017-10-13,9.93,10.1948,9.19,9.6,294724,0
2017-10-16,9.63,9.77,8.56,8.95,229924,0
2017-10-17,8.91,8.97,8.68,8.77,124236,0
2017-10-18,8.73,8.8237,6.98,7.01,220731,0
2017-10-19,7.05,7.149,6.52,6.61,448638,0
2017-10-20,6.73,7.77,6.73,6.96,251185,0
2017-10-23,7,7.44,7,7.21,123045,0
2017-10-24,7.24,7.64,7.1358,7.48,93434,0
2017-10-25,7.63,7.63,7.201,7.31,60590,0
2017-10-26,7.95,7.95,7.23,7.44,57782,0
2017-10-27,7.5,7.5,7.01,7.2,73908,0
2017-10-30,7.205,7.22,6.61,6.61,57525,0
2017-10-31,6.87,7.249,6.62,7.18,70189,0
2017-11-01,7.08,7.2959,6.93,7.11,37826,0
2017-11-02,7,7.15,6.7512,6.89,65478,0
2017-11-03,6.82,7.08,6.6,6.92,38230,0
2017-11-06,6.81,6.81,6.5,6.5,56341,0
2017-11-07,6.48,6.6,6.36,6.48,27459,0
2017-11-08,6.46,6.46,6.25,6.35,33213,0
2017-11-09,6.28,6.331,5.361,5.76,72376,0
2017-11-10,5.76,7.376,5.735,7.19,121815,0
2017-11-13,7.19,7.19,6.40,6.69,42000,0
2017-11-14,6.56,6.58,6.30,6.55,23000,0
2017-11-15,6.44,6.50,6.30,6.31,31600,0
2017-11-16,6.17,6.50,5.86,6.10,39700,0
2017-11-17,6.00,6.07,5.91,6.00,25200,0
2017-11-20,5.90,6.39,5.88,5.88,45900,0
2017-11-21,6.18,6.18,5.80,5.81,30700,0
2017-11-22,5.93,6.00,5.76,6.00,27200,0
2017-11-24,6.00,6.00,5.84,6.00,27100,0
2017-11-27,5.84,6.20,5.84,6.11,49400,0
2017-11-28,6.02,6.16,5.86,6.16,53600,0
2017-11-29,6.00,6.15,5.80,6.00,45400,0
2017-11-30,6.00,6.20,5.87,6.05,37300,0
2017-12-01,6.06,6.23,5.89,6.18,52700,0
2017-12-04,6.25,6.32,6.03,6.10,22500,0
2017-12-05,6.04,6.60,6.04,6.31,49100,0
2017-12-06,6.31,6.41,5.96,6.00,33700,0
2017-12-07,6.05,6.31,5.58,5.58,49100,0
2017-12-08,5.64,5.86,5.29,5.33,76500,0
2017-12-11,5.78,5.78,5.39,5.50,56100,0
2017-12-12,5.43,5.74,5.43,5.45,46200,0
2017-12-13,5.60,5.89,5.42,5.52,79100,0
2017-12-14,5.79,5.79,5.33,5.40,55700,0
2017-12-15,5.61,5.61,4.77,4.86,214800,0
2017-12-18,5.05,5.32,4.84,4.96,82000,0
2017-12-19,4.91,4.91,4.69,4.73,63200,0
2017-12-20,4.76,4.84,4.54,4.57,47400,0
2017-12-21,4.80,4.80,4.54,4.63,50900,0
2017-12-22,4.57,4.69,4.29,4.31,51300,0
2017-12-26,4.33,4.33,3.96,4.08,99700,0
2017-12-27,4.05,4.45,4.05,4.40,115200,0
2017-12-28,4.40,4.64,4.36,4.47,76800,0
2017-12-29,4.56,4.90,4.49,4.60,93100,0
2018-01-02,4.63,5.00,4.63,4.94,51500,0
2018-01-03,4.98,5.23,4.75,4.90,98100,0
2018-01-04,4.87,5.25,4.86,5.16,166400,0
2018-01-05,5.13,5.40,5.02,5.11,106100,0
2018-01-08,5.15,5.15,4.78,4.81,66700,0
2018-01-09,4.85,4.85,4.37,4.52,50200,0
2018-01-10,4.53,4.75,4.36,4.41,21300,0
2018-01-11,4.45,4.68,4.35,4.41,39300,0
2018-01-12,4.40,4.62,4.31,4.39,56400,0
2018-01-16,4.53,4.53,4.05,4.07,98300,0
2018-01-17,4.05,4.58,3.93,4.52,218600,0
2018-01-18,4.48,4.51,4.05,4.12,161700,0
2018-01-19,4.12,4.31,3.80,4.12,184500,0
2018-01-22,4.15,4.24,4.01,4.21,46900,0
2018-01-23,4.24,4.29,4.02,4.05,49200,0
2018-01-24,4.06,4.24,4.06,4.21,30600,0
2018-01-25,4.19,4.39,4.17,4.26,17700,0
2018-01-26,4.35,4.94,4.12,4.83,164100,0
2018-01-29,4.79,5.40,4.45,5.31,411100,0
2018-01-30,5.26,5.95,5.09,5.28,406800,0
2018-01-31,5.33,5.33,5.00,5.09,56600,0
2018-02-01,5.06,5.15,4.74,5.07,54800,0
2018-02-02,5.09,5.34,4.98,5.24,33300,0
2018-02-05,5.25,5.47,5.25,5.36,43400,0
2018-02-06,5.33,5.46,4.81,4.83,32700,0
2018-02-07,4.82,4.82,4.21,4.33,35100,0
2018-02-08,5.00,5.00,4.36,4.64,48000,0
2018-02-09,4.64,4.70,4.35,4.44,50100,0
2018-02-12,4.41,4.45,4.31,4.42,11800,0
2018-02-13,4.42,4.58,4.21,4.50,61300,0
2018-02-14,4.85,5.73,4.70,5.00,264100,0
2018-02-15,5.03,5.59,5.00,5.08,64900,0
2018-02-16,5.10,5.25,4.58,4.63,52800,0
2018-02-20,4.67,4.85,4.63,4.69,25200,0
2018-02-21,4.65,6.50,4.64,6.36,381200,0
2018-02-22,5.86,7.17,5.78,6.46,321100,0
2018-02-23,6.40,6.40,5.91,6.11,48200,0
2018-02-26,6.02,6.24,5.81,5.85,60000,0
2018-02-27,5.82,6.00,5.31,5.76,55300,0
2018-02-28,5.26,5.77,5.26,5.63,10000,0
2018-03-01,5.65,5.69,5.38,5.43,27700,0
2018-03-02,5.46,5.59,5.29,5.34,28100,0
2018-03-05,5.29,5.99,5.29,5.69,79200,0
2018-03-06,5.95,6.40,5.90,6.08,406700,0
2018-03-07,6.13,6.25,5.61,5.85,103700,0
2018-03-08,5.89,5.89,5.57,5.74,63900,0
2018-03-09,5.78,5.91,5.62,5.82,37700,0
2018-03-12,5.88,6.00,5.82,5.86,41800,0
2018-03-13,5.88,6.18,5.80,6.00,61600,0
2018-03-14,6.09,6.18,5.86,5.91,87500,0
2018-03-15,6.04,6.95,5.92,6.81,277500,0
2018-03-16,6.84,7.63,6.44,7.25,708400,0
2018-03-19,7.20,7.49,6.85,7.05,206100,0
2018-03-20,7.75,8.20,7.15,7.38,784500,0
2018-03-21,7.40,7.72,7.35,7.61,256900,0
2018-03-22,7.56,7.88,7.39,7.45,225500,0
2018-03-23,7.45,7.58,7.28,7.38,107300,0
2018-03-26,7.44,7.60,6.80,7.01,125800,0
2018-03-27,7.06,7.07,5.82,5.92,252100,0
2018-03-28,5.96,6.05,5.55,5.63,137300,0
2018-03-29,5.70,6.60,5.70,6.23,227800,0
2018-04-02,6.18,6.58,5.85,6.54,159300,0
2018-04-03,6.50,6.56,6.25,6.27,96100,0
2018-04-04,6.31,6.65,6.24,6.28,67900,0
2018-04-05,6.21,6.45,5.96,6.02,86300,0
2018-04-06,6.06,6.11,5.73,5.76,58800,0
2018-04-09,5.75,6.00,5.19,5.23,128639,0