Date,Open,High,Low,Close,Volume,OpenInt
2017-08-02,9.81,9.81,9.81,9.81,500000,0
2017-08-03,9.81,9.86,9.81,9.82,860010,0
2017-08-04,9.81,9.82,9.81,9.82,233331,0
2017-08-07,9.83,9.84,9.81,9.8111,119499,0
2017-08-08,9.82,9.82,9.82,9.82,1300,0
2017-08-14,9.82,9.84,9.82,9.84,2200,0
2017-08-15,9.8001,9.8001,9.8,9.8,1200,0
2017-08-16,9.76,9.79,9.75,9.79,4700,0
2017-08-17,9.75,9.78,9.75,9.78,155664,0
2017-08-18,9.75,9.8,9.75,9.8,2400,0
2017-08-21,9.8,9.8,9.75,9.75,369475,0
2017-08-22,9.7601,9.8,9.76,9.76,63500,0
2017-08-24,9.75,9.75,9.75,9.75,72000,0
2017-08-25,9.75,9.75,9.75,9.75,3775,0
2017-08-28,9.78,9.78,9.76,9.76,1900,0
2017-08-29,9.77,9.8,9.77,9.8,41160,0
2017-08-30,9.8,10.4315,9.8,9.83,64999,0
2017-08-31,9.52,9.95,8.97,9.78,18249,0
2017-09-01,9.78,9.83,9.78,9.83,4500,0
2017-09-05,9.8,9.85,9.8,9.85,37200,0
2017-09-06,9.83,9.83,9.83,9.83,22575,0
2017-09-07,9.8,9.8186,9.8,9.8,74500,0
2017-09-08,9.81,9.81,9.8,9.8,2000,0
2017-09-11,9.79,9.8,9.79,9.8,93210,0
2017-09-12,9.85,9.85,9.8,9.8,200,0
2017-09-13,9.8,9.85,9.75,9.85,91000,0
2017-09-14,9.8,9.8,9.8,9.8,14724,0
2017-09-18,9.82,9.83,9.82,9.83,4800,0
2017-09-19,9.8,9.83,9.8,9.82,47400,0
2017-09-20,9.75,9.8299,9.75,9.82,15505,0
2017-09-21,9.775,9.775,9.775,9.775,400,0
2017-09-26,9.8,9.81,9.8,9.81,3199,0
2017-09-28,9.85,9.86,9.83,9.83,17700,0
2017-09-29,9.86,9.86,9.86,9.86,8000,0
2017-10-02,9.83,9.83,9.81,9.81,49900,0
2017-10-03,9.83,9.83,9.81,9.81,2100,0
2017-10-05,9.83,9.83,9.83,9.83,500,0
2017-10-09,9.93,9.93,9.8,9.8,31220,0
2017-10-10,9.8093,9.83,9.8093,9.83,2750,0
2017-10-11,9.81,9.81,9.81,9.81,1882,0
2017-10-13,9.82,9.82,9.8101,9.8101,7000,0
2017-10-17,9.81,9.81,9.81,9.81,100,0
2017-10-18,9.82,9.85,9.82,9.85,102700,0
2017-10-20,9.82,9.85,9.82,9.85,14800,0
2017-10-23,9.84,9.84,9.83,9.83,801,0
2017-10-25,9.8301,9.85,9.83,9.85,1501,0
2017-10-26,9.81,9.82,9.7689,9.82,17800,0
2017-10-27,9.84,9.84,9.8,9.8,4000,0
2017-10-30,9.81,9.81,9.795,9.795,1600,0
2017-10-31,9.78,9.8,9.78,9.8,101799,0
2017-11-01,9.8,9.8,9.8,9.8,35700,0
2017-11-03,9.81,9.81,9.81,9.81,100,0
2017-11-06,9.81,9.81,9.79,9.795,6204,0
2017-11-07,9.79,9.79,9.79,9.79,708,0
2017-11-10,9.8,9.8,9.8,9.8,1200,0
2017-11-13,9.8100,9.8100,9.8000,9.8000,1300,0
2017-11-14,9.8000,9.8100,9.7500,9.8000,438800,0
2017-11-15,9.8000,9.8000,9.8000,9.8000,-,0
2017-11-16,9.8000,9.8000,9.7800,9.7900,5700,0
2017-11-17,9.8000,9.8200,9.7710,9.7900,225100,0
2017-11-20,9.8000,9.8000,9.7800,9.7800,288700,0
2017-11-21,9.8000,9.8200,9.8000,9.8200,16500,0
2017-11-22,9.8300,9.8300,9.8110,9.8110,2100,0
2017-11-24,9.8110,9.8110,9.8110,9.8110,100,0
2017-11-27,9.8200,9.8250,9.7800,9.8100,4500,0
2017-11-28,9.8200,9.8200,9.7800,9.7900,35500,0
2017-11-29,9.7900,9.8200,9.7900,9.8200,1400,0
2017-11-30,9.8000,9.8200,9.7900,9.8100,114100,0
2017-12-01,9.8000,9.8000,9.8000,9.8000,1415500,0
2017-12-04,9.9200,9.9200,9.8000,9.8000,3200,0
2017-12-05,9.8100,9.8100,9.8100,9.8100,6400,0
2017-12-06,9.8100,9.8100,9.8100,9.8100,800,0
2017-12-07,0.9810,0.9810,0.9810,0.9810,-,0
2017-12-08,9.8000,9.8100,9.7900,9.8100,7100,0
2017-12-11,9.7900,9.8200,9.7900,9.7900,9100,0
2017-12-12,9.7900,9.7900,9.7900,9.7900,-,0
2017-12-13,9.7900,9.7900,9.7800,9.7800,482600,0
2017-12-14,9.7900,9.8100,9.7800,9.8100,9500,0
2017-12-15,9.8100,9.8100,9.8100,9.8100,-,0
2017-12-18,9.8000,9.8000,9.8000,9.8000,200,0
2017-12-19,9.8000,9.8000,9.7800,9.7900,26200,0
2017-12-20,9.7800,9.8000,9.7800,9.8000,13100,0
2017-12-21,9.7900,9.8000,9.7800,9.8000,16600,0
2017-12-22,0.9800,0.9800,0.9800,0.9800,-,0
2017-12-26,0.9800,0.9800,0.9800,0.9800,-,0
2017-12-27,0.9800,0.9800,0.9800,0.9800,-,0
2017-12-28,9.8300,9.8300,9.7800,9.7800,700,0
2017-12-29,9.7800,9.8000,9.7800,9.8000,3900,0
2018-01-02,9.8000,9.8000,9.8000,9.8000,1000,0
2018-01-03,9.8000,9.8300,9.8000,9.8100,253100,0
2018-01-04,9.8000,9.8300,9.8000,9.8300,4500,0
2018-01-05,9.8100,9.8500,9.8100,9.8500,3000,0
2018-01-08,9.8400,10.4900,9.8100,9.8200,14500,0
2018-01-09,9.8200,9.8200,9.8200,9.8200,-,0
2018-01-10,9.8500,9.8500,9.8200,9.8500,26200,0
2018-01-11,9.8500,9.8510,9.8400,9.8500,231400,0
2018-01-12,9.8500,9.8600,9.8300,9.8500,39000,0
2018-01-16,9.8500,9.8600,9.8400,9.8410,8400,0
2018-01-17,9.8800,9.9000,9.8500,9.8800,50300,0
2018-01-18,9.8800,9.8800,9.8700,9.8800,2000,0
2018-01-19,9.8900,9.9100,9.8900,9.9100,14000,0
2018-01-22,9.9100,9.9100,9.9100,9.9100,-,0
2018-01-23,9.9100,9.9100,9.9100,9.9100,-,0
2018-01-24,9.8800,9.8800,9.8800,9.8800,101500,0
2018-01-25,9.8800,9.8800,9.8800,9.8800,1500,0
2018-01-26,9.8800,9.8800,9.8800,9.8800,-,0
2018-01-29,9.8800,9.8800,9.8800,9.8800,-,0
2018-01-30,9.8800,9.8900,9.8800,9.8900,1000,0
2018-01-31,9.8800,9.8800,9.8800,9.8800,300,0
2018-02-01,9.8900,9.9000,9.8800,9.9000,8800,0
2018-02-02,9.8800,9.8900,9.8600,9.8600,7100,0
2018-02-05,9.8700,9.8700,9.8600,9.8600,3900,0
2018-02-06,9.8300,9.8700,9.8100,9.8100,24500,0
2018-02-07,9.8400,9.8800,9.8400,9.8600,50900,0
2018-02-08,9.8500,9.8600,9.8300,9.8400,98900,0
2018-02-09,9.8410,9.8500,9.8400,9.8500,501700,0
2018-02-12,9.8700,9.8700,9.8400,9.8600,3200,0
2018-02-13,9.8500,9.8700,9.8370,9.8700,53800,0
2018-02-14,9.8700,9.8700,9.8700,9.8700,200,0
2018-02-15,9.8700,9.8700,9.8400,9.8400,95000,0
2018-02-16,9.8600,9.8600,9.8500,9.8500,27800,0
2018-02-20,9.8700,9.8800,9.8700,9.8800,800,0
2018-02-21,9.8800,9.8800,9.8800,9.8800,-,0
2018-02-22,9.8800,9.8800,9.8800,9.8800,1100,0
2018-02-23,9.8800,9.8800,9.8800,9.8800,3000,0
2018-02-26,9.8800,9.8850,9.8700,9.8800,1313200,0
2018-02-27,9.8800,9.8800,9.8500,9.8500,18500,0
2018-02-28,9.8700,9.8700,9.8500,9.8500,1400,0
2018-03-01,9.8600,9.8600,9.8600,9.8600,2200,0
2018-03-02,9.8000,9.8700,9.7500,9.8700,10300,0
2018-03-05,9.8500,9.8500,9.8500,9.8500,50000,0
2018-03-06,9.8600,9.8800,9.8600,9.8600,158700,0
2018-03-07,9.8600,9.8600,9.8600,9.8600,-,0
2018-03-08,9.8600,9.8600,9.8600,9.8600,-,0
2018-03-09,9.8500,9.8900,9.8500,9.8800,114600,0
2018-03-12,9.8800,9.8800,9.8700,9.8700,190400,0
2018-03-13,9.8700,9.8700,9.8700,9.8700,-,0
2018-03-14,9.8700,9.8800,9.8700,9.8700,77600,0
2018-03-15,9.8700,9.8700,9.8700,9.8700,6000,0
2018-03-16,9.8700,9.8700,9.8700,9.8700,4800,0
2018-03-19,9.8800,9.8800,9.8800,9.8800,70900,0
2018-03-20,9.8800,9.8800,9.8700,9.8800,12300,0
2018-03-21,9.8800,9.8800,9.8800,9.8800,1500,0
2018-03-22,9.8900,9.8900,9.8900,9.8900,1000,0
2018-03-23,10.2000,10.2000,9.8800,10.0000,51500,0
2018-03-26,9.9000,9.9900,9.8900,9.9900,11800,0
2018-03-27,9.9100,9.9100,9.9100,9.9100,200,0
2018-03-28,9.9100,9.9100,9.9100,9.9100,-,0
2018-03-29,9.9000,9.9000,9.9000,9.9000,81900,0
2018-04-02,9.9100,9.9100,9.9000,9.9000,63200,0
2018-04-03,9.9090,9.9300,9.9090,9.9300,2100,0
2018-04-04,9.8800,9.9310,9.8800,9.9300,129400,0
2018-04-05,9.9100,9.9100,9.9100,9.9100,100,0
2018-04-06,9.9200,9.9200,9.9200,9.9200,5100,0
2018-04-06,9.9317,9.9200,9.9200,9.9200,5100,0