Date,Open,High,Low,Close,Volume,OpenInt
2017-10-05,28.3799,28.3799,28.3327,28.3327,500,0
2017-10-11,28.49,28.49,28.49,28.49,300,0
2017-10-13,28.78,28.78,28.78,28.78,116,0
2017-10-17,29.0345,29.04,29.0345,29.04,200,0
2017-10-20,29.15,29.21,29.15,29.21,6039,0
2017-10-23,29.457,29.4592,29.457,29.4592,2000,0
2017-10-25,29.6,29.6,29.4261,29.4261,3531,0
2017-10-27,29.9099,29.91,29.9099,29.91,670,0
2017-10-30,29.79,29.79,29.6586,29.68,917,0
2017-10-31,29.85,29.85,29.85,29.85,423,0
2017-11-01,30.1947,30.1947,30.1947,30.1947,312,0
2017-11-02,30.2,30.2999,30.2,30.2455,1430,0
2017-11-03,30.3999,30.3999,30.327,30.327,5420,0
2017-11-06,30.31,30.32,30.192,30.28,1100,0
2017-11-08,30.79,30.79,30.79,30.79,404,0
2017-11-09,30.25,30.25,30.25,30.25,287,0
2017-11-13,30.2500,30.2500,30.2500,30.2500,-,0
2017-11-14,30.2500,30.2500,30.2500,30.2500,-,0
2017-11-15,29.5770,29.5770,29.5770,29.5770,200,0
2017-11-16,29.5770,29.5770,29.5770,29.5770,-,0
2017-11-17,29.6000,29.6000,29.5900,29.6000,4400,0
2017-11-20,29.6000,29.6000,29.6000,29.6000,-,0
2017-11-21,30.0400,30.0400,30.0400,30.0400,200,0
2017-11-22,30.0400,30.0400,30.0400,30.0400,-,0
2017-11-24,30.0400,30.0400,30.0400,30.0400,-,0
2017-11-27,29.8700,29.8700,29.8700,29.8700,100,0
2017-11-28,29.8700,29.8700,29.8700,29.8700,-,0
2017-11-29,30.0540,30.0540,30.0540,30.0540,300,0
2017-11-30,30.1600,30.3200,30.1400,30.3200,1600,0
2017-12-01,29.9730,29.9730,29.9730,29.9730,1000,0
2017-12-04,30.0300,30.0400,30.0300,30.0300,1000,0
2017-12-05,30.0300,30.0300,30.0300,30.0300,-,0
2017-12-06,30.0300,30.0300,30.0300,30.0300,-,0
2017-12-07,30.0300,30.0300,30.0300,30.0300,-,0
2017-12-08,30.0300,30.0300,30.0300,30.0300,-,0
2017-12-11,30.0300,30.0300,30.0300,30.0300,-,0
2017-12-12,30.0300,30.0300,30.0300,30.0300,-,0
2017-12-13,30.0300,30.0300,30.0300,30.0300,-,0
2017-12-14,30.5400,30.5500,30.5400,30.5400,3800,0
2017-12-15,30.5400,30.5400,30.5400,30.5400,-,0
2017-12-18,30.6200,30.6200,30.6200,30.6200,100,0
2017-12-19,30.4800,30.4800,30.4800,30.4800,500,0
2017-12-20,30.4800,30.4800,30.4800,30.4800,-,0
2017-12-21,30.6700,30.6700,30.6700,30.6700,200,0
2017-12-22,30.6700,30.6700,30.6700,30.6700,-,0
2017-12-26,30.6700,30.6700,30.6700,30.6700,-,0
2017-12-27,30.6700,30.6700,30.6700,30.6700,-,0
2017-12-28,30.6700,30.6700,30.6700,30.6700,-,0
2017-12-29,30.4000,30.4000,30.4000,30.4000,100,0
2018-01-02,30.4000,30.4000,30.4000,30.4000,-,0
2018-01-03,30.4000,30.4000,30.4000,30.4000,-,0
2018-01-04,30.4000,30.4000,30.4000,30.4000,-,0
2018-01-05,30.4000,30.4000,30.4000,30.4000,-,0
2018-01-08,30.4000,30.4000,30.4000,30.4000,-,0
2018-01-09,30.4000,30.4000,30.4000,30.4000,-,0
2018-01-10,31.5500,31.5500,31.5500,31.5500,200,0
2018-01-11,31.5500,31.5500,31.5500,31.5500,-,0
2018-01-12,31.5500,31.5500,31.5500,31.5500,-,0
2018-01-16,31.6300,31.6300,31.3100,31.3100,300,0
2018-01-17,31.3100,31.3100,31.3100,31.3100,-,0
2018-01-18,31.3100,31.3100,31.3100,31.3100,-,0
2018-01-19,31.3100,31.3100,31.3100,31.3100,-,0
2018-01-22,31.3100,31.3100,31.3100,31.3100,-,0
2018-01-23,32.0920,32.0920,32.0920,32.0920,700,0
2018-01-24,31.7720,31.7720,31.7720,31.7720,400,0
2018-01-25,31.7120,31.7120,31.7120,31.7120,300,0
2018-01-26,31.6470,31.6470,31.6470,31.6470,300,0
2018-01-29,31.6100,31.6400,31.6100,31.6200,16500,0
2018-01-30,31.1600,31.2400,31.1600,31.2000,17900,0
2018-01-31,31.1300,31.2300,31.1300,31.2300,400,0
2018-02-01,31.3400,31.3500,31.3000,31.3000,500,0
2018-02-02,31.2510,31.2510,31.0200,31.0200,1200,0
2018-02-05,31.0200,31.0200,31.0200,31.0200,-,0
2018-02-06,29.7570,30.1500,29.5600,30.1500,5500,0
2018-02-07,29.8600,29.8600,29.8600,29.8600,100,0
2018-02-08,29.8600,29.8600,29.8600,29.8600,-,0
2018-02-09,29.8600,29.8600,29.8600,29.8600,-,0
2018-02-12,29.2900,29.2900,29.2900,29.2900,1000,0
2018-02-13,28.7000,28.8800,28.7000,28.8800,400,0
2018-02-14,28.8500,28.8500,28.8500,28.8500,200,0
2018-02-15,28.9700,28.9700,28.9700,28.9700,100,0
2018-02-16,28.9700,28.9700,28.9700,28.9700,-,0
2018-02-20,28.9700,28.9700,28.9700,28.9700,-,0
2018-02-21,28.9700,28.9700,28.9700,28.9700,-,0
2018-02-22,28.9700,28.9700,28.9700,28.9700,-,0
2018-02-23,29.4720,29.4720,29.4720,29.4720,400,0
2018-02-26,29.9500,29.9500,29.8950,29.8950,300,0
2018-02-27,29.8600,29.8600,29.8600,29.8600,200,0
2018-02-28,29.8600,29.8600,29.8600,29.8600,-,0
2018-03-01,29.8600,29.8600,29.8600,29.8600,-,0
2018-03-02,28.2200,28.3500,28.2200,28.3300,7900,0
2018-03-05,28.3300,28.3300,28.3300,28.3300,-,0
2018-03-06,28.3300,28.3300,28.3300,28.3300,-,0
2018-03-07,28.3300,28.3300,28.3300,28.3300,-,0
2018-03-08,28.3300,28.3300,28.3300,28.3300,-,0
2018-03-09,28.3300,28.3300,28.3300,28.3300,-,0
2018-03-12,28.3300,28.3300,28.3300,28.3300,-,0
2018-03-13,28.3300,28.3300,28.3300,28.3300,-,0
2018-03-14,29.1450,29.2400,29.1450,29.2400,300,0
2018-03-15,29.3400,29.3400,29.3400,29.3400,200,0
2018-03-16,29.1100,29.1100,29.1100,29.1100,200,0
2018-03-19,28.5270,28.5270,28.5100,28.5100,500,0
2018-03-20,28.5100,28.5100,28.5100,28.5100,-,0
2018-03-21,28.5100,28.5100,28.5100,28.5100,-,0
2018-03-22,28.3300,28.3300,28.3300,28.3300,700,0
2018-03-23,28.3300,28.3300,28.3300,28.3300,-,0
2018-03-26,28.3300,28.3300,28.3300,28.3300,-,0
2018-03-27,28.3300,28.3300,28.3300,28.3300,-,0
2018-03-28,28.3300,28.3300,28.3300,28.3300,-,0
2018-03-29,28.3300,28.3300,28.3300,28.3300,-,0
2018-04-02,28.4800,28.4800,28.4800,28.4800,300,0
2018-04-03,28.4800,28.4800,28.4800,28.4800,-,0
2018-04-04,28.4800,28.4800,28.4800,28.4800,-,0
2018-04-05,28.4800,28.4800,28.4800,28.4800,-,0
2018-04-06,28.4800,28.4800,28.4800,28.4800,-,0