Date,Open,High,Low,Close,Volume,OpenInt
2017-11-03,15,17,12.11,12.66,476808,0
2017-11-06,12,12.3,10.86,10.95,246797,0
2017-11-07,11.14,11.34,11,11.08,170034,0
2017-11-08,11.18,11.5,10.9,10.95,216311,0
2017-11-09,11,11.2895,10.94,11.05,209773,0
2017-11-10,11.24,12.1,11.1447,11.75,229837,0
2017-11-13,12.00,12.65,11.71,12.65,157000,0
2017-11-14,12.54,13.15,11.72,12.52,141000,0
2017-11-15,12.50,13.74,12.42,13.62,190000,0
2017-11-16,14.00,14.00,13.25,13.99,172900,0
2017-11-17,14.00,14.00,13.06,13.75,125500,0
2017-11-20,13.60,13.60,12.73,12.84,129900,0
2017-11-21,11.80,13.24,11.61,13.06,162800,0
2017-11-22,13.17,13.38,12.04,13.24,137400,0
2017-11-24,13.40,13.40,12.85,13.31,32900,0
2017-11-27,13.07,13.45,12.86,13.15,49800,0
2017-11-28,13.06,13.50,12.97,12.98,52900,0
2017-11-29,12.98,13.15,12.34,12.41,34600,0
2017-11-30,12.62,12.98,12.28,12.36,37300,0
2017-12-01,11.80,12.74,11.53,11.64,120000,0
2017-12-04,11.60,11.70,11.11,11.51,79700,0
2017-12-05,12.02,12.69,11.42,11.61,152000,0
2017-12-06,11.50,11.50,11.18,11.25,27200,0
2017-12-07,11.25,11.45,11.00,11.00,168500,0
2017-12-08,11.12,11.55,11.06,11.27,77400,0
2017-12-11,11.43,11.73,11.33,11.46,35400,0
2017-12-12,11.46,11.50,11.13,11.13,94700,0
2017-12-13,11.11,11.57,11.11,11.17,33700,0
2017-12-14,11.48,11.81,11.21,11.22,33300,0
2017-12-15,11.58,11.58,11.16,11.17,12600,0
2017-12-18,11.30,11.44,11.05,11.11,34900,0
2017-12-19,11.11,11.11,11.00,11.00,55200,0
2017-12-20,11.00,11.16,11.00,11.00,55500,0
2017-12-21,11.01,11.10,11.00,11.00,16100,0
2017-12-22,11.03,11.08,11.00,11.00,59800,0
2017-12-26,11.15,11.25,10.80,10.80,52400,0
2017-12-27,10.90,11.36,10.82,11.30,54200,0
2017-12-28,11.30,11.31,11.00,11.06,10800,0
2017-12-29,11.01,11.18,11.01,11.05,1800,0
2018-01-02,11.00,11.43,10.90,11.26,134900,0
2018-01-03,11.30,12.53,11.27,11.38,465800,0
2018-01-04,11.76,12.20,11.46,11.67,201200,0
2018-01-05,11.58,11.84,11.55,11.64,97800,0
2018-01-08,11.54,11.70,11.30,11.32,69800,0
2018-01-09,11.48,11.75,11.35,11.40,65300,0
2018-01-10,11.45,11.45,10.85,10.85,58500,0
2018-01-11,10.83,11.00,10.80,10.80,110800,0
2018-01-12,10.81,10.99,10.80,10.80,40500,0
2018-01-16,10.80,11.02,10.80,10.86,40400,0
2018-01-17,10.86,10.86,10.50,10.54,140700,0
2018-01-18,10.50,10.75,10.50,10.56,29600,0
2018-01-19,10.56,10.76,10.56,10.73,19300,0
2018-01-22,10.73,10.91,10.63,10.63,14500,0
2018-01-23,10.60,10.60,10.32,10.36,131600,0
2018-01-24,10.40,10.50,10.34,10.39,66100,0
2018-01-25,10.50,10.71,10.40,10.47,92500,0
2018-01-26,10.67,10.85,10.45,10.48,138300,0
2018-01-29,10.70,10.80,10.50,10.51,52200,0
2018-01-30,10.55,10.57,10.50,10.51,29800,0
2018-01-31,10.80,10.80,10.40,10.55,30400,0
2018-02-01,10.65,10.65,10.48,10.51,10900,0
2018-02-02,10.43,10.43,10.21,10.30,62300,0
2018-02-05,10.50,11.74,10.21,11.70,164900,0
2018-02-06,11.10,11.29,10.62,10.75,88600,0
2018-02-07,10.71,10.96,10.69,10.73,45700,0
2018-02-08,10.52,10.56,10.20,10.38,40100,0
2018-02-09,10.31,10.46,10.29,10.30,18400,0
2018-02-12,10.34,10.56,10.25,10.34,45200,0
2018-02-13,10.50,10.90,10.20,10.39,71100,0
2018-02-14,10.40,10.50,10.26,10.38,35800,0
2018-02-15,10.43,10.87,10.43,10.80,76600,0
2018-02-16,10.80,10.86,10.60,10.63,36800,0
2018-02-20,10.80,10.80,10.63,10.75,9600,0
2018-02-21,10.80,10.86,10.71,10.80,38400,0
2018-02-22,10.71,10.79,10.52,10.61,19300,0
2018-02-23,10.86,10.89,10.67,10.70,61100,0
2018-02-26,10.92,11.00,10.78,11.00,52700,0
2018-02-27,11.00,11.09,10.94,11.00,70100,0
2018-02-28,10.75,10.75,10.52,10.75,70500,0
2018-03-01,10.60,10.60,10.38,10.48,29100,0
2018-03-02,10.39,10.47,10.39,10.40,6300,0
2018-03-05,10.50,10.94,10.45,10.90,47700,0
2018-03-06,11.07,11.48,10.80,11.32,189200,0
2018-03-07,11.39,11.80,11.36,11.60,33100,0
2018-03-08,11.72,11.98,11.45,11.90,137500,0
2018-03-09,11.74,11.74,11.15,11.55,84600,0
2018-03-12,11.85,11.95,11.61,11.92,66400,0
2018-03-13,12.02,12.35,11.94,12.33,57100,0
2018-03-14,12.20,12.25,12.00,12.10,85100,0
2018-03-15,12.02,12.04,11.70,11.75,26200,0
2018-03-16,11.60,11.60,11.47,11.58,29300,0
2018-03-19,11.59,11.95,11.51,11.90,44700,0
2018-03-20,11.98,12.25,11.98,12.22,33000,0
2018-03-21,12.10,12.10,11.90,12.10,14600,0
2018-03-22,11.85,11.85,10.96,11.60,73700,0
2018-03-23,11.26,11.30,10.93,11.26,15700,0
2018-03-26,11.26,11.58,11.26,11.51,21800,0
2018-03-27,11.66,11.85,11.66,11.81,6400,0
2018-03-28,11.51,11.55,11.17,11.51,20800,0
2018-03-29,11.19,11.35,11.19,11.31,7100,0
2018-04-02,11.49,11.49,11.06,11.43,33400,0
2018-04-03,11.52,11.52,11.26,11.52,35300,0
2018-04-04,11.43,11.49,11.12,11.40,39500,0
2018-04-05,11.13,11.13,10.80,11.07,49100,0
2018-04-06,11.08,11.08,10.66,10.89,34500,0
2018-04-09,10.85,11.15,10.78,11.08,32626,0