Date,Open,High,Low,Close,Volume,OpenInt
2017-08-03,50.416,50.416,50.406,50.416,607,0
2017-08-04,50.416,50.416,50.416,50.416,0,0
2017-08-07,50.416,50.416,50.416,50.416,0,0
2017-08-08,50.416,50.416,50.416,50.416,0,0
2017-08-09,50.416,50.416,50.416,50.416,0,0
2017-08-10,49.991,49.991,49.991,49.991,202,0
2017-08-11,49.921,51.355,49.921,51.355,15506,0
2017-08-14,50.109,50.109,50.109,50.109,225,0
2017-08-15,50.119,50.119,50.113,50.113,202,0
2017-08-16,50.113,50.113,50.113,50.113,0,0
2017-08-17,50.113,50.113,50.113,50.113,0,0
2017-08-18,50.159,50.159,50.148,50.149,708,0
2017-08-21,50.109,50.109,50.106,50.106,15582,0
2017-08-22,50.271,50.271,50.271,50.271,202,0
2017-08-23,50.271,50.271,50.271,50.271,0,0
2017-08-24,50.336,50.336,50.336,50.336,101,0
2017-08-25,50.336,50.336,50.336,50.336,0,0
2017-08-28,50.411,50.448,50.406,50.448,559,0
2017-08-29,50.399,50.399,50.399,50.399,405,0
2017-08-30,50.399,50.399,50.399,50.399,0,0
2017-08-31,50.399,50.399,50.399,50.399,0,0
2017-09-01,50.679,50.679,50.679,50.679,311,0
2017-09-05,50.679,50.679,50.589,50.591,1487,0
2017-09-06,50.659,50.659,50.659,50.659,259,0
2017-09-07,50.699,50.699,50.699,50.699,402,0
2017-09-08,50.581,50.581,50.557,50.557,1005,0
2017-09-11,50.689,50.689,50.689,50.689,182,0
2017-09-12,50.689,50.689,50.689,50.689,0,0
2017-09-13,50.699,50.749,50.699,50.749,1509,0
2017-09-14,50.759,50.768,50.759,50.768,201,0
2017-09-15,50.778,50.838,50.778,50.838,30099,0
2017-09-18,50.818,50.818,50.818,50.818,10554,0
2017-09-19,50.868,50.868,50.848,50.858,2176,0
2017-09-20,50.849,50.878,50.848,50.878,770,0
2017-09-21,50.878,50.878,50.878,50.878,0,0
2017-09-22,50.878,50.878,50.878,50.878,10170,0
2017-09-25,50.838,50.878,50.838,50.878,687,0
2017-09-26,50.928,50.928,50.928,50.928,121,0
2017-09-27,50.948,50.948,50.948,50.948,0,0
2017-09-28,50.987,50.987,50.967,50.967,1738,0
2017-09-29,51.057,51.057,51.057,51.057,201,0
2017-10-02,51.07,51.07,51.07,51.07,148,0
2017-10-03,51.04,51.0671,51.04,51.0671,1020,0
2017-10-04,51.07,51.07,51.0599,51.0599,299,0
2017-10-05,51.0599,51.0599,51.0599,51.0599,0,0
2017-10-06,51.0599,51.0599,51.0599,51.0599,0,0
2017-10-09,51.1,51.1,51.1,51.1,122,0
2017-10-10,51.135,51.1483,51.135,51.1483,937,0
2017-10-11,51.1236,51.1236,51.1236,51.1236,100,0
2017-10-12,51.13,51.13,51.1299,51.1299,233,0
2017-10-13,51.165,51.165,51.165,51.165,171,0
2017-10-16,51.14,51.17,51.14,51.16,936,0
2017-10-17,51.18,51.18,51.18,51.18,200,0
2017-10-18,51.33,51.3395,51.3299,51.3395,495,0
2017-10-19,51.3395,51.3395,51.3395,51.3395,505,0
2017-10-20,51.3395,51.3395,51.3395,51.3395,61,0
2017-10-23,51.43,51.43,51.43,51.43,296,0
2017-10-24,51.3647,51.38,51.3647,51.38,591,0
2017-10-25,51.2,51.2,51.2,51.2,1000,0
2017-10-26,51.2799,51.2799,51.2699,51.27,748,0
2017-10-27,51.27,51.27,51.27,51.27,0,0
2017-10-30,51.33,51.33,51.21,51.21,1710,0
2017-10-31,51.21,51.21,51.21,51.21,0,0
2017-11-01,51.06,51.06,51.06,51.06,357,0
2017-11-02,51.049,51.049,51.049,51.049,1000,0
2017-11-03,51.08,51.08,51.0373,51.0373,413,0
2017-11-06,50.99,50.99,50.99,50.99,150,0
2017-11-07,51.02,51.02,51.02,51.02,2,0
2017-11-08,51.02,51.02,51.02,51.02,28,0
2017-11-09,51.02,51.02,51.02,51.02,64,0
2017-11-10,50.5701,50.5701,50.5701,50.5701,100,0
2017-11-20,50.75,50.75,50.75,50.75,100,0
2017-11-21,50.75,50.75,50.75,50.75,-,0
2017-11-22,50.91,50.96,50.91,50.96,400,0
2017-11-24,51.02,51.02,51.02,51.02,300,0
2017-11-27,50.93,50.94,50.92,50.94,1900,0
2017-11-28,50.94,50.94,50.94,50.94,-,0
2017-11-29,50.86,50.86,50.86,50.86,100,0
2017-11-30,50.95,51.02,50.95,51.02,400,0
2017-12-01,50.77,50.77,50.64,50.67,600,0
2017-12-04,50.67,50.67,50.67,50.67,-,0
2017-12-05,50.67,50.67,50.67,50.67,100,0
2017-12-06,50.70,50.70,50.70,50.70,300,0
2017-12-07,50.73,50.73,50.73,50.73,200,0
2017-12-08,50.73,50.73,50.73,50.73,100,0
2017-12-11,50.74,50.74,50.74,50.74,300,0
2017-12-12,50.74,50.74,50.74,50.74,100,0
2017-12-13,50.84,50.84,50.84,50.84,300,0
2017-12-14,50.90,50.90,50.84,50.84,1200,0
2017-12-15,50.79,50.79,50.79,50.79,400,0
2017-12-18,50.79,50.79,50.79,50.79,100,0
2017-12-19,50.79,50.79,50.79,50.79,-,0
2017-12-20,50.75,50.75,50.73,50.73,500,0
2017-12-21,50.55,50.55,50.55,50.55,400,0
2017-12-22,50.52,50.52,50.52,50.52,200,0
2017-12-26,50.56,50.56,50.56,50.56,200,0
2017-12-27,50.56,50.56,50.56,50.56,-,0
2017-12-28,50.58,50.58,50.58,50.58,200,0
2017-12-29,50.69,50.69,50.69,50.69,200,0
2018-01-02,50.65,50.65,50.65,50.65,200,0
2018-01-03,50.73,50.89,50.73,50.89,600,0
2018-01-04,50.92,50.92,50.92,50.92,200,0
2018-01-05,51.09,51.09,51.09,51.09,200,0
2018-01-08,51.09,51.09,51.09,51.09,100,0
2018-01-09,51.05,51.09,51.03,51.03,1100,0
2018-01-10,50.92,50.92,50.85,50.85,200,0
2018-01-11,51.07,51.07,51.04,51.04,800,0
2018-01-12,51.05,51.05,51.03,51.03,500,0
2018-01-16,50.96,50.96,50.96,50.96,500,0
2018-01-17,50.96,50.96,50.96,50.96,-,0
2018-01-18,50.98,50.98,50.98,50.98,200,0
2018-01-19,51.00,51.05,50.98,51.05,30500,0
2018-01-22,51.07,51.07,51.03,51.04,900,0
2018-01-23,51.04,51.04,51.04,51.04,-,0
2018-01-24,51.04,51.04,51.04,51.04,-,0
2018-01-25,51.15,51.15,51.15,51.15,700,0
2018-01-26,51.20,51.20,51.18,51.18,500,0
2018-01-29,51.18,51.18,51.18,51.18,-,0
2018-01-30,51.18,51.18,51.18,51.18,-,0
2018-01-31,50.96,50.96,50.88,50.88,2600,0
2018-02-01,50.66,50.67,50.55,50.55,7300,0
2018-02-02,50.55,50.55,50.55,50.55,100,0
2018-02-05,50.55,50.55,50.55,50.55,100,0
2018-02-06,50.55,50.55,50.55,50.55,-,0
2018-02-07,50.21,50.23,50.21,50.23,400,0
2018-02-08,49.85,49.85,49.78,49.78,400,0
2018-02-09,49.31,49.31,49.25,49.25,1100,0
2018-02-12,49.25,49.25,49.25,49.25,100,0
2018-02-13,49.65,49.65,49.65,49.65,300,0
2018-02-14,49.65,49.65,49.65,49.65,-,0
2018-02-15,50.00,50.12,50.00,50.12,200,0
2018-02-16,50.28,50.28,50.28,50.28,100,0
2018-02-20,50.28,50.28,50.28,50.28,-,0
2018-02-21,50.28,50.28,50.28,50.28,-,0
2018-02-22,50.28,50.28,50.28,50.28,-,0
2018-02-23,50.28,50.28,50.28,50.28,-,0
2018-02-26,50.28,50.28,50.28,50.28,-,0
2018-02-27,50.28,50.28,50.28,50.28,-,0
2018-02-28,50.25,50.29,50.22,50.22,2200,0
2018-03-01,49.99,49.99,49.99,49.99,100,0
2018-03-02,49.60,49.71,49.60,49.71,400,0
2018-03-05,49.71,49.71,49.71,49.71,100,0
2018-03-06,49.71,49.71,49.71,49.71,-,0
2018-03-07,49.87,49.87,49.87,49.87,500,0
2018-03-08,49.87,49.87,49.87,49.87,100,0
2018-03-09,49.87,49.87,49.87,49.87,-,0
2018-03-12,49.95,49.95,49.95,49.95,300,0
2018-03-13,49.95,49.95,49.95,49.95,-,0
2018-03-14,49.95,49.95,49.95,49.95,-,0
2018-03-15,49.95,49.95,49.95,49.95,-,0
2018-03-16,49.95,49.95,49.95,49.95,-,0
2018-03-19,49.95,49.95,49.95,49.95,100,0
2018-03-20,49.75,49.75,49.75,49.75,100,0
2018-03-21,49.75,49.75,49.75,49.75,-,0
2018-03-22,49.75,49.75,49.75,49.75,-,0
2018-03-23,49.53,49.53,49.53,49.53,600,0
2018-03-26,49.53,49.53,49.53,49.53,100,0
2018-03-27,49.53,49.53,49.53,49.53,-,0
2018-03-28,49.53,49.53,49.53,49.53,100,0
2018-03-29,49.75,49.77,49.75,49.75,1700,0
2018-04-02,49.51,49.51,49.51,49.51,200,0
2018-04-03,49.41,49.41,49.41,49.41,200,0
2018-04-04,49.31,49.31,49.31,49.31,100,0
2018-04-05,49.61,49.61,49.61,49.61,1000,0
2018-04-06,49.61,49.61,49.61,49.61,-,0
2018-04-09,49.67,49.67,49.67,49.67,416,0