Date,Open,High,Low,Close,Volume,OpenInt
2017-02-15,12.84,16.17,12.33,14.5,51488,0
2017-02-16,16,16.97,15.5,16.74,45656,0
2017-02-17,17.2,24.21,17.018,23.9,120281,0
2017-02-21,28.88,28.88,24.0577,27.7,97871,0
2017-02-22,28.18,28.7,22.06,22.4,100682,0
2017-02-23,21.45,22.02,18.0624,20,67516,0
2017-02-24,20,20.67,19.4802,20.1395,8455,0
2017-02-27,22,23.433,20.3051,20.5782,12290,0
2017-02-28,20.9,20.9,19.3355,20.401,12606,0
2017-03-01,19.6,19.986,18.6256,19.11,11166,0
2017-03-02,19.2,19.75,17.51,17.61,20788,0
2017-03-03,17.5,17.5,16.96,17.274,16418,0
2017-03-06,17.06,19.1651,16.78,17.5,7506,0
2017-03-07,18.482,18.482,17.1,17.962,2471,0
2017-03-08,17.98,17.98,17.125,17.256,3624,0
2017-03-09,17,17.88,17,17.56,3601,0
2017-03-10,17.51,17.644,17.51,17.51,2636,0
2017-03-13,17.2501,17.2845,17.2501,17.2845,1742,0
2017-03-14,17.0024,17.6604,17.0024,17.6604,577,0
2017-03-15,17,17.2428,16.5333,16.65,2237,0
2017-03-16,16.68,17.87,16.01,17.204,71063,0
2017-03-17,16.52,16.95,15.01,16.95,21028,0
2017-03-20,15.29,17.32,15.29,16.23,1478,0
2017-03-21,17.1499,17.1499,15.531,16.548,1351,0
2017-03-22,16.84,16.84,16.01,16.285,411,0
2017-03-23,16.827,16.827,16.827,16.827,104,0
2017-03-24,16.3098,18.24,16.1001,16.68,61892,0
2017-03-27,17.99,17.99,15.34,15.8,27772,0
2017-03-28,16.04,16.5,15.53,15.53,18765,0
2017-03-29,16.5,16.5,15.7137,15.75,7364,0
2017-03-30,15.79,15.79,14.68,14.9562,15576,0
2017-03-31,15.05,15.05,12.25,13.49,48338,0
2017-04-03,13.65,13.65,12.5,13.32,9351,0
2017-04-04,12.65,13.44,12.65,12.7701,4981,0
2017-04-05,13.4738,13.4738,12.601,13.1,7618,0
2017-04-06,13.41,13.41,13.07,13.4,520,0
2017-04-07,12.73,13.62,12.73,13.26,3485,0
2017-04-10,13.49,14.65,13.25,14.12,7107,0
2017-04-11,14,14.69,13.7601,14.022,2399,0
2017-04-12,14.98,14.98,14,14.6,3491,0
2017-04-13,13.79,14.37,13.79,14.37,2220,0
2017-04-17,14.09,14.26,13.09,13.09,3273,0
2017-04-18,13.5,13.97,13.0801,13.71,4555,0
2017-04-19,13.08,13.5,13.08,13.1,13439,0
2017-04-20,13.12,13.795,12.85,13.35,10298,0
2017-04-21,13.77,14.21,13.4701,14.21,8911,0
2017-04-24,14.49,14.5,13.22,13.41,8085,0
2017-04-25,13.4,14.39,13.2,13.5101,2699,0
2017-04-26,13.37,13.9,13.3689,13.7,4312,0
2017-04-27,13.65,14,13.65,14,602,0
2017-04-28,14,14.3,13.37,13.37,3845,0
2017-05-01,13.55,14,13.55,13.94,1816,0
2017-05-02,13.3,14,13.1,13.98,8611,0
2017-05-03,13.28,14,13.28,13.52,8428,0
2017-05-04,13.97,13.97,13.32,13.87,1264,0
2017-05-05,13.6753,13.88,13.22,13.32,2406,0
2017-05-08,13.65,13.65,12.9,13.15,8606,0
2017-05-09,12.87,13.71,12.87,13.71,4849,0
2017-05-10,13.6,13.79,12.96,13.24,4019,0
2017-05-11,13.4,13.59,12.9,12.95,3448,0
2017-05-12,12.79,13.512,12.21,12.8,12474,0
2017-05-15,12.7,12.91,12.2,12.79,7032,0
2017-05-16,12.77,12.86,12.3,12.83,3777,0
2017-05-17,13.11,13.11,12.87,13.07,1647,0
2017-05-18,13.25,13.25,12.5331,13.2,13366,0
2017-05-19,13.1,13.12,12.5,13.08,3457,0
2017-05-22,13.08,13.74,12.04,13.73,8763,0
2017-05-23,13.7,13.7,13.33,13.7,3471,0
2017-05-24,13.42,13.42,12.65,13,15527,0
2017-05-25,12.9,13.1,12.73,13,5905,0
2017-05-26,13.03,13.03,12.51,13.03,2460,0
2017-05-30,12.99,12.99,12.59,12.66,2258,0
2017-05-31,12.93,12.93,12.41,12.9,2343,0
2017-06-01,12.2,12.95,12.2,12.8,3663,0
2017-06-02,12.95,12.95,12.62,12.94,3217,0
2017-06-05,12.95,12.99,12.4,12.99,7237,0
2017-06-06,13.03,13.8,13,13.7,19732,0
2017-06-07,13.7,14.4,13.7,14.4,9974,0
2017-06-08,12.5017,15.5,12.5017,15.17,14243,0
2017-06-09,15.44,16.355,15.44,16,8192,0
2017-06-12,14.61,15.485,13.92,13.96,9805,0
2017-06-13,15.195,15.195,15.195,15.195,338,0
2017-06-15,15.1,15.1,13.2,13.67,2448,0
2017-06-16,14.92,14.92,12,12.15,32665,0
2017-06-19,12.64,14,12.21,12.4,17261,0
2017-06-20,12.57,12.69,11.86,12.06,16689,0
2017-06-21,12.03,12.5,11.5601,12.4,13114,0
2017-06-22,12.8499,12.8499,11.91,12.18,12472,0
2017-06-23,12,12.3,11.95,11.95,8704,0
2017-06-26,12.8,12.8,11.6,11.89,18227,0
2017-06-27,12.8,12.8,11.5,11.72,29653,0
2017-06-28,12.35,12.48,11.75,11.99,12233,0
2017-06-29,11.7,12.4,11.7,12.01,6905,0
2017-06-30,12.1001,12.4568,11.86,12.25,24388,0
2017-07-03,12.165,12.9,12.165,12.7447,12641,0
2017-07-05,12.77,12.8,12.3101,12.4,12606,0
2017-07-06,12.81,12.81,12.477,12.59,4222,0
2017-07-07,12.6,12.7,12.5,12.7,6057,0
2017-07-10,12.6,12.62,12.18,12.21,17638,0
2017-07-11,12.4751,12.4751,12.21,12.44,1406,0
2017-07-12,13.11,13.11,12.95,12.95,1104,0
2017-07-13,13.03,13.04,12.908,12.908,902,0
2017-07-14,13.48,13.75,13.2,13.385,16417,0
2017-07-17,13.61,13.77,13.6001,13.7,3161,0
2017-07-18,13.699,13.699,13.46,13.65,7939,0
2017-07-19,13.2001,13.463,12.5811,13.25,2921,0
2017-07-20,12.98,13.09,12.98,13,2012,0
2017-07-21,13.68,13.6992,13.2859,13.5373,1548,0
2017-07-24,13.3552,13.3599,13.35,13.35,1043,0
2017-07-25,13.9805,13.9805,13.9805,13.9805,108,0
2017-07-26,13.9999,14.06,13.69,14.05,7451,0
2017-07-27,13.9588,14,13.9588,13.9639,1024,0
2017-07-28,13.83,13.8963,13.0131,13.79,2496,0
2017-07-31,13.787,13.79,13.787,13.7892,300,0
2017-08-01,14.0203,14.0203,13.9024,13.9024,601,0
2017-08-02,13.9999,13.9999,13.4101,13.7046,701,0
2017-08-03,13.987,13.987,13.66,13.66,330,0
2017-08-04,13.04,13.6,12.95,13.0601,7051,0
2017-08-07,13.03,13.03,12.9264,12.9264,1826,0
2017-08-08,12.92,14.1,12.8944,13.2001,3316,0
2017-08-09,12.99,12.99,12.99,12.99,130,0
2017-08-10,12.93,12.93,12.81,12.81,557,0
2017-08-14,12.83,12.925,12.83,12.89,3534,0
2017-08-15,12.86,12.86,12.53,12.53,1048,0
2017-08-16,12.56,12.56,12.1494,12.23,3460,0
2017-08-17,12.2392,12.7,12.2392,12.6866,600,0
2017-08-18,12.03,12.453,11.9336,11.95,10079,0
2017-08-21,11.97,11.97,11.001,11.5,7279,0
2017-08-22,11.15,11.6,11.121,11.5,3413,0
2017-08-23,11.01,11.8885,10,11.862,14995,0
2017-08-24,12.2241,12.449,11.6,12.449,3381,0
2017-08-25,12.93,13,12.103,12.77,10357,0
2017-08-28,12.95,12.97,12.36,12.36,4850,0
2017-08-29,12.03,13.1,12.03,12.92,1487,0
2017-08-30,12.06,12.56,11.5728,12.18,9242,0
2017-08-31,11.888,12.42,11.879,12.4115,6421,0
2017-09-01,12.4725,12.725,12.19,12.4878,5625,0
2017-09-05,12.5,12.99,11.8588,12.92,14676,0
2017-09-06,12.91,12.91,12.41,12.88,9293,0
2017-09-07,12.85,12.85,12.8,12.84,2629,0
2017-09-08,12.88,13.15,12.85,13.1,4701,0
2017-09-11,13.15,13.15,12.43,13.15,10620,0
2017-09-12,13.15,14.39,12.82,14.39,16085,0
2017-09-13,13.2,15.27,13.2,14.95,7785,0
2017-09-14,14.89,15.28,13.82,15.28,22687,0
2017-09-15,15.12,15.27,13.18,13.18,25140,0
2017-09-18,13.31,13.3727,11.9,12.13,23128,0
2017-09-19,12.15,12.54,12.15,12.19,2083,0
2017-09-20,11.86,12.2,11.658,12.1,7087,0
2017-09-21,13.08,13.08,12.01,12.29,5754,0
2017-09-22,12.72,12.72,12.05,12.52,3369,0
2017-09-25,12.25,12.27,11.85,11.86,5528,0
2017-09-26,12.1,12.1,11.93,11.93,2967,0
2017-09-27,11.76,12.2304,11.75,12.21,4421,0
2017-09-28,11.7745,12.52,11.7745,12.19,16754,0
2017-09-29,12.35,12.35,12.03,12.0751,1667,0
2017-10-02,12.21,12.3,12.142,12.2058,4400,0
2017-10-03,12.69,12.69,12.5308,12.5308,600,0
2017-10-04,12.31,12.33,12.3,12.33,848,0
2017-10-06,12.22,13.05,12.22,13.05,1151,0
2017-10-09,12.64,12.64,12.0701,12.0701,264,0
2017-10-10,12.4,13.0499,12.21,12.55,951,0
2017-10-11,12.17,12.41,12.115,12.31,2577,0
2017-10-12,12.6728,12.6728,12.3,12.3,2272,0
2017-10-13,12.33,12.384,12.33,12.384,332,0
2017-10-16,12.28,12.28,12.28,12.28,100,0
2017-10-17,12.25,12.3817,12.0273,12.25,4981,0
2017-10-18,12.15,12.15,12.15,12.15,119,0
2017-10-19,12.101,12.55,12.1001,12.39,5261,0
2017-10-20,12.12,12.3248,12.11,12.11,416,0
2017-10-23,12.35,12.35,12.35,12.35,200,0
2017-10-24,12.1484,12.1484,12.1292,12.1292,470,0
2017-10-25,12.15,12.3,12.1,12.3,3147,0
2017-10-26,12.04,12.29,12.04,12.29,530,0
2017-10-27,12.3,13,11.7,11.72,13672,0
2017-10-30,11.7,12.25,11.7,12,2791,0
2017-10-31,11.92,11.92,11.64,11.77,1775,0
2017-11-01,12.9,12.9,12.9,12.9,282,0
2017-11-02,12.39,12.4434,11.602,12.16,17946,0
2017-11-03,11.89,12.678,11.71,11.71,6487,0
2017-11-06,11.79,12.2246,11.7,11.7088,3725,0
2017-11-07,11.6,12.065,11.3445,11.64,9423,0
2017-11-08,12.0954,12.0954,11.58,11.58,4307,0
2017-11-09,11.58,11.7,11.3015,11.42,16179,0
2017-11-10,11.5166,12.31,11.31,12.31,412,0
2017-11-13,11.91,11.91,11.13,11.13,7000,0
2017-11-14,11.35,11.97,11.35,11.56,600,0
2017-11-15,11.77,12.10,11.50,11.53,1800,0
2017-11-16,11.70,11.77,11.70,11.77,400,0
2017-11-17,11.59,12.08,11.16,11.32,3900,0
2017-11-20,11.32,11.32,11.32,11.32,-,0
2017-11-21,11.20,11.20,10.86,10.86,900,0
2017-11-22,11.94,11.94,11.00,11.00,4300,0
2017-11-24,11.00,11.00,10.98,10.98,300,0
2017-11-27,11.19,11.19,11.19,11.19,600,0
2017-11-28,11.24,11.78,10.82,10.82,5900,0
2017-11-29,11.38,11.80,10.83,11.37,3600,0
2017-11-30,11.35,11.50,11.00,11.00,1400,0
2017-12-01,11.00,11.00,11.00,11.00,-,0
2017-12-04,11.47,11.47,11.47,11.47,100,0
2017-12-05,10.77,11.14,10.77,11.14,700,0
2017-12-06,11.47,11.47,11.06,11.06,500,0
2017-12-07,11.36,11.47,10.60,11.46,3600,0
2017-12-08,11.15,11.45,11.07,11.24,2100,0
2017-12-11,11.00,11.15,10.75,11.15,2000,0
2017-12-12,11.17,11.38,10.59,11.38,5000,0
2017-12-13,11.20,11.38,11.01,11.01,6500,0
2017-12-14,11.24,11.50,10.94,11.36,11000,0
2017-12-15,12.00,12.00,11.40,11.67,10000,0
2017-12-18,11.72,11.72,11.07,11.36,13900,0
2017-12-19,11.51,12.99,11.34,12.53,26500,0
2017-12-20,12.55,12.75,12.55,12.60,3800,0
2017-12-21,12.75,16.00,12.58,14.30,44400,0
2017-12-22,15.50,15.53,12.33,13.65,26500,0
2017-12-26,14.19,14.19,13.50,13.70,9000,0
2017-12-27,12.96,13.60,12.96,13.35,14500,0
2017-12-28,13.35,13.35,12.98,13.00,3500,0
2017-12-29,12.89,13.86,12.86,12.99,8000,0
2018-01-02,12.98,13.18,12.00,12.88,25800,0
2018-01-03,13.05,13.19,13.01,13.01,2000,0
2018-01-04,12.45,13.32,12.45,12.70,3000,0
2018-01-05,12.70,12.90,11.85,12.51,1800,0
2018-01-08,12.85,13.55,12.66,13.25,6700,0
2018-01-09,12.79,13.28,12.79,12.80,7700,0
2018-01-10,13.00,13.28,12.66,12.80,6700,0
2018-01-11,13.24,13.28,13.01,13.25,7800,0
2018-01-12,13.26,13.50,12.64,13.31,12300,0
2018-01-16,13.38,14.65,13.30,14.47,32200,0
2018-01-17,14.45,16.25,14.22,16.25,28400,0
2018-01-18,16.29,18.00,16.03,16.70,21000,0
2018-01-19,16.80,17.49,16.02,17.49,4400,0
2018-01-22,17.69,17.91,16.49,16.49,7200,0
2018-01-23,16.94,16.94,16.03,16.50,18700,0
2018-01-24,16.98,16.98,14.19,16.60,20300,0
2018-01-25,16.00,16.00,15.04,15.68,5500,0
2018-01-26,15.00,15.86,15.00,15.59,6800,0
2018-01-29,15.54,15.54,14.62,14.95,4200,0
2018-01-30,15.20,16.05,14.16,15.01,7300,0
2018-01-31,14.89,16.00,14.84,15.32,4500,0
2018-02-01,15.35,15.39,14.77,14.95,2400,0
2018-02-02,14.54,15.36,14.51,14.60,3800,0
2018-02-05,14.67,14.67,14.10,14.28,4700,0
2018-02-06,14.13,14.13,13.04,13.20,8800,0
2018-02-07,13.65,13.65,12.52,12.99,8100,0
2018-02-08,13.00,13.00,12.35,12.50,600,0
2018-02-09,12.48,12.72,11.03,12.35,42800,0
2018-02-12,12.21,13.80,12.21,13.10,16200,0
2018-02-13,12.65,12.68,11.86,11.92,16400,0
2018-02-14,12.50,12.50,11.66,12.39,3800,0
2018-02-15,13.00,13.30,11.79,12.63,17800,0
2018-02-16,12.50,12.52,12.18,12.31,2100,0
2018-02-20,12.31,13.05,11.15,12.30,56800,0
2018-02-21,11.77,12.26,11.77,12.12,5000,0
2018-02-22,12.26,12.49,11.90,12.13,4100,0
2018-02-23,12.11,12.11,11.80,11.88,3800,0
2018-02-26,11.75,11.98,11.45,11.80,4400,0
2018-02-27,12.02,12.02,11.51,11.51,3200,0
2018-02-28,11.73,11.73,11.15,11.15,10200,0
2018-03-01,11.03,11.09,10.28,10.85,15500,0
2018-03-02,10.66,10.78,10.15,10.50,11000,0
2018-03-05,10.56,10.56,9.01,9.85,18500,0
2018-03-06,9.61,9.75,8.70,8.85,53200,0
2018-03-07,8.90,9.06,8.35,8.62,79100,0
2018-03-08,8.68,8.68,8.05,8.29,6200,0
2018-03-09,8.24,8.93,7.75,8.88,65300,0
2018-03-12,8.64,8.86,8.40,8.85,6300,0
2018-03-13,8.60,8.60,6.15,6.69,86800,0
2018-03-14,6.99,7.70,6.09,6.28,232000,0
2018-03-15,6.28,6.50,4.81,5.00,215600,0
2018-03-16,4.99,6.36,4.62,5.60,252300,0
2018-03-19,5.54,5.91,5.37,5.71,43300,0
2018-03-20,5.99,6.07,5.40,5.68,29700,0
2018-03-21,5.64,6.38,5.24,6.01,81400,0
2018-03-22,5.94,7.74,5.94,7.60,131700,0
2018-03-23,7.80,9.22,7.80,9.22,191800,0
2018-03-26,9.30,9.50,8.04,8.94,78600,0
2018-03-27,8.87,9.48,8.23,8.45,38100,0
2018-03-28,8.38,8.80,8.05,8.30,16600,0
2018-03-29,8.25,8.40,7.70,8.20,17200,0
2018-04-02,8.15,8.74,7.95,8.15,12200,0
2018-04-03,8.38,8.38,7.77,7.89,7300,0
2018-04-04,7.81,7.81,7.20,7.25,18000,0
2018-04-05,7.28,8.34,6.61,8.30,32100,0
2018-04-06,8.23,8.36,7.56,7.75,11100,0
2018-04-09,7.62,8.59,7.53,7.70,18217,0