Date,Open,High,Low,Close,Volume,OpenInt
2017-08-21,9.81,9.81,9.7,9.7,58682,0
2017-08-22,9.7,9.7,9.7,9.7,27295,0
2017-08-24,9.7,9.7,9.7,9.7,10025,0
2017-08-25,9.7,9.7131,9.7,9.7131,29800,0
2017-08-28,9.72,9.72,9.71,9.71,9277,0
2017-08-29,9.71,9.72,9.71,9.72,150000,0
2017-08-30,9.72,9.72,9.72,9.72,1700,0
2017-09-01,9.7299,9.7299,9.7299,9.7299,925,0
2017-09-05,9.7299,9.83,9.7299,9.75,12700,0
2017-09-06,9.73,9.73,9.73,9.73,500,0
2017-09-07,9.73,9.74,9.72,9.72,102000,0
2017-09-08,9.73,9.73,9.72,9.72,251000,0
2017-09-11,9.7354,9.76,9.7291,9.76,199250,0
2017-09-12,9.76,9.76,9.7583,9.76,301,0
2017-09-13,9.65,9.79,9.65,9.77,800,0
2017-09-14,9.74,9.74,9.74,9.74,500,0
2017-09-15,9.77,9.78,9.72,9.78,121583,0
2017-09-18,9.7799,9.7799,9.73,9.76,832,0
2017-09-19,9.73,9.74,9.73,9.73,16976,0
2017-09-20,9.79,9.79,9.73,9.7356,23950,0
2017-09-21,9.73,9.731,9.73,9.73,6278,0
2017-09-22,9.752,9.752,9.73,9.73,401,0
2017-09-25,9.73,9.74,9.73,9.74,5699,0
2017-09-26,9.73,9.73,9.73,9.73,4900,0
2017-09-27,9.73,9.75,9.7284,9.75,63554,0
2017-09-28,9.74,9.79,9.74,9.78,67188,0
2017-10-02,9.79,9.79,9.7705,9.7705,800,0
2017-10-03,9.77,9.77,9.76,9.76,200,0
2017-10-09,9.76,9.76,9.75,9.75,2150,0
2017-10-10,9.75,9.75,9.75,9.75,2557,0
2017-10-11,9.74,9.78,9.74,9.76,452575,0
2017-10-12,9.77,9.772,9.77,9.772,500,0
2017-10-13,9.77,9.77,9.77,9.77,1100,0
2017-10-16,9.7654,9.7654,9.7654,9.7654,400,0
2017-10-17,9.76,9.76,9.74,9.76,6100,0
2017-10-19,9.74,9.81,9.74,9.76,248201,0
2017-10-20,9.75,9.8058,9.75,9.8058,52382,0
2017-10-23,9.75,9.8,9.75,9.75,101200,0
2017-10-24,9.74,9.8,9.74,9.8,1400,0
2017-10-25,9.74,9.8,9.74,9.8,50100,0
2017-10-26,9.76,9.78,9.74,9.74,106100,0
2017-10-27,9.7365,9.75,9.73,9.7416,10850,0
2017-10-30,9.75,9.75,9.7207,9.75,2800,0
2017-10-31,9.72,9.75,9.71,9.75,319800,0
2017-11-01,9.73,9.73,9.73,9.73,2000,0
2017-11-02,9.7311,9.7311,9.7311,9.7311,100,0
2017-11-03,9.7307,9.7307,9.7307,9.7307,700,0
2017-11-06,9.72,9.72,9.72,9.72,100000,0
2017-11-07,9.72,9.72,9.72,9.72,1741,0
2017-11-08,9.73,9.73,9.71,9.71,70900,0
2017-11-09,9.71,9.71,9.7,9.7052,197475,0
2017-11-10,9.69,9.715,9.69,9.71,30200,0
2017-11-13,9.71,9.71,9.69,9.69,79900,0
2017-11-14,9.69,9.70,9.68,9.69,199600,0
2017-11-15,9.69,9.69,9.69,9.69,-,0
2017-11-16,9.69,9.69,9.68,9.68,23900,0
2017-11-17,9.68,9.71,9.68,9.71,123300,0
2017-11-20,9.75,9.75,9.68,9.69,4100,0
2017-11-21,9.70,9.70,9.70,9.70,98000,0
2017-11-22,9.70,9.70,9.70,9.70,-,0
2017-11-24,9.70,9.70,9.70,9.70,-,0
2017-11-27,9.75,9.75,9.75,9.75,200,0
2017-11-28,9.75,9.75,9.75,9.75,-,0
2017-11-29,9.75,9.75,9.70,9.70,20500,0
2017-11-30,9.70,9.70,9.70,9.70,19900,0
2017-12-01,2430.54,2432.21,2392.19,9.70,417906500,0
2017-12-04,9.70,9.70,9.70,9.70,-,0
2017-12-05,9.72,9.74,9.72,9.74,22200,0
2017-12-06,9.74,9.74,9.74,9.74,100,0
2017-12-07,9.74,9.74,9.74,9.74,-,0
2017-12-08,9.74,9.74,9.74,9.74,-,0
2017-12-11,9.74,9.74,9.74,9.74,-,0
2017-12-12,9.74,9.74,9.74,9.74,-,0
2017-12-13,9.73,9.73,9.72,9.73,8000,0
2017-12-14,9.73,9.73,9.73,9.73,-,0
2017-12-15,9.72,9.74,9.68,9.74,1600,0
2017-12-18,9.70,9.70,9.70,9.70,1100,0
2017-12-19,9.69,9.69,9.68,9.68,3500,0
2017-12-20,9.68,9.68,9.68,9.68,-,0
2017-12-21,9.70,9.70,9.69,9.69,4800,0
2017-12-22,9.69,9.69,9.69,9.69,-,0
2017-12-26,9.69,9.69,9.69,9.69,-,0
2017-12-27,9.72,9.72,9.72,9.72,500,0
2017-12-28,9.72,9.75,9.72,9.75,1300,0
2017-12-29,9.75,9.75,9.75,9.75,-,0
2018-01-02,9.74,9.75,9.74,9.74,51900,0
2018-01-03,9.74,9.74,9.72,9.74,126600,0
2018-01-04,9.74,9.74,9.74,9.74,200,0
2018-01-05,9.74,9.74,9.74,9.74,-,0
2018-01-08,9.74,9.74,9.74,9.74,-,0
2018-01-09,9.74,9.74,9.74,9.74,-,0
2018-01-10,9.71,9.74,9.68,9.69,30100,0
2018-01-11,9.76,9.76,9.76,9.76,100,0
2018-01-12,9.69,9.74,9.69,9.74,69200,0
2018-01-16,9.77,9.77,9.74,9.74,16900,0
2018-01-17,9.77,9.77,9.74,9.74,30600,0
2018-01-18,9.77,9.77,9.77,9.77,100,0
2018-01-19,9.77,9.82,9.75,9.82,42000,0
2018-01-22,9.82,9.82,9.73,9.75,303500,0
2018-01-23,9.75,9.82,9.70,9.82,19300,0
2018-01-24,9.76,9.82,9.76,9.82,3800,0
2018-01-25,9.79,9.80,9.78,9.78,301000,0
2018-01-26,9.78,9.78,9.78,9.78,-,0
2018-01-29,9.79,9.79,9.79,9.79,322000,0
2018-01-30,9.85,9.85,9.79,9.82,5200,0
2018-01-31,9.80,9.82,9.80,9.82,2700,0
2018-02-01,9.80,9.82,9.80,9.81,4100,0
2018-02-02,9.78,9.80,9.70,9.80,129300,0
2018-02-05,9.80,9.80,9.80,9.80,-,0
2018-02-06,9.79,9.81,9.70,9.80,128200,0
2018-02-07,9.80,9.80,9.80,9.80,-,0
2018-02-08,9.71,9.75,9.68,9.75,302300,0
2018-02-09,9.73,9.76,9.73,9.76,565900,0
2018-02-12,9.74,9.77,9.74,9.77,2600,0
2018-02-13,9.77,9.77,9.77,9.77,-,0
2018-02-14,9.74,9.78,9.74,9.78,123000,0
2018-02-15,9.74,9.74,9.74,9.74,8500,0
2018-02-16,9.74,9.74,9.74,9.74,300,0
2018-02-20,9.76,9.78,9.76,9.78,2000,0
2018-02-21,9.78,9.78,9.78,9.78,-,0
2018-02-22,9.80,9.80,9.80,9.80,300,0
2018-02-23,9.80,9.81,9.80,9.80,4100,0
2018-02-26,9.80,9.80,9.80,9.80,2400,0
2018-02-27,9.80,9.80,9.76,9.76,1065200,0
2018-02-28,9.82,9.82,9.77,9.78,155700,0
2018-03-01,9.82,9.83,9.82,9.82,3000,0
2018-03-02,9.76,9.76,9.76,9.76,1000,0
2018-03-05,9.78,9.84,9.78,9.84,5200,0
2018-03-06,9.78,9.82,9.78,9.82,200200,0
2018-03-07,9.82,9.82,9.82,9.82,535800,0
2018-03-08,9.82,9.82,9.82,9.82,37900,0
2018-03-09,9.82,9.82,9.82,9.82,-,0
2018-03-12,9.80,9.80,9.76,9.76,4000,0
2018-03-13,9.76,9.76,9.76,9.76,-,0
2018-03-14,9.82,9.82,9.76,9.76,73800,0
2018-03-15,9.82,9.82,9.77,9.77,2900,0
2018-03-16,9.79,9.79,9.77,9.77,1800,0
2018-03-19,9.76,9.76,9.76,9.76,60100,0
2018-03-20,9.79,9.80,9.75,9.75,3700,0
2018-03-21,9.76,9.76,9.75,9.76,8300,0
2018-03-22,9.76,9.84,9.76,9.76,64100,0
2018-03-23,9.76,9.83,9.76,9.77,3000,0
2018-03-26,9.77,9.77,9.77,9.77,-,0
2018-03-27,9.80,9.80,9.78,9.78,12000,0
2018-03-28,9.78,9.82,9.77,9.82,5500,0
2018-03-29,9.81,9.82,9.81,9.81,12300,0
2018-04-02,9.80,9.80,9.80,9.80,60100,0
2018-04-03,9.82,9.82,9.80,9.80,12000,0
2018-04-04,9.80,9.80,9.80,9.80,-,0
2018-04-05,9.85,9.85,9.81,9.81,5900,0
2018-04-06,9.84,9.85,9.84,9.85,2000,0
2018-04-09,24037.52,24373.18,24037.52,24064.38,277127956,0