Date,Open,High,Low,Close,Volume,OpenInt
2017-04-24,26.906,26.989,26.88,26.88,864,0
2017-04-26,27.21,27.21,27.21,27.21,200,0
2017-05-01,27.05,27.05,27.04,27.05,1150,0
2017-05-09,27.54,27.76,27.54,27.7599,800,0
2017-05-19,27.85,27.85,27.72,27.72,400,0
2017-05-23,27.87,27.87,27.87,27.87,555,0
2017-06-07,28.0999,28.12,28.0775,28.12,3649,0
2017-06-08,28.04,28.04,28.0395,28.0395,362,0
2017-06-09,28.1591,28.1591,28.1591,28.1591,325,0
2017-06-12,28,28.05,28,28,1000,0
2017-06-13,28.0845,28.0845,28.0845,28.0845,200,0
2017-06-14,28.27,28.27,28.1699,28.17,1260,0
2017-06-16,28.07,28.17,28.07,28.17,325,0
2017-06-20,28.195,28.2,28.195,28.2,712,0
2017-06-21,28.12,28.12,28.11,28.11,570,0
2017-06-22,28.0745,28.0745,28.0745,28.0745,113,0
2017-06-26,28.16,28.1699,28.142,28.16,2414,0
2017-06-28,27.8399,27.8399,27.83,27.83,330,0
2017-06-29,27.44,27.44,27.31,27.31,213,0
2017-07-03,27.54,27.56,27.52,27.53,1000,0
2017-07-06,27.23,27.23,27.23,27.23,100,0
2017-07-10,27.47,27.47,27.4453,27.4453,404,0
2017-07-17,27.86,27.8699,27.8277,27.8586,2344,0
2017-07-18,27.7188,27.7224,27.7188,27.7224,645,0
2017-07-20,27.794,27.99,27.77,27.9611,4846,0
2017-07-21,27.7,27.7,27.7,27.7,172,0
2017-07-24,27.51,27.54,27.48,27.54,976,0
2017-07-27,27.94,27.94,27.81,27.81,846,0
2017-07-31,27.479,27.479,27.479,27.479,117,0
2017-08-03,27.775,27.775,27.775,27.775,202,0
2017-08-07,27.9599,27.9599,27.9158,27.9158,489,0
2017-08-14,27.725,27.725,27.725,27.725,100,0
2017-08-15,27.735,27.74,27.735,27.74,289,0
2017-09-05,27.47,27.47,27.47,27.47,303,0
2017-09-11,28.123,28.123,28.123,28.123,188,0
2017-09-15,27.99,27.99,27.99,27.99,187,0
2017-09-26,28.1466,28.1466,28.1389,28.1389,779,0
2017-09-27,28.2177,28.2177,28.2177,28.2177,299,0
2017-10-02,28.66,28.66,28.66,28.66,656,0
2017-10-06,28.8,28.8,28.5,28.5,400,0
2017-10-10,28.7465,28.7465,28.7465,28.7465,196,0
2017-10-16,28.775,28.775,28.775,28.775,196,0
2017-10-19,28.75,28.835,28.75,28.835,386,0
2017-10-20,28.82,28.8399,28.82,28.8399,1735,0
2017-10-24,28.81,28.81,28.7808,28.7808,268,0
2017-10-26,28.8501,28.99,28.8501,28.99,535,0
2017-10-30,29.102,29.21,29.102,29.21,683,0
2017-11-01,29.2301,29.2301,29.2301,29.2301,200,0
2017-11-03,29.4199,29.42,29.4199,29.42,324,0
2017-11-06,29.291,29.43,29.291,29.42,2752,0
2017-11-07,29.45,29.45,29.45,29.45,300,0
2017-11-09,28.85,28.85,28.85,28.85,200,0
2017-11-14,28.85,28.85,28.85,28.85,-,0
2017-11-15,28.85,28.85,28.85,28.85,-,0
2017-11-16,28.81,28.81,28.81,28.81,200,0
2017-11-17,28.81,28.81,28.81,28.81,-,0
2017-11-20,28.81,28.81,28.81,28.81,-,0
2017-11-21,28.81,28.81,28.81,28.81,-,0
2017-11-22,28.81,28.81,28.81,28.81,-,0
2017-11-24,28.83,28.83,28.64,28.65,3500,0
2017-11-27,28.65,28.65,28.65,28.65,-,0
2017-11-28,28.65,28.65,28.65,28.65,-,0
2017-11-29,28.65,28.65,28.65,28.65,-,0
2017-11-30,28.65,28.65,28.65,28.65,-,0
2017-12-01,28.75,28.75,28.71,28.71,300,0
2017-12-04,28.71,28.71,28.71,28.71,-,0
2017-12-05,28.71,28.71,28.71,28.71,-,0
2017-12-06,28.71,28.71,28.71,28.71,-,0
2017-12-07,28.71,28.71,28.71,28.71,-,0
2017-12-08,28.99,28.99,28.99,28.99,900,0
2017-12-11,28.99,28.99,28.99,28.99,-,0
2017-12-12,28.99,28.99,28.99,28.99,-,0
2017-12-13,29.01,29.01,28.89,28.89,700,0
2017-12-14,28.89,28.89,28.89,28.89,-,0
2017-12-15,28.86,28.86,28.86,28.86,200,0
2017-12-18,29.02,29.02,29.02,29.02,100,0
2017-12-19,29.02,29.02,29.02,29.02,-,0
2017-12-20,29.02,29.02,29.02,29.02,-,0
2017-12-21,29.02,29.02,29.02,29.02,-,0
2017-12-22,29.02,29.02,29.02,29.02,-,0
2017-12-26,28.27,28.27,28.24,28.27,6200,0
2017-12-27,28.27,28.27,28.27,28.27,-,0
2017-12-28,28.27,28.27,28.27,28.27,-,0
2017-12-29,28.27,28.27,28.27,28.27,-,0
2018-01-02,28.27,28.27,28.27,28.27,-,0
2018-01-03,29.58,29.58,28.43,28.44,1000,0
2018-01-04,28.44,28.44,28.44,28.44,-,0
2018-01-05,28.44,28.44,28.44,28.44,-,0
2018-01-08,28.44,28.44,28.44,28.44,-,0
2018-01-09,29.03,29.03,29.03,29.03,500,0
2018-01-10,28.88,28.88,28.78,28.78,600,0
2018-01-11,28.66,28.66,28.66,28.66,200,0
2018-01-12,28.85,28.85,28.85,28.85,600,0
2018-01-16,28.98,28.98,28.88,28.88,300,0
2018-01-17,28.84,28.98,28.82,28.98,700,0
2018-01-18,28.86,28.86,28.57,28.86,6700,0
2018-01-19,28.95,29.06,28.88,29.06,800,0
2018-01-22,29.06,29.06,29.06,29.06,300,0
2018-01-23,29.04,29.04,29.04,29.04,200,0
2018-01-24,29.04,29.04,29.04,29.04,-,0
2018-01-25,28.75,28.75,28.75,28.75,200,0
2018-01-26,28.75,28.75,28.75,28.75,-,0
2018-01-29,28.75,28.75,28.75,28.75,-,0
2018-01-30,28.75,28.75,28.75,28.75,-,0
2018-01-31,28.40,28.40,28.40,28.40,2000,0
2018-02-01,28.38,28.38,28.38,28.38,200,0
2018-02-02,27.89,27.89,27.89,27.89,3300,0
2018-02-05,27.69,27.69,27.57,27.57,3500,0
2018-02-06,27.04,27.04,27.04,27.04,900,0
2018-02-07,27.04,27.04,27.04,27.04,-,0
2018-02-08,27.06,27.06,26.78,26.78,1100,0
2018-02-09,26.80,26.80,26.58,26.77,1100,0
2018-02-12,26.77,26.77,26.77,26.77,-,0
2018-02-13,26.77,26.77,26.77,26.77,-,0
2018-02-14,26.99,27.00,26.99,26.99,2500,0
2018-02-15,26.99,26.99,26.99,26.99,-,0
2018-02-16,27.38,27.52,27.38,27.52,1000,0
2018-02-20,27.52,27.52,27.52,27.52,-,0
2018-02-21,27.31,27.50,27.31,27.50,1700,0
2018-02-22,27.33,27.33,27.33,27.33,200,0
2018-02-23,27.32,27.32,27.32,27.32,400,0
2018-02-26,27.32,27.32,27.32,27.32,-,0
2018-02-27,27.32,27.32,27.32,27.32,-,0
2018-02-28,27.32,27.32,27.32,27.32,-,0
2018-03-01,27.32,27.32,27.32,27.32,-,0
2018-03-02,26.82,26.82,26.82,26.82,200,0
2018-03-05,26.82,26.82,26.82,26.82,-,0
2018-03-06,27.07,27.07,27.07,27.07,300,0
2018-03-07,27.07,27.07,27.07,27.07,-,0
2018-03-08,27.07,27.07,27.07,27.07,-,0
2018-03-09,27.07,27.07,27.07,27.07,-,0
2018-03-12,27.60,27.60,27.60,27.60,500,0
2018-03-13,27.60,27.60,27.60,27.60,-,0
2018-03-14,27.60,27.60,27.60,27.60,-,0
2018-03-15,27.60,27.60,27.60,27.60,-,0
2018-03-16,27.60,27.60,27.60,27.60,-,0
2018-03-19,27.60,27.60,27.60,27.60,-,0
2018-03-20,27.60,27.60,27.60,27.60,-,0
2018-03-21,26.94,26.94,26.94,26.94,200,0
2018-03-22,26.80,26.80,26.80,26.80,1000,0
2018-03-23,26.83,26.84,26.80,26.80,800,0
2018-03-26,26.80,26.80,26.80,26.80,-,0
2018-03-27,26.80,26.80,26.80,26.80,-,0
2018-03-28,26.80,26.80,26.80,26.80,-,0
2018-03-29,27.11,27.13,27.11,27.13,300,0
2018-04-02,27.13,27.13,27.13,27.13,-,0
2018-04-03,27.02,27.02,26.96,26.96,200,0
2018-04-04,26.96,26.96,26.96,26.96,-,0
2018-04-05,26.96,26.96,26.96,26.96,-,0
2018-04-06,27.51,27.51,27.51,27.51,200,0
2018-04-06,27.51,27.51,27.51,27.51,98,0