Date,Open,High,Low,Close,Volume,OpenInt
2017-08-17,11.643,11.992,11.209,11.423,1204852,0
2017-08-18,11.693,11.942,11.503,11.693,631199,0
2017-08-21,11.843,11.982,11.593,11.823,287996,0
2017-08-22,11.823,11.952,11.765,11.823,224627,0
2017-08-23,11.972,11.972,11.724,11.833,146838,0
2017-08-24,11.892,11.932,11.733,11.863,164267,0
2017-08-25,11.863,12.212,11.844,12.191,235722,0
2017-08-28,12.422,12.592,11.853,12.342,431788,0
2017-08-29,12.692,12.692,12.222,12.542,325313,0
2017-08-30,12.432,12.629,12.292,12.472,221996,0
2017-08-31,12.632,13.132,12.502,13.052,315719,0
2017-09-01,13.242,13.481,12.992,13.282,414194,0
2017-09-05,13.392,13.701,13.192,13.581,863593,0
2017-09-06,13.681,13.721,12.492,13.242,682671,0
2017-09-07,13.491,13.54,12.862,13.082,701331,0
2017-09-08,12.992,13.182,12.814,12.882,293774,0
2017-09-11,12.632,12.922,12.342,12.812,404149,0
2017-09-12,12.732,13.134,12.592,13.062,328019,0
2017-09-13,13.072,13.072,12.692,12.842,234514,0
2017-09-14,12.742,13.272,12.652,13.142,652363,0
2017-09-15,13.202,13.342,12.792,13.142,1095735,0
2017-09-18,12.932,12.932,12.643,12.792,403901,0
2017-09-19,12.692,13.012,12.592,13.012,317806,0
2017-09-20,13.042,13.332,12.762,12.992,486439,0
2017-09-21,12.892,13.215,12.674,13.052,293601,0
2017-09-22,13.132,13.392,13.066,13.152,421147,0
2017-09-25,13.142,13.322,12.942,13.142,394039,0
2017-09-26,13.142,13.181,12.821,12.852,336996,0
2017-09-27,12.742,12.87,12.312,12.692,395995,0
2017-09-28,12.65,13.11,12.59,13.01,279002,0
2017-09-29,12.99,13.14,12.86,12.92,377801,0
2017-10-02,12.9,13.11,12.732,13.08,336096,0
2017-10-03,13.11,13.74,13.11,13.46,675635,0
2017-10-04,13.5,13.6,13.39,13.54,508751,0
2017-10-05,13.58,13.6199,13.1085,13.16,766168,0
2017-10-06,13.23,13.975,13.1,13.94,781543,0
2017-10-09,14.69,15.19,14.49,14.72,733825,0
2017-10-10,14.77,14.833,14.49,14.68,607170,0
2017-10-11,14.8,14.89,14.1667,14.89,425720,0
2017-10-12,14.3,14.34,13.15,13.52,1534339,0
2017-10-13,13.56,13.56,12.76,13.19,1011993,0
2017-10-16,13.2,13.22,13,13.11,379389,0
2017-10-17,12.95,13.54,12.95,13.32,509185,0
2017-10-18,13.28,13.36,13.19,13.34,427587,0
2017-10-19,13.44,13.54,13.08,13.42,506788,0
2017-10-20,13.3,13.35,12.89,13,465593,0
2017-10-23,12.9,12.91,12.57,12.84,540121,0
2017-10-24,12.69,12.84,11.92,12,906500,0
2017-10-25,12.27,12.27,11.52,11.72,1113663,0
2017-10-26,11.71,11.99,11.6,11.68,706137,0
2017-10-27,11.63,11.98,11.545,11.91,294482,0
2017-10-30,11.87,11.994,11.665,11.91,438064,0
2017-10-31,11.84,11.93,11.67,11.77,347128,0
2017-11-01,11.8,12.55,11.79,12.4,4144049,0
2017-11-02,12.6,13.61,12.51,13.27,1110686,0
2017-11-03,13.45,13.45,13.05,13.16,369280,0
2017-11-06,13.31,13.9717,13.26,13.64,613511,0
2017-11-07,13.98,14.78,13.98,14.56,966201,0
2017-11-08,14.84,14.9,14.591,14.69,509061,0
2017-11-09,14.75,14.99,14.3,14.51,689814,0
2017-11-10,14.51,14.58,14.08,14.4,407917,0
2017-11-15,14.150,14.270,13.830,13.960,479500,0
2017-11-16,13.870,14.160,13.860,14.030,377700,0
2017-11-17,14.060,14.219,13.980,14.120,394600,0
2017-11-20,14.130,14.160,13.760,13.950,632500,0
2017-11-21,14.030,14.110,13.790,13.890,340500,0
2017-11-22,13.960,13.980,13.560,13.740,527700,0
2017-11-24,13.680,14.030,13.680,13.960,289100,0
2017-11-27,14.340,14.919,14.260,14.750,919600,0
2017-11-28,14.770,14.890,14.570,14.660,527000,0
2017-11-29,14.620,14.620,14.120,14.220,462000,0
2017-11-30,14.050,14.493,13.940,14.300,810200,0
2017-12-01,14.410,14.700,14.070,14.440,614100,0
2017-12-04,14.380,14.490,14.190,14.210,390500,0
2017-12-05,14.180,14.370,14.002,14.070,347300,0
2017-12-06,13.890,14.080,13.380,13.620,888100,0
2017-12-07,13.330,13.780,13.261,13.650,491900,0
2017-12-08,13.650,14.030,13.470,13.920,356100,0
2017-12-11,13.900,13.900,13.030,13.270,618100,0
2017-12-12,13.250,13.669,13.210,13.660,581000,0
2017-12-13,13.620,14.510,13.580,14.210,779100,0
2017-12-14,14.200,14.200,13.660,13.750,378900,0
2017-12-15,13.820,13.900,13.250,13.270,1264800,0
2017-12-18,13.490,13.650,13.420,13.470,478000,0
2017-12-19,13.570,14.365,13.570,14.300,675900,0
2017-12-20,14.330,14.640,14.250,14.580,508400,0
2017-12-21,14.650,15.110,14.450,14.670,623400,0
2017-12-22,14.640,14.990,14.630,14.730,381200,0
2017-12-26,14.950,15.210,14.101,15.040,540200,0
2017-12-27,15.100,15.180,14.840,15.160,510200,0
2017-12-28,15.280,15.350,15.160,15.250,388300,0
2017-12-29,15.310,15.420,15.020,15.360,673000,0
2018-01-02,15.570,16.160,15.520,16.050,934900,0
2018-01-03,16.080,16.230,15.780,16.070,1192400,0
2018-01-04,15.930,16.370,15.690,16.330,784900,0
2018-01-05,16.310,16.760,16.160,16.520,572400,0
2018-01-08,16.400,16.490,15.950,16.250,475100,0
2018-01-09,16.170,16.170,15.645,15.880,775900,0
2018-01-10,15.880,16.370,15.770,16.030,675900,0
2018-01-11,16.180,16.290,15.850,15.920,455700,0
2018-01-12,16.080,16.350,15.940,16.120,552200,0
2018-01-16,16.340,16.830,16.120,16.740,726600,0
2018-01-17,16.740,16.890,16.530,16.690,766400,0
2018-01-18,16.530,16.570,15.810,16.040,1016500,0
2018-01-19,16.090,16.400,15.900,15.930,632500,0
2018-01-22,15.930,15.930,15.290,15.680,657500,0
2018-01-23,15.500,16.260,15.360,16.190,426100,0
2018-01-24,16.440,16.460,15.880,16.130,947200,0
2018-01-25,16.230,16.230,15.520,15.600,926300,0
2018-01-26,15.720,15.800,15.500,15.730,493000,0
2018-01-29,15.610,15.640,14.870,14.930,1106700,0
2018-01-30,14.860,15.100,14.650,14.820,620800,0
2018-01-31,14.990,15.280,14.670,15.090,572300,0
2018-02-01,15.000,15.335,14.873,15.240,533300,0
2018-02-02,14.850,14.980,14.200,14.240,1062200,0
2018-02-05,14.240,14.570,13.680,14.050,1133900,0
2018-02-06,13.860,14.100,13.480,13.500,898000,0
2018-02-07,13.400,14.130,13.400,13.840,713200,0
2018-02-08,13.860,14.210,13.530,13.910,740300,0
2018-02-09,14.080,14.120,13.094,13.290,1020400,0
2018-02-12,13.330,13.860,13.210,13.650,898200,0
2018-02-13,13.800,13.900,13.350,13.830,456500,0
2018-02-14,13.990,15.160,13.948,15.040,1155800,0
2018-02-15,15.040,15.270,14.460,15.240,989500,0
2018-02-16,15.090,15.300,14.530,14.860,741600,0
2018-02-20,14.500,14.700,14.070,14.190,727800,0
2018-02-21,15.290,15.990,15.280,15.370,1867800,0
2018-02-22,15.670,15.990,15.470,15.910,758800,0
2018-02-23,15.930,15.940,15.110,15.600,765700,0
2018-02-26,15.850,16.080,15.741,16.050,553100,0
2018-02-27,15.840,16.210,15.680,16.070,771000,0
2018-02-28,16.100,16.310,15.695,15.720,687900,0
2018-03-01,15.500,16.170,15.207,15.840,984400,0
2018-03-02,15.950,16.170,15.755,15.800,558900,0
2018-03-05,15.850,16.070,15.460,15.650,657400,0
2018-03-06,15.920,16.330,15.840,16.150,677800,0
2018-03-07,16.150,16.230,15.620,15.750,609800,0
2018-03-08,15.780,15.900,15.370,15.640,584600,0
2018-03-09,15.480,15.880,15.410,15.570,458400,0
2018-03-12,15.590,15.860,15.320,15.630,780500,0
2018-03-13,15.650,15.830,15.440,15.710,594600,0
2018-03-14,15.700,15.700,15.320,15.480,426200,0
2018-03-15,15.330,15.370,14.960,14.960,828200,0
2018-03-16,14.990,14.990,14.610,14.680,2634400,0
2018-03-19,14.700,15.030,14.560,14.980,988700,0
2018-03-20,14.790,15.240,14.740,15.020,568900,0
2018-03-21,15.270,15.850,15.160,15.700,700400,0
2018-03-22,15.640,15.650,15.120,15.180,544700,0
2018-03-23,15.510,16.059,15.440,15.760,1027000,0
2018-03-26,15.950,16.092,15.710,15.760,1118300,0
2018-03-27,15.540,15.730,15.408,15.520,662400,0
2018-03-28,15.320,15.400,14.820,15.100,656800,0
2018-03-29,15.080,15.525,15.060,15.460,650000,0
2018-04-02,15.610,16.070,15.600,15.610,899700,0
2018-04-03,15.600,15.600,15.020,15.110,700200,0
2018-04-04,15.530,15.580,14.880,15.080,464600,0
2018-04-05,14.920,15.230,14.864,15.150,372900,0
2018-04-06,15.460,15.860,15.250,15.590,712500,0
2018-04-09,15.590,16.105,15.530,15.810,490893,0