Date,Open,High,Low,Close,Volume,OpenInt
2017-03-06,24.51,24.51,24.5,24.5,470,0
2017-03-17,25.82,25.82,25.82,25.82,200,0
2017-03-20,25.82,25.82,25.82,25.82,0,0
2017-03-27,26.1501,26.2075,26.15,26.2075,1501,0
2017-03-30,26.31,26.3199,26.31,26.3199,434,0
2017-03-31,26.31,26.31,26.2456,26.2456,1901,0
2017-04-07,25.89,25.89,25.89,25.89,399,0
2017-04-10,25.9,25.9,25.76,25.83,1450,0
2017-04-19,26,26,26,26,1000,0
2017-04-25,26.89,26.89,26.89,26.89,300,0
2017-05-02,26.98,27,26.98,27,299,0
2017-05-08,28.02,28.02,28.02,28.02,100,0
2017-05-10,27.85,27.85,27.7525,27.7525,600,0
2017-05-17,28.6099,28.6099,28.6099,28.6099,101,0
2017-05-19,28.78,28.78,28.4552,28.4552,600,0
2017-06-06,29.96,29.96,29.4,29.4,200,0
2017-06-07,29.4,29.4,29.4,29.4,300,0
2017-06-12,28.71,28.7361,28.71,28.7361,1400,0
2017-06-14,29.22,29.22,29.22,29.22,300,0
2017-06-20,28.6199,28.62,28.6199,28.62,220,0
2017-06-26,28.8771,28.8771,28.8771,28.8771,100,0
2017-06-28,28.59,28.5903,28.57,28.57,720,0
2017-06-30,28.5368,28.5368,28.5368,28.5368,500,0
2017-07-13,28.73,28.7306,28.73,28.7306,601,0
2017-07-14,29.28,29.2801,29.28,29.2801,1000,0
2017-07-21,30,30,30,30,201,0
2017-07-26,29.52,29.67,29.51,29.67,800,0
2017-08-08,28.98,29.009,28.98,29.009,510,0
2017-08-11,28,28.55,28,28.37,1603,0
2017-08-17,28.91,28.91,28.18,28.18,2524,0
2017-08-30,28.83,28.84,28.8,28.81,4900,0
2017-09-01,29.54,29.54,28.89,29.1175,1499,0
2017-09-08,29,29.01,29,29.01,797,0
2017-09-19,29.3187,29.3187,29.3187,29.3187,200,0
2017-09-22,29.4399,29.4399,29.4399,29.4399,1053,0
2017-09-28,29.0499,29.0499,29.0499,29.0499,250,0
2017-09-29,29.1423,29.1423,29.1423,29.1423,106,0
2017-10-04,29.4,29.4,29.4,29.4,175,0
2017-10-05,29.31,29.75,29.31,29.75,808,0
2017-10-06,30.01,30.01,30.01,30.01,175,0
2017-10-11,29.74,29.74,29.67,29.67,501,0
2017-10-13,30.045,30.045,30.045,30.045,233,0
2017-10-19,29.75,29.8454,29.75,29.8454,342,0
2017-10-20,30.115,30.115,30.115,30.115,100,0
2017-10-26,30.93,30.93,30.93,30.93,200,0
2017-10-31,31.6047,31.6047,31.6047,31.6047,101,0
2017-11-03,31.7858,31.7858,31.7858,31.7858,129,0
2017-11-06,31.95,31.98,31.3,31.31,3291,0
2017-11-08,31.35,31.57,31.35,31.5062,5050,0
2017-11-09,31.42,31.42,31.42,31.42,130,0
2017-11-14,31.35,31.40,31.35,31.40,500,0
2017-11-15,31.50,31.50,31.50,31.50,200,0
2017-11-16,31.50,31.50,31.50,31.50,-,0
2017-11-17,31.50,31.50,31.50,31.50,-,0
2017-11-20,32.37,32.37,32.37,32.37,100,0
2017-11-21,32.37,32.37,32.37,32.37,-,0
2017-11-22,32.64,32.69,32.59,32.69,500,0
2017-11-24,32.69,32.69,32.69,32.69,100,0
2017-11-27,32.23,32.23,31.95,31.95,500,0
2017-11-28,32.12,32.12,32.12,32.12,300,0
2017-11-29,32.10,32.10,32.10,32.10,300,0
2017-11-30,32.10,32.10,32.10,32.10,-,0
2017-12-01,31.41,31.41,30.61,30.61,400,0
2017-12-04,30.61,30.61,30.61,30.61,-,0
2017-12-05,30.61,30.61,30.61,30.61,-,0
2017-12-06,30.61,30.61,30.61,30.61,-,0
2017-12-07,30.98,30.98,30.98,30.98,500,0
2017-12-08,30.98,30.98,30.98,30.98,-,0
2017-12-11,31.15,31.15,31.15,31.15,100,0
2017-12-12,31.15,31.15,31.15,31.15,-,0
2017-12-13,31.35,31.35,31.35,31.35,300,0
2017-12-14,31.35,31.35,31.35,31.35,-,0
2017-12-15,31.35,31.35,31.35,31.35,-,0
2017-12-18,31.35,31.35,31.35,31.35,-,0
2017-12-19,31.35,31.43,31.35,31.43,300,0
2017-12-20,31.43,31.43,31.43,31.43,-,0
2017-12-21,30.68,30.68,30.68,30.68,400,0
2017-12-22,31.06,31.06,31.06,31.06,100,0
2017-12-26,31.06,31.06,31.06,31.06,-,0
2017-12-27,29.75,29.75,29.75,29.75,300,0
2017-12-28,30.33,30.33,30.33,30.33,400,0
2017-12-29,31.00,31.00,31.00,31.00,500,0
2018-01-02,31.00,31.00,31.00,31.00,-,0
2018-01-03,31.00,31.00,31.00,31.00,-,0
2018-01-04,31.00,31.00,31.00,31.00,-,0
2018-01-05,30.50,30.50,30.50,30.50,200,0
2018-01-08,31.54,31.54,31.48,31.48,200,0
2018-01-09,31.25,31.25,31.25,31.25,300,0
2018-01-10,30.50,30.83,30.50,30.83,1200,0
2018-01-11,30.83,30.83,30.83,30.83,-,0
2018-01-12,30.45,30.45,30.45,30.45,200,0
2018-01-16,30.45,30.45,30.45,30.45,-,0
2018-01-17,30.45,30.45,30.45,30.45,-,0
2018-01-18,30.45,30.45,30.45,30.45,-,0
2018-01-19,32.01,32.01,31.63,31.63,300,0
2018-01-22,31.63,31.63,31.63,31.63,-,0
2018-01-23,31.43,31.43,31.43,31.43,100,0
2018-01-24,30.81,30.81,30.81,30.81,200,0
2018-01-25,31.65,31.65,31.65,31.65,100,0
2018-01-26,31.65,31.65,31.53,31.65,500,0
2018-01-29,31.65,31.65,31.65,31.65,-,0
2018-01-30,31.65,31.65,31.65,31.65,-,0
2018-01-31,31.65,31.65,31.65,31.65,-,0
2018-02-01,31.65,31.65,31.65,31.65,-,0
2018-02-02,29.74,29.74,29.74,29.74,300,0
2018-02-05,29.74,29.74,29.74,29.74,-,0
2018-02-06,26.65,27.98,26.11,27.98,1200,0
2018-02-07,27.98,27.98,27.98,27.98,-,0
2018-02-08,28.44,28.44,28.44,28.44,400,0
2018-02-09,28.44,28.44,28.44,28.44,-,0
2018-02-12,28.44,28.44,28.44,28.44,-,0
2018-02-13,28.44,28.44,28.44,28.44,-,0
2018-02-14,28.44,28.44,28.44,28.44,-,0
2018-02-15,30.95,30.95,30.95,30.95,200,0
2018-02-16,30.95,30.95,30.95,30.95,-,0
2018-02-20,30.95,30.95,30.95,30.95,-,0
2018-02-21,30.06,30.06,30.06,30.06,200,0
2018-02-22,30.01,30.01,29.79,29.86,500,0
2018-02-23,30.35,30.35,30.35,30.35,200,0
2018-02-26,30.65,30.65,30.65,30.65,200,0
2018-02-27,30.65,30.65,30.65,30.65,-,0
2018-02-28,29.70,29.70,29.70,29.70,100,0
2018-03-01,29.70,29.70,29.70,29.70,-,0
2018-03-02,29.00,29.00,29.00,29.00,100,0
2018-03-05,29.00,29.00,29.00,29.00,-,0
2018-03-06,29.00,29.00,29.00,29.00,-,0
2018-03-07,30.05,30.17,30.05,30.17,300,0
2018-03-08,30.04,30.04,30.04,30.04,100,0
2018-03-09,30.16,30.65,30.16,30.63,500,0
2018-03-12,30.63,30.63,30.63,30.63,-,0
2018-03-13,30.63,30.63,30.63,30.63,-,0
2018-03-14,30.63,30.63,30.63,30.63,-,0
2018-03-15,30.63,30.63,30.63,30.63,-,0
2018-03-16,30.63,30.63,30.63,30.63,-,0
2018-03-19,30.63,30.63,30.63,30.63,-,0
2018-03-20,30.63,30.63,30.63,30.63,-,0
2018-03-21,30.63,30.63,30.63,30.63,-,0
2018-03-22,30.63,30.63,30.63,30.63,-,0
2018-03-23,30.63,30.63,30.63,30.63,-,0
2018-03-26,30.48,30.48,30.48,30.48,200,0
2018-03-27,30.48,30.48,30.48,30.48,-,0
2018-03-28,30.48,30.48,30.48,30.48,-,0
2018-03-29,30.50,30.50,30.50,30.50,200,0
2018-04-02,30.50,30.50,30.50,30.50,-,0
2018-04-03,30.97,30.97,30.97,30.97,200,0
2018-04-04,30.97,30.97,30.97,30.97,-,0
2018-04-05,30.97,30.97,30.97,30.97,-,0
2018-04-06,30.50,30.50,30.50,30.50,200,0
2018-04-06,30.50,30.50,30.50,30.50,3,0