Date,Open,High,Low,Close,Volume,OpenInt
2017-08-22,9.5,9.85,9.498,9.8,40056,0
2017-08-23,10.25,12.5,9.8,11.61,118320,0
2017-08-24,11.75,11.75,10.8,10.98,19214,0
2017-08-25,11.19,11.25,11.06,11.15,28429,0
2017-08-28,11.5,12.7,11.4447,12.7,190451,0
2017-08-29,12.6,12.85,11.5,12.85,119482,0
2017-08-30,12.8,13.35,12.7,13.1,160656,0
2017-08-31,13.25,13.25,12.56,12.98,54482,0
2017-09-01,12.93,13.1,12.49,13.1,39204,0
2017-09-05,13,13,12.5,12.74,51002,0
2017-09-06,12.66,13,12.38,12.58,88544,0
2017-09-07,12.7,12.7304,12.46,12.58,45661,0
2017-09-08,12.55,12.58,12.33,12.35,30246,0
2017-09-11,12.6,12.6,11,11.98,44748,0
2017-09-12,12,12.639,11.95,12.22,47048,0
2017-09-13,12.45,12.45,11.89,11.89,34921,0
2017-09-14,12.42,12.45,11.99,12.1,35383,0
2017-09-15,12.2,12.39,11.6,12.2,43136,0
2017-09-18,12.45,12.49,12.1,12.25,53036,0
2017-09-19,12.38,12.45,12.2,12.45,27951,0
2017-09-20,12.45,12.47,11.1,11.629,84256,0
2017-09-21,11.96,12.2607,11.4258,11.8,26015,0
2017-09-22,11.9,11.9,11.3,11.3775,31755,0
2017-09-25,11.4,11.4,9.971,10.69,89448,0
2017-09-26,10.99,10.99,10.136,10.46,40332,0
2017-09-27,11.29,11.4,10.304,11.39,87501,0
2017-09-28,11.32,11.37,11,11.14,17655,0
2017-09-29,11.27,11.84,10.4118,11.84,17414,0
2017-10-02,11.3804,11.78,11.1499,11.16,47945,0
2017-10-03,11.3,11.45,10.9462,11.02,19414,0
2017-10-04,10.99,10.99,10.5,10.69,24083,0
2017-10-05,10.85,11,10.65,10.75,36460,0
2017-10-06,10.7,10.74,10.0101,10.3,45198,0
2017-10-09,10.8114,10.8114,10.1,10.22,31825,0
2017-10-10,10.3828,11.22,9.9,9.9,39792,0
2017-10-11,10,10.29,9.77,9.8,34222,0
2017-10-12,10,10,9.55,9.92,32382,0
2017-10-13,9.98,10.25,9.86,9.9,7939,0
2017-10-16,9.98,10.25,9.55,9.8599,33045,0
2017-10-17,9.8087,10.05,9.52,9.62,26112,0
2017-10-18,9.9,9.9,9.66,9.755,1675,0
2017-10-19,9.54,9.7401,9.1,9.3,34513,0
2017-10-20,9.4,9.4,8.45,8.9,78819,0
2017-10-23,9.133,9.24,8.75,8.75,18267,0
2017-10-24,8.76,9.15,8.75,8.959,18610,0
2017-10-25,8.88,9,8.22,8.9,34834,0
2017-10-26,8.91,8.91,8.6698,8.78,10174,0
2017-10-27,9.0485,9.299,8.75,8.83,21001,0
2017-10-30,9,10.05,9,9.99,85495,0
2017-10-31,10.25,12,9.757,11.75,221512,0
2017-11-01,11.87,12.43,11.0101,11.46,161609,0
2017-11-02,11.48,12.14,10.75,10.96,66402,0
2017-11-03,10.99,11.01,10.25,10.3001,51846,0
2017-11-06,10.8879,11.23,10.35,10.4,26748,0
2017-11-07,10.3,10.5,10.12,10.5,15554,0
2017-11-08,10.5,10.9571,10.12,10.5,22983,0
2017-11-09,10.5,10.95,10.04,10.68,56611,0
2017-11-10,10.6,10.62,10.01,10.4,30929,0
2017-11-13,10.34,10.50,10.11,10.43,23300,0
2017-11-14,10.20,10.50,9.75,9.80,47600,0
2017-11-15,9.90,10.09,9.37,9.99,47500,0
2017-11-16,9.86,10.45,9.55,9.65,63700,0
2017-11-17,9.63,10.29,9.63,9.97,58600,0
2017-11-20,9.99,9.99,9.43,9.43,37300,0
2017-11-21,9.79,9.79,9.05,9.25,64900,0
2017-11-22,9.19,9.50,8.75,9.01,128400,0
2017-11-24,9.18,9.34,8.79,9.02,17600,0
2017-11-27,9.19,10.14,8.06,8.97,221700,0
2017-11-28,9.05,10.60,8.97,9.62,137100,0
2017-11-29,9.85,9.98,8.71,8.88,134800,0
2017-11-30,8.97,9.96,8.76,9.65,60600,0
2017-12-01,9.80,10.20,9.48,9.57,28600,0
2017-12-04,9.50,10.25,9.41,9.64,164800,0
2017-12-05,9.73,10.69,9.41,10.67,77400,0
2017-12-06,10.54,11.32,10.50,11.08,141000,0
2017-12-07,11.21,11.25,10.65,10.99,116300,0
2017-12-08,10.99,11.70,10.99,11.51,162900,0
2017-12-11,11.73,12.44,10.64,11.10,197500,0
2017-12-12,11.44,11.63,10.55,10.64,162600,0
2017-12-13,10.55,11.75,10.55,11.52,332300,0
2017-12-14,11.43,11.95,10.98,11.68,238900,0
2017-12-15,11.78,12.29,11.33,11.79,604900,0
2017-12-18,11.73,12.18,11.11,11.36,173200,0
2017-12-19,11.44,11.99,10.89,11.31,131500,0
2017-12-20,11.25,11.41,10.50,10.93,101800,0
2017-12-21,11.11,11.79,10.99,11.44,84200,0
2017-12-22,11.52,12.25,11.40,11.80,135100,0
2017-12-26,11.80,12.35,11.65,11.76,82800,0
2017-12-27,11.65,12.12,11.30,11.49,61200,0
2017-12-28,11.58,11.97,11.34,11.78,38700,0
2017-12-29,11.88,12.19,11.80,11.99,54900,0
2018-01-02,12.06,12.20,11.85,12.05,121500,0
2018-01-03,11.90,12.00,11.51,11.62,76300,0
2018-01-04,11.84,11.98,11.22,11.91,77400,0
2018-01-05,11.78,12.16,11.65,11.89,66000,0
2018-01-08,11.98,12.19,11.73,11.82,49900,0
2018-01-09,11.99,12.00,11.58,11.71,35500,0
2018-01-10,11.95,12.89,11.80,11.93,107000,0
2018-01-11,12.02,12.59,11.70,12.38,85500,0
2018-01-12,12.35,12.41,11.74,11.77,87900,0
2018-01-16,11.93,12.07,11.04,11.30,116700,0
2018-01-17,11.42,12.30,11.40,12.01,84900,0
2018-01-18,11.85,12.26,11.51,12.10,62100,0
2018-01-19,12.21,12.60,11.80,12.25,143700,0
2018-01-22,12.30,12.60,11.77,12.18,104600,0
2018-01-23,12.35,12.35,12.00,12.09,52600,0
2018-01-24,12.15,12.45,11.89,12.14,73800,0
2018-01-25,12.30,12.45,12.00,12.03,75200,0
2018-01-26,12.03,12.24,11.76,12.08,98100,0
2018-01-29,12.13,12.69,11.82,12.04,131900,0
2018-01-30,11.92,12.28,11.65,12.16,62500,0
2018-01-31,12.02,12.26,11.74,11.94,91400,0
2018-02-01,12.20,12.38,11.76,11.83,58500,0
2018-02-02,11.82,12.14,10.88,11.25,221700,0
2018-02-05,11.26,11.67,10.41,10.64,61300,0
2018-02-06,10.63,11.18,10.04,10.29,89500,0
2018-02-07,10.35,11.31,10.35,10.94,94000,0
2018-02-08,11.00,11.00,10.52,10.69,47400,0
2018-02-09,10.76,11.79,10.03,10.14,31300,0
2018-02-12,10.27,10.54,10.00,10.42,37900,0
2018-02-13,10.49,11.30,10.20,10.94,146800,0
2018-02-14,10.91,11.39,10.40,10.82,123600,0
2018-02-15,10.95,11.00,10.50,10.66,50900,0
2018-02-16,10.66,11.69,10.48,11.19,52100,0
2018-02-20,11.11,11.50,10.75,10.86,64800,0
2018-02-21,10.95,11.31,10.59,11.05,61800,0
2018-02-22,11.09,11.49,10.70,11.01,113400,0
2018-02-23,11.11,11.50,10.91,11.21,32100,0
2018-02-26,11.20,11.27,10.56,10.75,65900,0
2018-02-27,10.86,11.30,10.84,11.19,15800,0
2018-02-28,10.97,11.17,10.78,11.16,6300,0
2018-03-01,11.07,11.29,10.44,10.66,54900,0
2018-03-02,10.70,10.93,10.50,10.89,79700,0
2018-03-05,10.96,11.16,10.62,11.00,100600,0
2018-03-06,10.52,11.06,10.50,10.96,150100,0
2018-03-07,11.03,11.03,10.56,10.97,103800,0
2018-03-08,10.95,11.50,10.63,11.48,165800,0
2018-03-09,11.43,11.47,10.85,11.45,114200,0
2018-03-12,11.43,11.58,11.12,11.45,111600,0
2018-03-13,11.35,11.53,11.22,11.30,54100,0
2018-03-14,11.36,11.58,11.05,11.20,132800,0
2018-03-15,11.30,11.30,10.87,10.97,117900,0
2018-03-16,11.00,11.99,10.95,11.98,145300,0
2018-03-19,11.96,11.99,11.05,11.26,98200,0
2018-03-20,11.35,11.87,11.06,11.34,81400,0
2018-03-21,11.29,11.87,11.16,11.45,51300,0
2018-03-22,11.32,11.66,11.12,11.21,32700,0
2018-03-23,11.27,11.65,11.12,11.20,43400,0
2018-03-26,11.29,11.50,10.90,11.07,85000,0
2018-03-27,11.07,11.18,10.82,11.00,66800,0
2018-03-28,10.94,10.94,10.50,10.63,43600,0
2018-03-29,10.68,11.04,10.47,10.94,48700,0
2018-04-02,11.13,11.18,10.60,10.99,57700,0
2018-04-03,11.06,11.13,10.78,11.00,75500,0
2018-04-04,10.89,10.89,10.63,10.74,44000,0
2018-04-05,10.83,10.87,10.30,10.86,260400,0
2018-04-06,10.77,10.77,10.10,10.37,113300,0
2018-04-09,10.38,10.57,9.30,9.91,131496,0