Date,Open,High,Low,Close,Volume,OpenInt
2017-09-05,28.83,29.2,28.57,29.2,52856131,0
2017-09-06,30.82,32.19,30.37,31.73,30378845,0
2017-09-07,31.63,32.46,31.3,31.71,11418459,0
2017-09-08,31.8,32.03,30.7507,30.99,13320518,0
2017-09-11,31.5,31.85,31.15,31.48,9247418,0
2017-09-12,31.72,32.39,31.64,32.15,4238687,0
2017-09-13,32.08,32.13,31.92,31.97,2993282,0
2017-09-14,32.31,32.31,32.05,32.19,3276459,0
2017-09-15,32.55,32.67,32.29,32.47,4117992,0
2017-09-18,32.65,32.8,32.4,32.43,2445960,0
2017-09-19,33.14,33.19,32.93,33.1,2613990,0
2017-09-20,33.05,33.09,32.82,32.82,1937957,0
2017-09-21,32.78,32.8,32.54,32.55,1331295,0
2017-09-22,32.89,32.92,32.775,32.85,1648468,0
2017-09-25,33.05,33.18,32.73,32.94,1753524,0
2017-09-26,32.7,32.78,32.375,32.57,969649,0
2017-09-27,32.55,32.61,32.32,32.32,1134772,0
2017-09-28,32.17,32.24,31.515,31.65,2480389,0
2017-09-29,31.9,32.03,31.735,31.9,1565131,0
2017-10-02,32,32.03,31.76,31.87,1890720,0
2017-10-03,31.64,31.65,31.501,31.58,1868786,0
2017-10-04,31.83,31.85,31.57,31.67,1378659,0
2017-10-05,31.85,31.95,31.7,31.79,3328041,0
2017-10-06,31.6,31.75,31.54,31.58,1337293,0
2017-10-09,31.73,31.79,31.68,31.73,912074,0
2017-10-10,31.99,32,31.69,31.8,1036785,0
2017-10-11,31.7,31.84,31.6,31.79,1287531,0
2017-10-12,31.82,31.99,31.76,31.92,1631870,0
2017-10-13,32.01,32.06,31.96,31.97,570111,0
2017-10-16,32.07,32.53,32.04,32.47,1595943,0
2017-10-17,32.5,32.51,32,32.17,692798,0
2017-10-18,32.38,32.52,32.29,32.45,800365,0
2017-10-19,32.37,32.66,32.3,32.43,1288605,0
2017-10-20,32.5,32.57,32.39,32.45,726902,0
2017-10-23,32.94,33.2,32.79,33.05,686442,0
2017-10-24,32.93,32.98,32.81,32.91,940953,0
2017-10-25,33.37,33.61,33.32,33.57,881306,0
2017-10-26,33.6,33.89,33.4669,33.67,2707820,0
2017-10-27,33.8,34.06,33.7,33.98,878306,0
2017-10-30,34.29,34.315,34.18,34.28,501852,0
2017-10-31,34.85,35.09,34.66,34.93,1652907,0
2017-11-01,35.305,35.55,35.25,35.38,1080755,0
2017-11-02,34.74,35.04,34.67,34.86,1235786,0
2017-11-03,34.86,34.89,34.62,34.84,1156591,0
2017-11-06,34.82,34.83,34.63,34.72,834242,0
2017-11-07,34.87,34.87,34.46,34.58,581856,0
2017-11-08,34.5,34.97,34.48,34.97,2080267,0
2017-11-09,34.46,34.59,34.33,34.52,709403,0
2017-11-10,34.68,34.722,34.43,34.53,654764,0
2017-11-14,34.540,34.620,34.490,34.530,1619300,0
2017-11-15,34.570,34.710,34.500,34.630,706000,0
2017-11-16,35.400,35.680,35.310,35.530,879900,0
2017-11-17,35.690,35.720,35.330,35.440,686300,0
2017-11-20,35.560,35.810,35.460,35.730,902300,0
2017-11-21,35.890,36.210,35.750,35.810,900200,0
2017-11-22,35.930,36.015,35.700,35.880,549200,0
2017-11-24,35.500,35.530,35.340,35.460,286200,0
2017-11-27,34.190,34.210,33.930,34.110,1020500,0
2017-11-28,34.090,34.570,33.965,34.340,829300,0
2017-11-29,34.160,34.170,33.160,33.330,863200,0
2017-11-30,33.400,33.630,33.190,33.500,612400,0
2017-12-01,33.190,33.280,32.882,33.010,424300,0
2017-12-04,33.040,33.140,32.670,32.680,629700,0
2017-12-05,32.780,33.310,32.760,32.930,529600,0
2017-12-06,32.500,32.645,32.270,32.290,568200,0
2017-12-07,32.330,32.610,32.270,32.570,652100,0
2017-12-08,32.580,32.660,32.240,32.360,421400,0
2017-12-11,32.470,32.550,32.400,32.490,566800,0
2017-12-12,33.050,33.080,32.760,32.920,778100,0
2017-12-13,33.020,33.210,33.010,33.150,866700,0
2017-12-14,33.460,33.480,33.240,33.300,814500,0
2017-12-15,33.200,33.600,33.190,33.410,1100600,0
2017-12-18,33.760,34.000,33.580,33.710,734800,0
2017-12-19,33.010,33.200,32.960,33.120,801300,0
2017-12-20,33.220,33.360,33.040,33.100,326700,0
2017-12-21,33.590,33.590,33.090,33.140,458100,0
2017-12-22,33.150,33.280,32.980,33.070,304000,0
2017-12-26,32.650,33.120,32.500,33.100,650500,0
2017-12-27,33.180,33.330,32.760,32.920,822400,0
2017-12-28,33.100,33.310,33.052,33.190,274200,0
2017-12-29,33.800,33.980,33.590,33.590,623900,0
2018-01-02,33.710,33.710,33.300,33.640,605200,0
2018-01-03,33.810,34.140,33.810,33.860,627300,0
2018-01-04,34.490,34.735,34.310,34.720,638000,0
2018-01-05,34.750,34.990,34.520,34.680,786400,0
2018-01-08,28.670,29.340,28.610,28.920,2542800,0
2018-01-09,29.710,29.880,29.550,29.830,5076500,0
2018-01-10,30.460,30.750,30.380,30.570,4765500,0
2018-01-11,30.540,31.030,30.210,30.790,2338700,0
2018-01-12,31.240,31.570,31.170,31.420,1675700,0
2018-01-16,30.740,31.092,30.600,30.700,2449100,0
2018-01-17,30.280,30.480,29.500,30.190,4894900,0
2018-01-18,29.720,30.165,29.720,30.120,1639200,0
2018-01-19,29.890,29.940,29.755,29.930,1321800,0
2018-01-22,30.020,30.350,29.930,30.300,910500,0
2018-01-23,30.530,30.590,30.280,30.400,1274100,0
2018-01-24,30.930,31.040,30.650,30.810,1067600,0
2018-01-25,31.330,31.400,30.670,30.680,1547500,0
2018-01-26,31.170,31.200,30.810,31.150,1336700,0
2018-01-29,30.940,30.940,30.440,30.520,1825300,0
2018-01-30,30.750,30.750,30.455,30.490,1431300,0
2018-01-31,30.340,30.510,30.190,30.240,1309200,0
2018-02-01,30.060,30.321,29.980,30.170,754400,0
2018-02-02,30.240,30.330,29.760,29.860,1123400,0
2018-02-05,29.320,29.631,28.780,28.780,1838600,0
2018-02-06,28.690,29.270,28.330,29.250,1314500,0
2018-02-07,27.950,28.570,27.900,28.150,1692900,0
2018-02-08,28.980,29.010,28.060,28.070,839400,0
2018-02-09,27.740,27.850,27.160,27.750,1486900,0
2018-02-12,27.570,28.080,27.570,27.890,644900,0
2018-02-13,28.030,28.170,27.901,27.950,748500,0
2018-02-14,28.120,28.770,28.120,28.680,488000,0
2018-02-15,29.050,29.690,28.930,29.660,1062200,0
2018-02-16,29.400,29.870,29.350,29.510,400400,0
2018-02-20,28.560,29.030,28.450,28.700,417600,0
2018-02-21,28.600,28.880,28.560,28.600,665900,0
2018-02-22,28.650,28.832,28.480,28.560,342700,0
2018-02-23,28.260,28.500,28.230,28.430,433600,0
2018-02-26,28.770,28.870,28.610,28.800,762900,0
2018-02-27,28.690,28.730,28.370,28.430,483300,0
2018-02-28,28.500,28.550,28.060,28.060,627300,0
2018-03-01,27.800,27.850,27.210,27.290,622400,0
2018-03-02,27.380,27.820,27.240,27.790,380400,0
2018-03-05,27.400,28.170,27.390,28.100,596400,0
2018-03-06,28.210,28.380,28.140,28.230,461400,0
2018-03-07,27.900,28.010,27.660,27.880,438400,0
2018-03-08,27.610,27.810,27.470,27.660,1342100,0
2018-03-09,27.710,28.140,27.700,28.090,629000,0
2018-03-12,27.840,27.940,27.720,27.750,565700,0
2018-03-13,27.930,28.025,27.460,27.550,569500,0
2018-03-14,27.770,27.810,27.410,27.590,411100,0
2018-03-15,27.040,27.050,26.600,26.750,790000,0
2018-03-16,26.330,26.485,26.160,26.210,1430200,0
2018-03-19,12.930,15.630,12.850,14.010,30070600,0
2018-03-20,14.460,14.460,13.680,14.000,8654200,0
2018-03-21,13.460,13.810,13.210,13.250,6655100,0
2018-03-22,12.830,13.010,12.670,12.990,7703200,0
2018-03-23,13.370,13.580,13.150,13.300,3998900,0
2018-03-26,13.460,13.540,13.030,13.330,2675300,0
2018-03-27,13.380,13.830,13.320,13.720,3034500,0
2018-03-28,13.690,14.160,13.640,14.140,3280400,0
2018-03-29,13.900,14.070,13.820,14.040,2182300,0
2018-04-02,13.900,14.170,13.890,14.100,1173200,0
2018-04-03,13.940,14.295,13.930,14.240,2847200,0
2018-04-04,13.940,14.300,13.920,14.250,1667200,0
2018-04-05,14.800,15.310,14.670,15.250,1848200,0
2018-04-06,15.480,15.970,15.440,15.650,2142700,0
2018-04-09,16.140,16.485,15.920,16.280,1462216,0