Date,Open,High,Low,Close,Volume,OpenInt
2017-11-07,17.5,18.4238,17.25,18.25,648034,0
2017-11-08,18.01,18.4832,17.51,17.9,77703,0
2017-11-09,17.65,18.4446,17.65,18.01,27647,0
2017-11-10,18.63,18.63,17.9,18.25,18318,0
2017-11-13,18.37,18.40,18.25,18.32,5000,0
2017-11-14,18.25,18.25,18.12,18.14,2200,0
2017-11-15,18.03,18.35,18.00,18.30,45000,0
2017-11-16,18.35,18.35,18.13,18.25,8700,0
2017-11-17,18.25,18.25,18.15,18.15,17300,0
2017-11-20,18.15,18.15,18.08,18.08,30400,0
2017-11-21,18.01,18.26,18.01,18.26,16400,0
2017-11-22,18.22,18.25,17.97,18.25,28300,0
2017-11-24,18.25,18.25,17.98,17.98,2600,0
2017-11-27,18.02,18.02,17.81,17.90,20100,0
2017-11-28,17.83,17.99,17.61,17.97,36300,0
2017-11-29,17.92,17.99,17.26,17.58,23800,0
2017-11-30,17.67,18.39,17.58,18.39,56600,0
2017-12-01,18.36,18.40,17.33,18.35,3100,0
2017-12-04,18.01,18.25,18.01,18.03,11000,0
2017-12-05,18.03,18.03,17.50,17.75,4100,0
2017-12-06,17.68,18.02,17.47,17.65,9900,0
2017-12-07,17.70,17.75,17.68,17.75,3100,0
2017-12-08,17.90,18.10,17.90,18.00,2100,0
2017-12-11,18.20,19.24,18.20,19.19,31000,0
2017-12-12,19.24,21.37,18.56,20.98,34500,0
2017-12-13,20.88,21.00,19.81,20.97,32100,0
2017-12-14,20.45,20.50,19.31,20.50,22400,0
2017-12-15,20.41,20.61,19.43,19.69,130300,0
2017-12-18,19.60,20.11,19.20,20.11,4200,0
2017-12-19,19.74,20.60,19.50,20.54,4500,0
2017-12-20,20.00,20.35,19.75,20.30,12300,0
2017-12-21,20.09,20.48,20.09,20.48,3100,0
2017-12-22,20.29,20.29,19.63,20.10,2500,0
2017-12-26,19.15,19.52,19.15,19.52,1600,0
2017-12-27,19.47,19.47,19.31,19.39,1400,0
2017-12-28,19.24,20.05,19.05,19.06,16600,0
2017-12-29,19.01,19.98,19.01,19.98,1300,0
2018-01-02,19.21,19.95,19.05,19.07,10600,0
2018-01-03,19.05,20.38,19.05,20.38,14500,0
2018-01-04,20.01,20.25,19.20,19.58,12800,0
2018-01-05,19.92,20.79,19.25,20.44,44200,0
2018-01-08,20.50,20.50,19.45,20.00,11900,0
2018-01-09,19.61,19.73,19.46,19.46,4500,0
2018-01-10,19.45,19.60,19.45,19.48,6400,0
2018-01-11,19.99,20.00,19.55,19.85,16600,0
2018-01-12,19.85,19.85,19.85,19.85,-,0
2018-01-16,20.24,20.24,19.60,20.00,1000,0
2018-01-17,20.00,20.00,20.00,20.00,-,0
2018-01-18,20.00,20.42,19.64,20.10,8000,0
2018-01-19,20.05,20.07,19.45,20.00,15800,0
2018-01-22,19.95,19.95,19.51,19.51,1200,0
2018-01-23,19.34,19.63,19.28,19.29,3200,0
2018-01-24,19.48,19.48,19.48,19.48,200,0
2018-01-25,19.27,19.31,19.26,19.26,1100,0
2018-01-26,19.45,19.45,18.49,19.20,2000,0
2018-01-29,19.28,19.40,17.51,17.70,9100,0
2018-01-30,16.56,18.42,16.56,18.40,19000,0
2018-01-31,18.67,18.68,18.10,18.24,19400,0
2018-02-01,18.30,18.57,18.30,18.33,4300,0
2018-02-02,18.31,18.38,18.11,18.16,7400,0
2018-02-05,18.12,18.12,17.03,17.91,12400,0
2018-02-06,17.87,18.06,17.75,18.00,13700,0
2018-02-07,18.00,18.00,18.00,18.00,-,0
2018-02-08,17.61,17.75,17.61,17.75,1200,0
2018-02-09,17.77,18.02,17.75,18.02,3500,0
2018-02-12,18.01,18.56,17.71,17.71,3900,0
2018-02-13,18.56,18.56,16.61,18.00,2300,0
2018-02-14,17.00,18.25,16.89,18.25,4900,0
2018-02-15,18.00,18.00,18.00,18.00,1200,0
2018-02-16,18.00,18.00,18.00,18.00,-,0
2018-02-20,17.76,17.98,17.75,17.98,3500,0
2018-02-21,17.79,18.00,17.79,18.00,1300,0
2018-02-22,17.75,17.99,17.75,17.99,1400,0
2018-02-23,17.75,17.86,17.75,17.75,3100,0
2018-02-26,17.80,17.80,17.05,17.50,2900,0
2018-02-27,17.50,17.97,17.06,17.90,2800,0
2018-02-28,17.90,18.39,17.86,18.39,9600,0
2018-03-01,18.24,18.40,18.24,18.40,900,0
2018-03-02,17.42,18.30,17.01,17.56,4400,0
2018-03-05,17.52,18.00,17.04,17.44,29600,0
2018-03-06,17.45,17.50,17.13,17.13,17000,0
2018-03-07,17.44,17.45,17.11,17.11,4100,0
2018-03-08,17.50,17.50,17.18,17.45,3500,0
2018-03-09,17.49,17.50,17.49,17.49,3200,0
2018-03-12,17.48,17.50,17.38,17.45,2700,0
2018-03-13,18.32,18.32,17.02,17.30,7100,0
2018-03-14,17.35,17.50,17.33,17.41,21100,0
2018-03-15,17.47,18.39,17.17,17.78,8200,0
2018-03-16,17.26,18.35,17.20,17.57,12700,0
2018-03-19,17.28,17.76,17.25,17.35,7500,0
2018-03-20,17.80,17.95,17.80,17.80,16100,0
2018-03-21,17.52,17.99,17.47,17.47,2600,0
2018-03-22,17.50,17.50,17.50,17.50,700,0
2018-03-23,18.03,18.03,18.03,18.03,200,0
2018-03-26,17.94,18.10,17.52,18.05,9800,0
2018-03-27,18.05,18.10,18.05,18.10,1900,0
2018-03-28,18.07,18.99,17.63,17.63,12000,0
2018-03-29,17.63,17.63,17.63,17.63,-,0
2018-04-02,17.60,17.60,17.50,17.50,1600,0
2018-04-03,17.50,17.60,17.14,17.14,1400,0
2018-04-04,17.36,17.76,17.15,17.20,172300,0
2018-04-05,17.50,17.99,17.50,17.99,3500,0
2018-04-06,18.04,18.25,17.85,18.25,4000,0
2018-04-09,18.00,18.88,18.00,18.20,2244,0