Date,Open,High,Low,Close,Volume,OpenInt
2017-07-14,4.02,4.4811,4.02,4.33,183405,0
2017-07-17,4.5,4.5,4.399,4.5,34554,0
2017-07-18,4.4926,4.6492,4.3,4.43,36626,0
2017-07-19,4.44,4.58,4.2,4.299,32097,0
2017-07-20,4.24,4.2437,4.217,4.217,1412,0
2017-07-21,4.67,4.67,4,4.2,35890,0
2017-07-24,4.189,4.2,3.75,4.2,17032,0
2017-07-25,4.2999,4.2999,3.7,4,18529,0
2017-07-26,4.2,4.25,4,4.15,13958,0
2017-07-27,4.12,4.12,3.9,3.9,316,0
2017-07-28,4.0273,4.0273,3.789,3.86,6451,0
2017-07-31,3.82,4.12,3.5,3.81,7640,0
2017-08-01,3.96,4,3.75,3.8,9901,0
2017-08-02,3.7499,3.9,3.47,3.7,23310,0
2017-08-03,3.8899,3.8899,3.6298,3.6298,1950,0
2017-08-04,3.95,4,3.25,3.78,75024,0
2017-08-07,3.41,3.89,3.3129,3.745,20520,0
2017-08-08,3.55,3.9,3.39,3.69,13429,0
2017-08-09,3.45,3.69,3.27,3.5,27869,0
2017-08-10,3.27,4.43,3.1001,4.25,90837,0
2017-08-11,4.2398,4.2398,3.38,3.39,57581,0
2017-08-14,3.38,3.75,3.38,3.72,7125,0
2017-08-15,3.5,3.75,3.5,3.61,1470,0
2017-08-16,3.5,4.03,3.5,3.9,9188,0
2017-08-17,4.0942,4.1,3.53,3.96,15743,0
2017-08-18,3.89,3.89,3.25,3.89,23838,0
2017-08-21,3.8999,4.25,3.664,4.16,53926,0
2017-08-22,4,4.12,3.5,4.1,34004,0
2017-08-23,3.93,4.005,3.67,3.8,4445,0
2017-08-24,3.68,3.815,3.5,3.8,28609,0
2017-08-25,3.8,3.85,3.5947,3.85,8263,0
2017-08-28,3.64,3.99,3.6,3.89,34778,0
2017-08-29,3.82,3.88,3.59,3.7,19201,0
2017-08-30,3.65,3.75,3.5,3.62,6297,0
2017-08-31,3.73,3.73,3.5,3.69,3649,0
2017-09-01,3.6999,3.93,3.51,3.89,32124,0
2017-09-05,3.8038,3.85,3.5901,3.85,29582,0
2017-09-06,3.8,3.88,3.5,3.88,25246,0
2017-09-07,3.88,4,3.7,3.9,16542,0
2017-09-08,3.99,3.99,3.9,3.95,13044,0
2017-09-11,3.98,3.98,3.62,3.75,17847,0
2017-09-12,3.88,3.94,3.81,3.93,6786,0
2017-09-13,3.8,4.03,3.72,3.74,18459,0
2017-09-14,3.89,3.95,3.51,3.62,9269,0
2017-09-15,3.75,3.78,3.4,3.4,27332,0
2017-09-18,3.43,3.73,3.34,3.53,25967,0
2017-09-19,3.67,3.6865,3.53,3.6,39269,0
2017-09-20,3.7,4.25,3.51,3.8499,197211,0
2017-09-21,4.01,4.1714,3.5101,3.6728,47547,0
2017-09-22,3.59,3.59,3.53,3.59,11715,0
2017-09-25,3.812,4.3,3.6101,3.79,233465,0
2017-09-26,3.8,4.1781,3.68,4.09,240373,0
2017-09-27,4.14,4.63,3.85,4.22,383114,0
2017-09-28,4.16,4.259,4,4.055,23006,0
2017-09-29,4.041,4.1299,3.751,3.81,36950,0
2017-10-02,3.71,3.9423,3.26,3.81,61740,0
2017-10-03,3.84,4.39,3.84,4.25,106313,0
2017-10-04,4.29,4.98,4.08,4.9,329980,0
2017-10-05,5.01,5.049,3.99,4.205,153884,0
2017-10-06,4.18,4.41,3.8,3.83,80373,0
2017-10-09,3.89,4,3.84,3.84,13695,0
2017-10-10,3.94,4.18,3.73,3.73,58603,0
2017-10-11,3.6636,4.06,3.6636,3.73,22273,0
2017-10-12,3.76,3.8302,3.65,3.67,32762,0
2017-10-13,3.64,3.7937,3.43,3.45,19849,0
2017-10-16,3.6,3.6,3.12,3.18,49172,0
2017-10-17,3.221,3.221,2.81,2.99,60446,0
2017-10-18,3.01,3.3056,2.88,2.92,76320,0
2017-10-19,2.99,3.1,2.85,2.93,8724,0
2017-10-20,2.9825,2.99,2.84,2.86,10531,0
2017-10-23,2.84,3.1,2.8,3.04,17527,0
2017-10-24,3.001,3.34,2.92,3.06,28330,0
2017-10-25,3.02,3.14,2.88,2.95,25115,0
2017-10-26,3.025,3.15,2.96,3.14,45715,0
2017-10-27,3.15,3.49,3.15,3.47,25437,0
2017-10-30,3.47,4.13,3.43,4.09,185058,0
2017-10-31,4.2,4.2,3.7101,4.06,45752,0
2017-11-01,4.2,4.2,3.811,4.1811,25098,0
2017-11-02,4.06,4.075,4,4.04,7720,0
2017-11-03,3.9891,3.99,3.83,3.88,13388,0
2017-11-06,3.7185,3.869,3.7,3.73,8995,0
2017-11-07,3.78,3.8263,3.7726,3.8,1742,0
2017-11-08,3.81,3.9025,3.8087,3.8138,2358,0
2017-11-09,3.7665,3.7665,3.7665,3.7665,549,0
2017-11-10,3.811,4,3.8101,3.82,2487,0
2017-11-13,3.9700,3.9700,3.9580,3.9580,1500,0
2017-11-14,3.8600,4.0490,3.7700,3.9200,13600,0
2017-11-15,3.6500,4.0000,3.5910,3.5910,4700,0
2017-11-16,3.6100,3.8400,3.5600,3.7900,20200,0
2017-11-17,3.6070,3.8000,3.5760,3.7200,9100,0
2017-11-20,3.8700,4.1000,3.6900,3.7800,9100,0
2017-11-21,3.8390,3.9500,3.8390,3.9500,3100,0
2017-11-22,3.8580,3.9820,3.8500,3.8700,7300,0
2017-11-24,3.9000,3.9000,3.6800,3.7700,2600,0
2017-11-27,3.9000,4.3000,3.9000,4.0100,40200,0
2017-11-28,3.8900,4.1220,3.8300,3.8300,21100,0
2017-11-29,3.8310,3.8400,3.5000,3.5300,38400,0
2017-11-30,3.7000,3.7100,3.6000,3.6100,7800,0
2017-12-01,3.7900,3.9700,3.5600,3.8420,14900,0
2017-12-04,3.9510,3.9620,3.4650,3.5500,15900,0
2017-12-05,3.4500,3.7600,3.2700,3.6950,21400,0
2017-12-06,3.5800,3.8500,3.5800,3.8000,25900,0
2017-12-07,3.8430,3.8430,3.7000,3.7000,2200,0
2017-12-08,3.6400,3.6400,3.2700,3.4000,30400,0
2017-12-11,3.5100,3.5100,3.4100,3.4600,1600,0
2017-12-12,2.9160,3.4770,2.9160,3.4000,6500,0
2017-12-13,3.3600,3.5000,3.0200,3.4800,1500,0
2017-12-14,3.3140,3.6600,3.3140,3.6600,12000,0
2017-12-15,3.6400,3.7500,3.6000,3.7500,43900,0
2017-12-18,3.4500,3.7770,3.4500,3.7400,9000,0
2017-12-19,3.4600,3.6220,3.4600,3.6200,4600,0
2017-12-20,3.4500,3.6200,3.4500,3.4600,600,0
2017-12-21,3.6300,3.6300,3.2800,3.4500,5800,0
2017-12-22,3.4400,3.6500,3.3300,3.5600,20400,0
2017-12-26,3.6000,3.6850,3.5080,3.5100,2500,0
2017-12-27,3.3800,3.5450,3.2600,3.2600,4800,0
2017-12-28,3.2900,3.4250,3.2900,3.3400,1900,0
2017-12-29,3.6600,3.6600,3.3000,3.4000,21900,0
2018-01-02,3.4700,3.6500,3.3500,3.3700,12500,0
2018-01-03,3.3200,3.4800,3.3200,3.4000,7300,0
2018-01-04,3.4000,3.5230,3.0500,3.3500,22100,0
2018-01-05,3.2500,3.5800,3.2500,3.4700,23500,0
2018-01-08,3.5000,3.5330,3.3000,3.3000,21500,0
2018-01-09,3.3570,3.4300,3.1700,3.2200,12000,0
2018-01-10,3.2600,3.2600,3.2010,3.2010,500,0
2018-01-11,3.4200,3.4700,3.4000,3.4200,2400,0
2018-01-12,3.4600,3.6000,3.2880,3.5710,31600,0
2018-01-16,3.6000,3.6860,3.5010,3.6400,19400,0
2018-01-17,3.5510,3.5820,3.5000,3.5820,8200,0
2018-01-18,3.5180,3.5180,3.5180,3.5180,2500,0
2018-01-19,3.5400,3.5400,3.2360,3.3800,12100,0
2018-01-22,3.5000,3.5400,3.2500,3.5400,6100,0
2018-01-23,3.2610,3.4310,3.2610,3.4000,1300,0
2018-01-24,3.4300,3.4630,3.2500,3.4630,8600,0
2018-01-25,3.2500,3.3630,3.2500,3.3410,8100,0
2018-01-26,3.4630,3.4630,3.3400,3.4000,4400,0
2018-01-29,3.4870,3.4870,3.3500,3.4100,12400,0
2018-01-30,3.4800,3.5070,3.1600,3.2300,12900,0
2018-01-31,3.3900,3.4390,3.2300,3.2400,9700,0
2018-02-01,3.2300,3.4730,3.1100,3.1100,4700,0
2018-02-02,3.1500,3.1900,3.0100,3.0100,5600,0
2018-02-05,3.0500,3.3440,3.0100,3.0100,9300,0
2018-02-06,3.0700,3.2070,3.0000,3.0000,5900,0
2018-02-07,3.0500,3.0500,3.0000,3.0130,2500,0
2018-02-08,3.1200,3.3100,2.7600,2.9470,10900,0
2018-02-09,2.8600,2.8600,2.5100,2.6900,28500,0
2018-02-12,2.4100,2.8850,2.4100,2.4400,4000,0
2018-02-13,2.5700,2.5700,2.2100,2.2100,19600,0
2018-02-14,2.2500,2.6450,2.1000,2.5400,13400,0
2018-02-15,2.5500,2.6500,2.3800,2.3800,2100,0
2018-02-16,2.5600,2.6800,2.4770,2.6800,2600,0
2018-02-20,2.7000,2.7000,2.4700,2.4700,800,0
2018-02-21,2.4400,2.7330,2.3910,2.3910,1800,0
2018-02-22,2.5890,2.6430,2.4780,2.5700,1800,0
2018-02-23,2.5300,2.6000,2.5300,2.6000,1000,0
2018-02-26,3.0600,3.1410,2.2500,2.3600,20000,0
2018-02-27,2.3000,2.4000,1.7890,2.1770,33400,0
2018-02-28,2.1200,2.1880,1.8100,2.0900,27500,0
2018-03-01,2.4000,2.4000,2.2500,2.2900,13400,0
2018-03-02,2.3100,2.3500,2.2100,2.3400,3000,0
2018-03-05,2.3200,2.4200,2.2100,2.2100,47100,0
2018-03-06,2.2000,2.3400,2.2000,2.2000,54300,0
2018-03-07,2.2000,2.3300,2.2000,2.2000,13900,0
2018-03-08,2.2000,2.2700,2.2000,2.2000,5600,0
2018-03-09,2.2000,2.3240,2.2000,2.2500,1800,0
2018-03-12,2.2200,2.2900,2.2000,2.2900,3000,0
2018-03-13,2.2000,2.2600,2.0500,2.1700,18500,0
2018-03-14,2.2200,2.4000,2.0400,2.4000,21000,0
2018-03-15,2.4000,2.5500,2.1620,2.5500,19300,0
2018-03-16,2.5300,2.7900,2.2100,2.5400,25000,0
2018-03-19,2.4840,2.4840,2.0100,2.2100,27900,0
2018-03-20,2.1900,2.1900,1.9200,2.1000,18300,0
2018-03-21,2.0900,2.0900,1.9110,1.9110,7300,0
2018-03-22,2.0000,2.0800,1.8900,1.8900,21300,0
2018-03-23,1.9000,1.9200,1.7500,1.9200,14000,0
2018-03-26,1.9250,1.9250,1.8500,1.8700,10300,0
2018-03-27,1.8500,1.8600,1.4500,1.4800,13200,0
2018-03-28,1.3400,1.5000,1.2600,1.3500,8900,0
2018-03-29,1.3000,1.3000,1.1490,1.1900,25100,0
2018-04-02,1.2000,1.3700,1.2000,1.2600,37900,0
2018-04-03,2.2400,3.7200,1.6630,1.7200,3152300,0
2018-04-04,1.8600,1.8600,1.4100,1.5500,224100,0
2018-04-05,1.5500,1.5500,1.3100,1.3790,123200,0
2018-04-06,1.3500,1.3660,1.2100,1.2600,131600,0
2018-04-09,1.2345,1.4400,1.2100,1.3300,110716,0