Date,Open,High,Low,Close,Volume,OpenInt
2017-06-07,9.48,9.62,9.48,9.48,27592,0
2017-06-08,9.48,9.4901,9.48,9.48,13663,0
2017-06-09,9.48,9.5,9.48,9.48,26459,0
2017-06-12,9.51,9.52,9.51,9.52,1100,0
2017-06-13,9.52,9.55,9.5101,9.55,48800,0
2017-06-14,9.5338,9.5338,9.52,9.52,8400,0
2017-06-15,9.52,9.5401,9.5,9.5,48967,0
2017-06-16,9.5,9.51,9.5,9.5,26728,0
2017-06-19,9.52,9.52,9.51,9.52,644833,0
2017-06-20,9.52,9.54,9.5,9.54,25300,0
2017-06-21,9.53,9.53,9.53,9.53,60000,0
2017-06-22,9.5101,9.57,9.5101,9.53,18762,0
2017-06-23,9.55,9.6,9.53,9.55,213162,0
2017-06-26,9.54,9.541,9.54,9.541,500,0
2017-06-27,9.57,9.57,9.55,9.55,10000,0
2017-06-29,9.5401,9.56,9.51,9.55,1074900,0
2017-06-30,9.52,9.55,9.52,9.55,200,0
2017-07-03,9.54,9.54,9.53,9.53,45300,0
2017-07-05,9.54,9.54,9.54,9.54,500,0
2017-07-06,9.54,9.55,9.54,9.55,10900,0
2017-07-07,9.55,9.55,9.53,9.53,400,0
2017-07-10,9.6,9.6,9.51,9.52,120400,0
2017-07-11,9.5201,9.56,9.5201,9.56,593125,0
2017-07-12,9.57,9.57,9.5601,9.5608,1700,0
2017-07-17,9.56,9.65,9.51,9.6,16400,0
2017-07-18,9.6,9.6,9.55,9.55,15400,0
2017-07-19,9.58,9.58,9.54,9.56,11300,0
2017-07-20,9.57,9.57,9.5607,9.57,4425,0
2017-07-21,9.55,9.59,9.55,9.59,5650,0
2017-07-24,9.58,9.58,9.55,9.55,200,0
2017-07-25,9.58,9.58,9.58,9.58,1000,0
2017-07-27,9.6,9.6,9.5501,9.59,106800,0
2017-07-31,9.5801,9.5801,9.58,9.58,775,0
2017-08-02,9.5501,9.61,9.55,9.61,1300,0
2017-08-03,9.56,9.65,9.55,9.65,7100,0
2017-08-04,9.57,9.63,9.57,9.59,3800,0
2017-08-09,9.6,9.6001,9.6,9.6001,1500,0
2017-08-10,9.59,9.6489,9.55,9.57,214000,0
2017-08-11,9.57,9.58,9.55,9.58,70750,0
2017-08-14,9.5701,9.58,9.57,9.57,47200,0
2017-08-15,9.57,9.58,9.57,9.58,65000,0
2017-08-16,9.6,9.6,9.6,9.6,900,0
2017-08-17,9.58,9.58,9.54,9.5401,106300,0
2017-08-18,9.56,9.59,9.55,9.56,55159,0
2017-08-21,9.57,9.57,9.57,9.57,10000,0
2017-08-22,9.58,9.58,9.57,9.57,4500,0
2017-08-23,9.58,9.58,9.57,9.58,11000,0
2017-08-24,9.59,9.6,9.58,9.58,10650,0
2017-08-25,9.58,9.61,9.58,9.58,10750,0
2017-08-28,9.57,9.59,9.57,9.59,21300,0
2017-08-29,9.59,9.61,9.57,9.58,5300,0
2017-08-30,9.6,9.6,9.6,9.6,200,0
2017-08-31,9.6,9.6099,9.58,9.58,6910,0
2017-09-01,9.58,9.6075,9.58,9.58,3100,0
2017-09-05,9.58,9.58,9.58,9.58,100,0
2017-09-06,9.58,9.5801,9.58,9.5801,2000,0
2017-09-07,9.58,9.6,9.58,9.59,17200,0
2017-09-08,9.62,9.62,9.605,9.62,10100,0
2017-09-14,9.6201,9.623,9.58,9.6,4500,0
2017-09-15,9.5801,9.5801,9.5801,9.5801,200,0
2017-09-18,9.58,9.6,9.55,9.6,5700,0
2017-09-19,9.59,9.59,9.59,9.59,300,0
2017-09-20,9.647,9.6492,9.6,9.6,8500,0
2017-09-21,9.59,9.6823,9.54,9.67,7849,0
2017-09-25,9.58,9.66,9.58,9.6,6901,0
2017-09-26,9.63,9.63,9.61,9.61,1200,0
2017-09-27,9.6211,9.6249,9.6211,9.6249,400,0
2017-09-29,9.62,9.62,9.62,9.62,200,0
2017-10-02,9.65,9.65,9.61,9.62,1800,0
2017-10-03,9.6111,9.6111,9.61,9.61,900,0
2017-10-05,9.64,9.64,9.64,9.64,100,0
2017-10-09,9.68,9.69,9.68,9.69,6000,0
2017-10-10,9.72,9.72,9.69,9.69,205,0
2017-10-12,9.69,9.69,9.69,9.69,100,0
2017-10-13,9.69,9.69,9.69,9.69,300,0
2017-10-18,9.74,9.74,9.72,9.72,1003,0
2017-10-20,9.7399,9.7399,9.7399,9.7399,548,0
2017-10-24,9.74,9.79,9.74,9.79,5803,0
2017-10-26,9.69,9.78,9.61,9.78,5102,0
2017-11-01,9.73,9.77,9.73,9.77,108451,0
2017-11-02,9.75,9.75,9.75,9.75,268,0
2017-11-07,9.8,9.8,9.8,9.8,700,0
2017-11-08,9.73,9.8,9.73,9.8,17200,0
2017-11-10,9.74,9.79,9.69,9.79,1351,0
2017-11-13,9.90,9.97,9.85,9.95,55400,0
2017-11-14,9.88,9.95,9.85,9.90,411500,0
2017-11-15,9.94,9.94,9.90,9.90,502500,0
2017-11-16,9.85,9.95,9.85,9.90,566000,0
2017-11-17,9.91,9.93,9.90,9.93,475900,0
2017-11-20,9.95,9.95,9.51,9.93,82200,0
2017-11-21,9.81,9.90,9.76,9.90,64600,0
2017-11-22,9.85,9.95,9.85,9.93,15100,0
2017-11-24,9.95,9.95,9.90,9.90,700,0
2017-11-27,9.99,9.99,9.85,9.90,1200,0
2017-11-28,9.93,9.93,9.85,9.89,13000,0
2017-11-29,9.85,9.90,9.85,9.87,6100,0
2017-11-30,9.90,9.90,9.85,9.87,905400,0
2017-12-01,9.87,9.93,9.87,9.87,9300,0
2017-12-04,9.85,9.95,9.85,9.93,16300,0
2017-12-05,9.91,9.95,9.91,9.95,3400,0
2017-12-06,9.85,9.95,9.85,9.94,63700,0
2017-12-07,9.94,9.95,9.88,9.88,302500,0
2017-12-08,9.95,9.95,9.91,9.91,50200,0
2017-12-11,9.94,9.94,9.91,9.94,600,0
2017-12-12,9.94,9.95,9.93,9.94,800,0
2017-12-13,9.94,9.95,9.91,9.94,4300,0
2017-12-14,9.90,9.93,9.90,9.93,1500,0
2017-12-15,9.92,9.95,9.91,9.94,44000,0
2017-12-18,9.94,9.95,9.90,9.94,29800,0
2017-12-19,9.94,9.94,9.90,9.91,30800,0
2017-12-20,9.95,9.95,9.90,9.92,1700,0
2017-12-21,9.92,9.94,9.90,9.90,2500,0
2017-12-22,9.90,9.94,9.90,9.94,1900,0
2017-12-26,9.93,9.94,9.91,9.91,34200,0
2017-12-27,9.92,9.92,9.92,9.92,2000,0
2017-12-28,9.91,9.93,9.91,9.92,1800,0
2017-12-29,9.95,9.95,9.95,9.95,600,0
2018-01-02,9.95,9.96,9.92,9.96,24900,0
2018-01-03,9.91,9.97,9.91,9.96,65900,0
2018-01-04,9.95,9.95,9.95,9.95,1200,0
2018-01-05,9.96,9.97,9.89,9.90,29900,0
2018-01-08,9.95,9.96,9.95,9.96,10200,0
2018-01-09,9.94,9.94,9.94,9.94,800,0
2018-01-10,9.94,9.97,9.91,9.94,4200,0
2018-01-11,9.96,9.96,9.96,9.96,200,0
2018-01-12,9.97,9.97,9.93,9.95,800,0
2018-01-16,9.96,9.96,9.96,9.96,300,0
2018-01-17,9.97,9.97,9.94,9.94,200,0
2018-01-18,9.94,9.94,9.94,9.94,-,0
2018-01-19,9.94,9.94,9.94,9.94,1000,0
2018-01-22,9.94,9.94,9.94,9.94,-,0
2018-01-23,9.94,9.94,9.92,9.92,3500,0
2018-01-24,9.95,9.95,9.95,9.95,100,0
2018-01-25,9.97,9.97,9.94,9.95,8800,0
2018-01-26,9.94,9.95,9.94,9.95,1200,0
2018-01-29,9.95,9.96,9.93,9.94,9500,0
2018-01-30,9.90,9.97,9.90,9.95,72200,0
2018-01-31,9.98,9.98,9.91,9.98,3100,0
2018-02-01,9.95,9.98,9.94,9.95,24000,0
2018-02-02,9.95,9.95,9.95,9.95,-,0
2018-02-05,9.98,9.98,9.90,9.94,31200,0
2018-02-06,9.92,9.92,9.92,9.92,1000,0
2018-02-07,9.92,9.93,9.92,9.93,400,0
2018-02-08,9.93,9.93,9.93,9.93,-,0
2018-02-09,9.92,9.94,9.92,9.94,5700,0
2018-02-12,9.94,9.94,9.94,9.94,-,0
2018-02-13,9.93,9.93,9.93,9.93,4000,0
2018-02-14,9.90,9.94,9.57,9.93,324300,0
2018-02-15,9.93,9.94,9.92,9.93,2300,0
2018-02-16,9.94,9.95,9.93,9.94,14200,0
2018-02-20,9.94,9.94,9.94,9.94,-,0
2018-02-21,9.93,9.93,9.92,9.92,4500,0
2018-02-22,9.93,9.93,9.92,9.93,108900,0
2018-02-23,9.93,9.93,9.93,9.93,-,0
2018-02-26,9.92,9.92,9.92,9.92,2500,0
2018-02-27,9.92,9.92,9.92,9.92,200,0
2018-02-28,9.93,9.94,9.93,9.93,100500,0
2018-03-01,9.93,9.93,9.92,9.93,2800,0
2018-03-02,9.93,9.93,9.92,9.92,365000,0
2018-03-05,9.93,9.93,9.90,9.90,1000,0
2018-03-06,9.93,9.94,9.90,9.93,15200,0
2018-03-07,9.92,9.95,9.92,9.95,32100,0
2018-03-08,9.97,9.97,9.95,9.95,23500,0
2018-03-09,9.95,9.95,9.95,9.95,1000,0
2018-03-12,9.95,9.95,9.95,9.95,-,0
2018-03-13,9.90,9.93,9.88,9.93,194900,0
2018-03-14,9.91,9.95,9.89,9.92,164900,0
2018-03-15,9.92,9.92,9.92,9.92,-,0
2018-03-16,9.93,9.95,9.92,9.95,800,0
2018-03-19,9.93,9.93,9.91,9.92,108600,0
2018-03-20,9.92,9.92,9.92,9.92,-,0
2018-03-21,9.92,9.92,9.92,9.92,-,0
2018-03-22,9.95,9.95,9.92,9.92,101000,0
2018-03-23,9.96,9.96,9.96,9.96,200,0
2018-03-26,9.96,9.96,9.96,9.96,-,0
2018-03-27,9.93,9.93,9.93,9.93,1100,0
2018-03-28,9.92,9.93,9.92,9.92,24700,0
2018-03-29,9.93,9.93,9.93,9.93,3100,0
2018-04-02,9.94,9.94,9.94,9.94,200,0
2018-04-03,9.94,9.97,9.94,9.95,299600,0
2018-04-04,9.95,9.95,9.95,9.95,-,0
2018-04-05,10.00,10.02,10.00,10.02,868300,0
2018-04-06,10.03,10.03,10.02,10.02,394300,0
2018-04-09,10.35,10.35,10.04,10.04,37186,0