Date,Open,High,Low,Close,Volume,OpenInt
2017-07-28,8.93,9.8,8.93,8.93,155233,0
2017-07-31,9.03,9.15,8.5,8.66,65316,0
2017-08-01,8.5,8.65,7.85,7.85,65525,0
2017-08-02,7.9,8.28,7.4,8,79258,0
2017-08-03,8.09,10.68,8.05,10.5689,119416,0
2017-08-04,10.1037,10.251,8.73,9.01,77222,0
2017-08-07,9.37,9.88,8.62,9.88,54194,0
2017-08-08,10,10.1724,9.0281,9.2,36211,0
2017-08-09,9.19,9.77,8.53,9.77,58833,0
2017-08-10,9.95,9.95,8.77,8.88,65280,0
2017-08-11,8.7,8.9,7.6,8.9,57684,0
2017-08-14,8.2,10,8.2,9.7,59643,0
2017-08-15,9.2,9.7,8.71,9.3,61947,0
2017-08-16,8.71,9.6,8.71,9.19,33204,0
2017-08-17,9.3,11.6,9.054,11,208527,0
2017-08-18,10.95,11,10.13,10.79,80034,0
2017-08-21,10.3,11.55,10.05,11.36,84521,0
2017-08-22,11.36,11.799,11.15,11.27,68312,0
2017-08-23,11.23,11.43,10.5669,10.95,63885,0
2017-08-24,11,11.36,9.85,10.03,131713,0
2017-08-25,10.4,10.4,9.55,9.76,182995,0
2017-08-28,9.82,9.99,9.67,9.79,97773,0
2017-08-29,9.66,9.7095,8.93,9.2,68769,0
2017-08-30,9.19,9.2,8.82,9.1,40467,0
2017-08-31,9.1,9.1,8.82,8.85,29420,0
2017-09-01,9,9.02,8.56,8.71,32594,0
2017-09-05,8.71,8.71,8.36,8.57,11335,0
2017-09-06,8.5265,8.5963,8.03,8.25,58536,0
2017-09-07,8.1,8.25,7.73,8.05,63163,0
2017-09-08,8.1,8.14,7.8,8.03,82493,0
2017-09-11,8.07,8.97,7.81,8.97,50921,0
2017-09-12,8.95,9.8191,8.53,9.21,117783,0
2017-09-13,9.6,9.6,8.82,8.82,42378,0
2017-09-14,8.8,8.8,8.2,8.26,101727,0
2017-09-15,8.35,8.47,7.9,8.27,101637,0
2017-09-18,8.27,8.56,8.1,8.39,116690,0
2017-09-19,8.3,8.75,8.14,8.59,83200,0
2017-09-20,8.56,9.8,8.2701,9.61,270087,0
2017-09-21,9.87,10.98,9.5,9.5,320676,0
2017-09-22,9.45,10.01,8.5501,8.63,155879,0
2017-09-25,8.61,8.7189,8.1,8.6999,336010,0
2017-09-26,8.6,8.66,8.11,8.3,361722,0
2017-09-27,8.38,9.16,8.12,9.135,318253,0
2017-09-28,9.18,9.6,8.86,8.9,340189,0
2017-09-29,9,9.2,8.62,8.62,193620,0
2017-10-02,8.6,8.74,8.28,8.55,178952,0
2017-10-03,8.5,8.5,8.3,8.43,163311,0
2017-10-04,8.51,8.77,8.33,8.65,174219,0
2017-10-05,8.71,9.25,8.32,8.47,231412,0
2017-10-06,8.62,8.76,8.51,8.54,158605,0
2017-10-09,8.52,8.63,8.43,8.57,147608,0
2017-10-10,8.56,8.89,8.5,8.77,127979,0
2017-10-11,8.6,9.27,8.56,8.98,212457,0
2017-10-12,8.97,9.58,8.88,9.47,144937,0
2017-10-13,9.34,9.9,9.1917,9.54,128566,0
2017-10-16,9.43,9.78,8.7501,9.13,118749,0
2017-10-17,8.98,9.33,8.86,9.16,87745,0
2017-10-18,9.08,9.58,9.06,9.42,166772,0
2017-10-19,9.3,9.6378,9.02,9.46,80652,0
2017-10-20,9.37,10.5,9.2,10.3,172394,0
2017-10-23,10.36,10.68,9.57,9.77,107742,0
2017-10-24,9.6,9.97,9.39,9.6,59022,0
2017-10-25,9.57,10.2701,9.46,10.22,52972,0
2017-10-26,9.81,11.45,9.81,11.25,61120,0
2017-10-27,11.248,13.95,11.0001,13.62,195849,0
2017-10-30,13.625,14.48,12.7901,14.24,118448,0
2017-10-31,14.02,14.87,13.6,13.6,91690,0
2017-11-01,13.67,14.96,13.67,14.36,129734,0
2017-11-02,14.2,15.28,13.4513,14.5,155932,0
2017-11-03,14.75,15.749,14.33,15.57,106079,0
2017-11-06,15.8,16.2499,15,15.19,77444,0
2017-11-07,14.92,15.66,12.22,12.22,167482,0
2017-11-08,12.04,13.15,11.6,12.52,143322,0
2017-11-09,12.81,14.22,12.392,13.54,182587,0
2017-11-10,13.78,14.121,12.55,12.79,113132,0
2017-11-13,12.89,14.22,12.67,13.93,130000,0
2017-11-14,14.15,15.01,12.77,12.77,216000,0
2017-11-15,12.80,14.38,12.64,12.64,166400,0
2017-11-16,12.76,13.32,12.50,12.76,71200,0
2017-11-17,13.00,13.15,10.65,10.65,57700,0
2017-11-20,10.55,11.35,10.33,10.86,114700,0
2017-11-21,10.72,10.72,9.68,9.91,162300,0
2017-11-22,10.05,10.19,9.60,9.78,81600,0
2017-11-24,9.61,9.85,9.53,9.74,54600,0
2017-11-27,9.60,9.68,8.66,8.68,147900,0
2017-11-28,8.72,9.96,8.60,9.96,158100,0
2017-11-29,10.05,10.76,9.01,9.33,162000,0
2017-11-30,9.16,9.34,8.90,9.09,120900,0
2017-12-01,9.19,9.84,8.90,9.62,129100,0
2017-12-04,9.82,10.64,9.70,10.39,121500,0
2017-12-05,10.21,10.35,9.50,9.90,146800,0
2017-12-06,9.77,11.32,9.77,11.32,172900,0
2017-12-07,10.91,12.20,10.91,11.78,219200,0
2017-12-08,11.65,12.70,11.48,12.14,199100,0
2017-12-11,12.00,12.70,11.75,12.06,197900,0
2017-12-12,12.11,13.33,12.11,13.15,443500,0
2017-12-13,13.20,14.10,12.07,12.20,450100,0
2017-12-14,12.41,13.37,10.22,10.53,325100,0
2017-12-15,10.63,10.63,8.63,8.77,391100,0
2017-12-18,8.84,9.66,7.86,9.36,561300,0
2017-12-19,9.36,9.93,8.72,9.61,367500,0
2017-12-20,9.53,9.77,9.14,9.58,324200,0
2017-12-21,9.46,9.73,8.57,8.81,239500,0
2017-12-22,8.79,8.88,8.43,8.58,118900,0
2017-12-26,8.75,9.03,8.55,9.03,39400,0
2017-12-27,9.05,9.84,9.05,9.84,76300,0
2017-12-28,9.79,10.22,9.30,10.12,234100,0
2017-12-29,10.01,10.04,9.15,9.39,267500,0
2018-01-02,9.33,9.50,8.90,9.10,135600,0
2018-01-03,8.96,9.33,8.90,9.22,125400,0
2018-01-04,9.04,9.54,8.66,9.51,151400,0
2018-01-05,9.65,11.78,9.23,11.29,257600,0
2018-01-08,11.25,11.29,10.32,10.65,144100,0
2018-01-09,11.22,11.80,10.65,11.66,157800,0
2018-01-10,11.75,12.42,11.64,12.17,102800,0
2018-01-11,12.33,13.50,12.00,13.50,85300,0
2018-01-12,13.88,13.98,12.23,13.00,176700,0
2018-01-16,13.47,16.57,13.47,15.80,329900,0
2018-01-17,20.60,21.00,11.82,11.99,878500,0
2018-01-18,11.99,11.99,10.11,10.66,514400,0
2018-01-19,10.81,11.65,10.42,11.15,242800,0
2018-01-22,11.35,11.35,10.63,11.09,60800,0
2018-01-23,10.54,10.95,10.22,10.40,41200,0
2018-01-24,10.63,11.49,10.50,11.43,36600,0
2018-01-25,11.43,12.40,11.43,11.90,87900,0
2018-01-26,11.84,11.84,10.85,11.22,19600,0
2018-01-29,11.30,11.30,10.50,10.63,21800,0
2018-01-30,10.33,10.80,10.30,10.42,9500,0
2018-01-31,10.50,11.20,10.50,10.85,38700,0
2018-02-01,10.81,11.62,10.33,10.44,34400,0
2018-02-02,10.63,11.49,10.12,11.13,22300,0
2018-02-05,11.15,12.04,10.94,11.80,78500,0
2018-02-06,11.90,12.91,11.03,12.31,72500,0
2018-02-07,12.18,13.69,12.18,12.97,45600,0
2018-02-08,12.78,13.46,12.10,12.41,73800,0
2018-02-09,12.72,13.45,12.60,12.97,51100,0
2018-02-12,13.23,13.60,12.26,12.38,43300,0
2018-02-13,12.55,13.09,11.50,11.54,50300,0
2018-02-14,12.51,13.31,11.95,12.62,36500,0
2018-02-15,12.83,12.90,12.29,12.52,29700,0
2018-02-16,12.91,12.99,12.40,12.41,18200,0
2018-02-20,12.40,12.89,12.06,12.44,36100,0
2018-02-21,12.40,12.40,11.34,11.45,40000,0
2018-02-22,11.50,12.30,11.40,12.19,115700,0
2018-02-23,12.00,13.10,11.84,12.86,99900,0
2018-02-26,12.90,12.93,12.25,12.38,124000,0
2018-02-27,12.50,12.94,12.30,12.71,119500,0
2018-02-28,12.70,12.80,12.09,12.80,170300,0
2018-03-01,12.75,13.85,12.75,13.36,124000,0
2018-03-02,13.40,13.75,12.65,13.50,155700,0
2018-03-05,13.20,13.60,12.77,13.32,133900,0
2018-03-06,13.09,13.09,12.38,12.75,178600,0
2018-03-07,12.73,13.88,12.51,13.86,199700,0
2018-03-08,13.70,15.50,13.34,15.50,177400,0
2018-03-09,15.34,16.20,14.80,15.35,117000,0
2018-03-12,15.25,15.90,14.63,15.38,122700,0
2018-03-13,15.48,16.82,15.20,16.39,183800,0
2018-03-14,16.96,16.96,16.05,16.31,131400,0
2018-03-15,16.45,17.22,16.15,17.15,143200,0
2018-03-16,17.15,17.73,16.85,17.41,166000,0
2018-03-19,17.33,18.86,17.33,18.21,132000,0
2018-03-20,18.00,19.65,17.99,19.20,206000,0
2018-03-21,19.14,19.40,18.05,18.85,166600,0
2018-03-22,18.90,19.36,18.14,18.14,164100,0
2018-03-23,18.03,19.44,18.03,19.12,244900,0
2018-03-26,19.31,20.35,19.31,20.15,326600,0
2018-03-27,20.01,21.50,20.01,20.86,303500,0
2018-03-28,20.80,21.24,20.05,20.33,284000,0
2018-03-29,20.15,21.11,20.10,20.70,286000,0
2018-04-02,20.50,21.90,20.50,21.48,311000,0
2018-04-03,21.53,22.48,20.45,20.52,290400,0
2018-04-04,20.53,23.16,19.50,22.90,314400,0
2018-04-05,22.88,24.43,22.88,24.00,294200,0
2018-04-06,24.12,25.00,23.18,23.79,234100,0
2018-04-09,24.41,24.77,23.55,24.17,274993,0