Date,Open,High,Low,Close,Volume,OpenInt
2017-06-08,24.93,24.97,24.93,24.97,100,0
2017-06-09,24.83,24.97,24.83,24.97,100,0
2017-06-12,24.97,24.97,24.97,24.97,0,0
2017-06-13,24.97,24.97,24.97,24.97,0,0
2017-06-14,25.07,25.07,25.07,25.07,500,0
2017-06-15,25.07,25.07,25.07,25.07,0,0
2017-06-16,25.07,25.07,25.07,25.07,0,0
2017-06-19,25.07,25.07,25.07,25.07,0,0
2017-06-20,25.07,25.07,25.07,25.07,0,0
2017-06-21,25.07,25.07,25.07,25.07,1,0
2017-06-22,24.7928,24.83,24.7928,24.83,2342,0
2017-06-23,24.83,24.83,24.83,24.83,0,0
2017-06-26,24.83,24.83,24.83,24.83,0,0
2017-06-27,24.94,24.94,24.83,24.83,100,0
2017-06-28,25.1499,25.1499,25.1499,25.1499,744,0
2017-06-29,25.1499,25.1499,25.1499,25.1499,0,0
2017-06-30,24.96,25.1499,24.96,25.1499,200,0
2017-07-03,24.94,25.1499,24.94,25.1499,100,0
2017-07-05,25.1499,25.1499,25.1499,25.1499,0,0
2017-07-06,24.74,24.82,24.74,24.79,750,0
2017-07-07,24.79,24.79,24.79,24.79,0,0
2017-07-10,24.79,24.79,24.79,24.79,0,0
2017-07-11,24.79,24.79,24.79,24.79,0,0
2017-07-12,25.11,25.11,25.11,25.11,0,0
2017-07-13,25.11,25.11,25.11,25.11,0,0
2017-07-14,25.11,25.11,25.11,25.11,0,0
2017-07-17,25.11,25.11,25.11,25.11,0,0
2017-07-18,25.11,25.11,25.11,25.11,0,0
2017-07-19,25.11,25.11,25.11,25.11,0,0
2017-07-20,25.11,25.11,25.11,25.11,0,0
2017-07-21,25.4194,25.4194,25.4194,25.4194,428,0
2017-07-24,25.4194,25.4194,25.4194,25.4194,0,0
2017-07-25,25.4194,25.4194,25.4194,25.4194,0,0
2017-07-26,25.4194,25.4194,25.4194,25.4194,0,0
2017-07-27,25.42,25.42,25.42,25.42,119,0
2017-07-28,25.42,25.42,25.42,25.42,0,0
2017-07-31,25.49,25.54,25.4776,25.54,531,0
2017-08-01,25.54,25.54,25.54,25.54,0,0
2017-08-02,25.54,25.54,25.54,25.54,0,0
2017-08-03,25.7,25.7,25.7,25.7,111,0
2017-08-04,25.6699,25.6699,25.6699,25.6699,233,0
2017-08-07,25.7,25.7,25.7,25.7,454,0
2017-08-08,25.7,25.7,25.7,25.7,0,0
2017-08-09,25.7,25.7,25.7,25.7,0,0
2017-08-10,25.7,25.7,25.7,25.7,0,0
2017-08-11,25.21,25.22,25.21,25.22,248,0
2017-08-14,25.22,25.22,25.22,25.22,0,0
2017-08-15,25.22,25.22,25.22,25.22,0,0
2017-08-16,25.5,25.5,25.4999,25.5,720,0
2017-08-17,25.5,25.5,25.5,25.5,0,0
2017-08-18,25.27,25.27,25.27,25.27,600,0
2017-08-21,25.27,25.27,25.27,25.27,0,0
2017-08-22,25.27,25.27,25.27,25.27,0,0
2017-08-23,25.33,25.33,25.33,25.33,121,0
2017-08-24,25.33,25.33,25.33,25.33,0,0
2017-08-25,25.33,25.33,25.33,25.33,0,0
2017-08-28,25.4602,25.4602,25.4602,25.4602,1287,0
2017-08-29,25.38,25.38,25.33,25.33,1196,0
2017-08-30,25.35,25.35,25.29,25.29,1500,0
2017-08-31,25.29,25.29,25.29,25.29,0,0
2017-09-01,25.29,25.29,25.29,25.29,0,0
2017-09-05,25.29,25.29,25.29,25.29,0,0
2017-09-06,25.29,25.29,25.29,25.29,0,0
2017-09-07,25.73,25.73,25.73,25.73,796,0
2017-09-08,25.78,25.78,25.76,25.76,1420,0
2017-09-11,25.96,25.96,25.96,25.96,100,0
2017-09-12,25.96,25.96,25.96,25.96,0,0
2017-09-13,25.96,25.96,25.96,25.96,2882,0
2017-09-14,25.93,25.93,25.93,25.93,528,0
2017-09-15,25.93,25.93,25.93,25.93,0,0
2017-09-18,25.93,25.93,25.93,25.93,0,0
2017-09-19,25.93,25.93,25.93,25.93,0,0
2017-09-20,25.93,25.93,25.93,25.93,0,0
2017-09-21,25.93,25.93,25.93,25.93,0,0
2017-09-22,25.93,25.93,25.93,25.93,0,0
2017-09-25,25.9308,25.9308,25.9308,25.9308,770,0
2017-09-26,25.9308,25.9308,25.9308,25.9308,0,0
2017-09-27,25.909,25.91,25.909,25.9099,1928,0
2017-09-28,25.9099,25.9099,25.9099,25.9099,0,0
2017-09-29,25.9099,25.9099,25.9099,25.9099,0,0
2017-10-02,26.05,26.19,26.03,26.18,23007,0
2017-10-03,26.14,26.17,26.14,26.17,100774,0
2017-10-04,26.16,26.17,26.16,26.16,6874,0
2017-10-05,26.1,26.15,26.098,26.14,13002,0
2017-10-06,26.03,26.09,26.03,26.08,11314,0
2017-10-09,26.16,26.16,26.1,26.1,10201,0
2017-10-10,26.3,26.3,26.3,26.3,10000,0
2017-10-11,26.38,26.38,26.38,26.38,10000,0
2017-10-12,26.38,26.41,26.38,26.41,10827,0
2017-10-13,26.41,26.41,26.41,26.41,10838,0
2017-10-16,26.48,26.48,26.442,26.442,10333,0
2017-10-17,26.39,26.39,26.39,26.39,100005,0
2017-10-18,26.47,26.47,26.47,26.47,10093,0
2017-10-19,26.44,26.49,26.44,26.46,11115,0
2017-10-20,26.42,26.44,26.4181,26.4181,4003,0
2017-10-23,26.45,26.45,26.4028,26.4028,100599,0
2017-10-24,26.43,26.49,26.38,26.49,12896,0
2017-10-25,26.39,26.39,26.38,26.38,10912,0
2017-10-26,26.42,26.499,26.42,26.48,10506,0
2017-10-27,26.36,26.36,26.35,26.35,10284,0
2017-10-30,26.42,26.51,26.42,26.475,22458,0
2017-10-31,26.57,26.57,26.57,26.57,43,0
2017-11-01,26.7599,26.7599,26.64,26.64,10380,0
2017-11-02,26.64,26.65,26.64,26.65,10453,0
2017-11-03,26.65,26.7,26.63,26.69,13420,0
2017-11-06,26.61,26.61,26.61,26.61,100007,0
2017-11-07,26.57,26.57,26.57,26.57,11645,0
2017-11-08,26.7499,26.8,26.7499,26.8,13971,0
2017-11-09,26.5,26.53,26.48,26.53,56049,0
2017-11-10,26.53,26.53,26.42,26.42,11906,0
2017-11-14,26.26,26.38,26.26,26.35,10800,0
2017-11-15,26.17,26.23,26.17,26.23,10300,0
2017-11-16,26.43,26.50,26.38,26.48,10400,0
2017-11-17,26.34,26.36,26.32,26.32,14600,0
2017-11-20,26.44,26.44,26.34,26.38,101400,0
2017-11-21,26.62,26.62,26.54,26.60,10400,0
2017-11-22,26.69,26.69,26.56,26.56,12600,0
2017-11-24,26.84,26.85,26.81,26.81,2300,0
2017-11-27,26.81,26.83,26.70,26.70,13600,0
2017-11-28,26.63,26.79,26.63,26.77,10400,0
2017-11-29,26.75,26.75,26.74,26.74,50100,0
2017-11-30,26.77,26.82,26.77,26.82,42600,0
2017-12-01,26.53,26.67,26.53,26.67,400,0
2017-12-04,26.67,26.67,26.67,26.67,100,0
2017-12-05,26.55,26.56,26.53,26.53,2700,0
2017-12-06,26.31,26.31,26.31,26.31,400,0
2017-12-07,26.54,26.54,26.54,26.54,100,0
2017-12-08,26.63,26.63,26.63,26.63,300,0
2017-12-11,26.64,26.64,26.64,26.64,1800,0
2017-12-12,26.73,26.73,26.68,26.71,2100,0
2017-12-13,26.75,26.85,26.74,26.81,1500,0
2017-12-14,26.72,26.72,26.59,26.67,15800,0
2017-12-15,26.67,26.67,26.67,26.67,-,0
2017-12-18,26.91,26.99,26.91,26.99,200,0
2017-12-19,26.85,26.86,26.85,26.86,8100,0
2017-12-20,26.80,26.80,26.80,26.80,1400,0
2017-12-21,26.88,26.88,26.71,26.71,2000,0
2017-12-22,26.90,26.91,26.90,26.91,3500,0
2017-12-26,26.78,26.78,26.78,26.78,100,0
2017-12-27,26.87,26.87,26.87,26.87,500,0
2017-12-28,26.94,26.94,26.83,26.94,28200,0
2017-12-29,27.03,27.03,26.89,26.94,2600,0
2018-01-02,27.02,27.02,26.94,26.94,100,0
2018-01-03,27.28,27.28,27.28,27.28,600,0
2018-01-04,27.28,27.28,27.28,27.28,100,0
2018-01-05,27.68,27.71,27.68,27.71,1000,0
2018-01-08,27.69,27.72,27.69,27.69,1400,0
2018-01-09,27.72,27.74,27.71,27.74,1300,0
2018-01-10,27.72,27.72,27.72,27.72,100,0
2018-01-11,27.80,27.80,27.80,27.80,500,0
2018-01-12,28.02,28.07,27.99,28.05,2500,0
2018-01-16,28.16,28.16,28.08,28.08,400,0
2018-01-17,28.20,28.20,28.20,28.20,800,0
2018-01-18,28.11,28.15,28.11,28.15,500,0
2018-01-19,28.15,28.15,28.15,28.15,100,0
2018-01-22,28.35,28.44,28.35,28.44,200,0
2018-01-23,28.44,28.44,28.44,28.44,100,0
2018-01-24,28.78,28.78,28.58,28.60,3300,0
2018-01-25,28.58,28.58,28.58,28.58,100,0
2018-01-26,28.58,28.58,28.58,28.58,100,0
2018-01-29,28.42,28.42,28.42,28.42,600,0
2018-01-30,28.35,28.35,28.24,28.24,2600,0
2018-01-31,28.15,28.18,28.15,28.18,2100,0
2018-02-01,28.18,28.18,28.18,28.18,100,0
2018-02-02,27.97,27.97,27.81,27.81,1400,0
2018-02-05,27.24,27.24,27.24,27.24,500,0
2018-02-06,26.74,26.95,26.44,26.95,2700,0
2018-02-07,26.79,26.79,26.69,26.69,2900,0
2018-02-08,26.15,26.15,26.14,26.14,1600,0
2018-02-09,25.95,25.98,25.95,25.98,1300,0
2018-02-12,26.31,26.31,26.31,26.31,300,0
2018-02-13,26.31,26.31,26.31,26.31,100,0
2018-02-14,26.31,26.31,26.31,26.31,100,0
2018-02-15,26.31,26.31,26.31,26.31,100,0
2018-02-16,27.25,27.25,27.25,27.25,700,0
2018-02-20,27.25,27.25,27.25,27.25,100,0
2018-02-21,27.05,27.05,27.05,27.05,1500,0
2018-02-22,27.05,27.05,27.05,27.05,100,0
2018-02-23,27.08,27.18,27.06,27.18,1200,0
2018-02-26,27.24,27.37,27.23,27.37,800,0
2018-02-27,27.13,27.14,27.13,27.14,1700,0
2018-02-28,26.97,27.06,26.90,26.90,67300,0
2018-03-01,26.50,26.50,26.28,26.28,2900,0
2018-03-02,26.25,26.37,26.25,26.37,1600,0
2018-03-05,26.55,26.55,26.55,26.55,300,0
2018-03-06,26.75,26.77,26.69,26.73,1300,0
2018-03-07,26.60,26.66,26.58,26.66,4000,0
2018-03-08,26.78,26.78,26.73,26.75,3800,0
2018-03-09,26.89,27.00,26.89,27.00,900,0
2018-03-12,27.06,27.06,27.03,27.05,2100,0
2018-03-13,26.89,26.89,26.89,26.89,200,0
2018-03-14,26.89,27.00,26.88,27.00,5100,0
2018-03-15,26.91,26.91,26.91,26.91,400,0
2018-03-16,26.83,26.86,26.83,26.86,1600,0
2018-03-19,26.72,26.72,26.72,26.72,1000,0
2018-03-20,26.65,26.68,26.59,26.68,4700,0
2018-03-21,26.64,26.67,26.61,26.67,2900,0
2018-03-22,26.32,26.41,26.21,26.21,2100,0
2018-03-23,26.17,26.18,26.10,26.10,11300,0
2018-03-26,25.97,26.00,25.97,26.00,500,0
2018-03-27,26.38,26.38,26.27,26.28,1400,0
2018-03-28,26.25,26.27,26.25,26.27,15600,0
2018-03-29,26.50,26.50,26.41,26.45,700,0
2018-04-02,26.26,26.26,26.06,26.23,24900,0
2018-04-03,26.23,26.23,26.23,26.23,100,0
2018-04-04,26.14,26.28,26.08,26.28,2400,0
2018-04-05,26.56,26.57,26.55,26.55,2500,0
2018-04-06,26.56,26.56,26.34,26.34,3100,0
2018-04-09,26.63,26.75,26.58,26.64,5999,0