Date,Open,High,Low,Close,Volume,OpenInt
2017-06-08,25.27,25.28,25.27,25.27,621,0
2017-06-09,25.27,25.27,25.27,25.27,0,0
2017-06-12,25.27,25.27,25.27,25.27,0,0
2017-06-13,25.01,25.01,25.01,25.01,439,0
2017-06-14,25.27,25.27,25.27,25.27,2500,0
2017-06-15,24.87,24.87,24.87,24.87,0,0
2017-06-16,24.87,24.87,24.87,24.87,0,0
2017-06-19,24.87,24.87,24.87,24.87,0,0
2017-06-20,24.87,24.87,24.87,24.87,0,0
2017-06-21,24.83,24.83,24.83,24.83,399,0
2017-06-22,24.83,24.83,24.83,24.83,0,0
2017-06-23,24.83,24.83,24.83,24.83,0,0
2017-06-26,24.83,24.83,24.83,24.83,0,0
2017-06-27,24.83,24.83,24.83,24.83,0,0
2017-06-28,25.18,25.27,25.18,25.1899,739,0
2017-06-29,25.08,25.08,24.9925,24.9925,1661,0
2017-06-30,25.1495,25.1495,25.1495,25.1495,390,0
2017-07-03,25.1495,25.1495,25.1495,25.1495,0,0
2017-07-05,25.1495,25.1495,25.1495,25.1495,0,0
2017-07-06,25.0671,25.07,25.0286,25.0286,3055,0
2017-07-07,25.0286,25.0286,25.0286,25.0286,0,0
2017-07-10,25.0286,25.0286,25.0286,25.0286,0,0
2017-07-11,25.0286,25.0286,25.0286,25.0286,0,0
2017-07-12,25.0286,25.0286,25.0286,25.0286,0,0
2017-07-13,25.89,25.95,25.865,25.95,1311,0
2017-07-14,26.15,26.23,26.14,26.2294,1960,0
2017-07-17,26.14,26.14,26.14,26.14,535,0
2017-07-18,26.1969,26.2394,26.1969,26.2394,582,0
2017-07-19,26.3896,26.43,26.3896,26.4037,584,0
2017-07-20,26.4136,26.53,26.4062,26.51,20243,0
2017-07-21,26.4099,26.41,26.351,26.351,711,0
2017-07-24,26.5162,26.5162,26.5162,26.5162,278,0
2017-07-25,26.4799,26.48,26.46,26.46,786,0
2017-07-26,26.45,26.59,26.41,26.59,2021,0
2017-07-27,26.62,26.62,26.39,26.39,446,0
2017-07-28,26.309,26.32,26.309,26.32,671,0
2017-07-31,26.42,26.42,26.3684,26.39,812,0
2017-08-01,26.52,26.53,26.4401,26.4401,1065,0
2017-08-02,26.4401,26.4401,26.4401,26.4401,0,0
2017-08-03,26.34,26.37,26.32,26.36,792,0
2017-08-04,26.36,26.36,26.36,26.36,0,0
2017-08-07,26.72,26.72,26.7156,26.72,852,0
2017-08-08,26.72,26.72,26.72,26.72,0,0
2017-08-09,26.72,26.72,26.72,26.72,0,0
2017-08-10,26.72,26.72,26.72,26.72,0,0
2017-08-11,26.16,26.2,26.16,26.2,243,0
2017-08-14,26.51,26.51,26.46,26.46,214,0
2017-08-15,26.63,26.64,26.42,26.42,1329,0
2017-08-16,26.42,26.42,26.42,26.42,0,0
2017-08-17,26.42,26.42,26.42,26.42,0,0
2017-08-18,26.42,26.42,26.42,26.42,0,0
2017-08-21,26.57,26.57,26.57,26.57,500,0
2017-08-22,26.8588,26.8588,26.8588,26.8588,100,0
2017-08-23,26.8588,26.8588,26.8588,26.8588,0,0
2017-08-24,27.0571,27.0571,27.0571,27.0571,204,0
2017-08-25,27.0571,27.0571,27.0571,27.0571,0,0
2017-08-28,27.0571,27.0571,27.0571,27.0571,0,0
2017-08-29,27.0571,27.0571,27.0571,27.0571,0,0
2017-08-30,27.16,27.16,27.16,27.16,500,0
2017-08-31,27.21,27.21,27.21,27.21,222,0
2017-09-01,27.21,27.21,27.21,27.21,0,0
2017-09-05,27.1,27.1,27.07,27.07,1007,0
2017-09-06,27.07,27.07,27.07,27.07,0,0
2017-09-07,27.07,27.07,27.07,27.07,0,0
2017-09-08,26.9799,26.9799,26.9799,26.9799,115,0
2017-09-11,27.23,27.23,27.23,27.23,0,0
2017-09-12,27.23,27.23,27.23,27.23,0,0
2017-09-13,27.2854,27.2854,27.2854,27.2854,144,0
2017-09-14,27.2854,27.2854,27.2854,27.2854,0,0
2017-09-15,27.2854,27.2854,27.2854,27.2854,0,0
2017-09-18,27.7719,27.7719,27.753,27.753,697,0
2017-09-19,27.753,27.753,27.753,27.753,0,0
2017-09-20,27.753,27.753,27.753,27.753,0,0
2017-09-21,27.753,27.753,27.753,27.753,0,0
2017-09-22,27.4799,27.48,27.4799,27.48,740,0
2017-09-25,27.24,27.24,26.95,26.97,739,0
2017-09-26,27.12,27.12,27.12,27.12,112,0
2017-09-27,27.12,27.12,27.12,27.12,0,0
2017-09-28,27.12,27.12,27.12,27.12,0,0
2017-09-29,27.12,27.12,27.12,27.12,0,0
2017-10-02,27.21,27.3399,27.16,27.28,19020,0
2017-10-03,27.49,27.49,27.49,27.49,100000,0
2017-10-04,27.61,27.63,27.61,27.62,6242,0
2017-10-05,27.78,27.83,27.71,27.82,13250,0
2017-10-06,27.6316,27.74,27.6316,27.74,11871,0
2017-10-09,27.6,27.6,27.6,27.6,10000,0
2017-10-10,27.89,27.92,27.88,27.88,10678,0
2017-10-11,27.96,27.96,27.96,27.96,10079,0
2017-10-12,28.04,28.04,28.04,28.04,132,0
2017-10-13,28.32,28.32,28.32,28.32,10000,0
2017-10-16,28.32,28.32,28.3099,28.3099,10273,0
2017-10-17,28.12,28.19,28.12,28.19,10106,0
2017-10-18,28.16,28.16,28.1,28.16,10196,0
2017-10-19,27.96,27.96,27.88,27.88,11862,0
2017-10-20,28.05,28.07,28.0458,28.07,2460,0
2017-10-23,28.13,28.13,27.96,27.98,100445,0
2017-10-24,27.86,27.86,27.86,27.86,10020,0
2017-10-25,27.86,27.86,27.86,27.86,10021,0
2017-10-26,27.96,27.96,27.81,27.9,10402,0
2017-10-27,27.9,28.07,27.9,28.07,10418,0
2017-10-30,27.87,27.87,27.87,27.87,10071,0
2017-10-31,28.05,28.05,28.0499,28.0499,5578,0
2017-11-01,28.16,28.19,28.16,28.19,12260,0
2017-11-02,28.28,28.28,28.13,28.13,12698,0
2017-11-03,27.96,27.96,27.96,27.96,10003,0
2017-11-06,28.3,28.4299,28.3,28.4299,100205,0
2017-11-07,28.22,28.28,28.22,28.25,10509,0
2017-11-08,28.38,28.47,28.36,28.47,13246,0
2017-11-09,28.23,28.27,28.138,28.27,10439,0
2017-11-10,28.22,28.22,28.14,28.14,10241,0
2017-11-14,28.14,28.14,28.07,28.07,12500,0
2017-11-15,27.98,27.98,27.85,27.92,10400,0
2017-11-16,28.42,28.50,28.39,28.50,10700,0
2017-11-17,28.55,28.55,28.53,28.53,10600,0
2017-11-20,28.59,28.59,28.59,28.59,100000,0
2017-11-21,29.00,29.05,29.00,29.00,10200,0
2017-11-22,29.08,29.08,28.97,28.98,12500,0
2017-11-24,28.91,28.91,28.91,28.91,700,0
2017-11-27,28.78,28.79,28.60,28.61,14700,0
2017-11-28,28.75,28.94,28.75,28.88,10300,0
2017-11-29,28.52,28.53,28.46,28.49,22400,0
2017-11-30,28.27,28.27,28.27,28.27,15900,0
2017-12-01,28.08,28.10,28.08,28.10,1000,0
2017-12-04,28.43,28.43,28.43,28.43,800,0
2017-12-05,28.31,28.31,28.17,28.17,800,0
2017-12-06,27.80,27.84,27.74,27.79,2500,0
2017-12-07,27.82,27.82,27.80,27.80,700,0
2017-12-08,28.22,28.26,28.05,28.06,5200,0
2017-12-11,28.35,28.35,28.35,28.35,100,0
2017-12-12,28.09,28.14,28.02,28.13,4400,0
2017-12-13,28.45,28.58,28.45,28.55,800,0
2017-12-14,28.48,28.48,28.36,28.39,4700,0
2017-12-15,28.36,28.38,28.27,28.36,7700,0
2017-12-18,28.60,28.60,28.60,28.60,100,0
2017-12-19,28.69,28.69,28.59,28.59,2100,0
2017-12-20,28.76,28.76,28.67,28.71,2400,0
2017-12-21,28.89,28.92,28.89,28.92,800,0
2017-12-22,29.04,29.09,29.04,29.08,6900,0
2017-12-26,28.93,28.93,28.93,28.93,1500,0
2017-12-27,28.93,28.93,28.93,28.93,200,0
2017-12-28,29.26,29.28,29.24,29.24,3700,0
2017-12-29,29.45,29.45,29.45,29.45,200,0
2018-01-02,29.88,29.95,29.86,29.95,1600,0
2018-01-03,30.17,30.17,30.17,30.17,200,0
2018-01-04,30.24,30.24,30.19,30.19,600,0
2018-01-05,30.42,30.42,30.40,30.40,700,0
2018-01-08,30.55,30.55,30.52,30.52,700,0
2018-01-09,30.54,30.54,30.47,30.47,900,0
2018-01-10,30.36,30.36,30.31,30.31,400,0
2018-01-11,30.38,30.54,30.37,30.53,4200,0
2018-01-12,30.83,30.83,30.77,30.77,1000,0
2018-01-16,30.88,30.88,30.65,30.65,900,0
2018-01-17,30.97,31.13,30.89,31.10,1900,0
2018-01-18,31.00,31.05,31.00,31.05,600,0
2018-01-19,31.17,31.28,31.17,31.28,500,0
2018-01-22,31.50,31.50,31.50,31.50,600,0
2018-01-23,31.72,31.72,31.72,31.72,900,0
2018-01-24,31.76,31.96,31.76,31.86,600,0
2018-01-25,32.04,32.04,32.04,32.04,200,0
2018-01-26,32.04,32.04,32.04,32.04,100,0
2018-01-29,31.79,31.84,31.72,31.81,2400,0
2018-01-30,31.51,31.51,31.51,31.51,700,0
2018-01-31,31.63,31.63,31.38,31.38,900,0
2018-02-01,31.42,31.42,31.42,31.42,300,0
2018-02-02,30.65,30.67,30.59,30.60,3400,0
2018-02-05,30.37,30.51,30.00,30.00,1600,0
2018-02-06,29.62,30.40,29.62,30.33,3200,0
2018-02-07,29.90,29.90,29.53,29.53,3500,0
2018-02-08,29.62,29.62,28.72,28.72,3100,0
2018-02-09,28.69,29.06,28.40,28.88,800,0
2018-02-12,28.88,28.88,28.88,28.88,100,0
2018-02-13,29.69,29.69,29.69,29.69,200,0
2018-02-14,30.45,30.45,30.45,30.45,500,0
2018-02-15,30.45,30.45,30.45,30.45,100,0
2018-02-16,30.92,30.92,30.92,30.92,200,0
2018-02-20,30.92,30.92,30.92,30.92,100,0
2018-02-21,30.90,30.92,30.90,30.92,700,0
2018-02-22,30.92,30.92,30.92,30.92,100,0
2018-02-23,30.93,31.01,30.85,31.01,1300,0
2018-02-26,31.18,31.18,31.18,31.18,800,0
2018-02-27,30.90,31.01,30.56,30.56,1700,0
2018-02-28,30.54,30.54,30.20,30.20,25600,0
2018-03-01,30.31,30.31,29.95,29.95,700,0
2018-03-02,29.74,30.01,29.58,30.01,1900,0
2018-03-05,30.10,30.15,30.07,30.15,500,0
2018-03-06,30.39,30.39,30.20,30.20,400,0
2018-03-07,30.02,30.09,29.89,30.09,700,0
2018-03-08,30.18,30.18,30.18,30.18,700,0
2018-03-09,30.79,30.89,30.79,30.89,2400,0
2018-03-12,30.91,30.93,30.91,30.93,2500,0
2018-03-13,30.74,30.74,30.74,30.74,500,0
2018-03-14,30.68,30.68,30.44,30.45,2200,0
2018-03-15,30.45,30.45,30.45,30.45,600,0
2018-03-16,30.39,30.39,30.39,30.39,1200,0
2018-03-19,30.21,30.21,30.21,30.21,600,0
2018-03-20,30.40,30.50,30.28,30.44,5700,0
2018-03-21,30.19,30.59,30.19,30.48,1400,0
2018-03-22,29.82,30.01,29.34,29.36,4700,0
2018-03-23,29.42,29.45,29.09,29.09,4000,0
2018-03-26,29.77,29.85,29.59,29.77,1800,0
2018-03-27,29.84,29.84,29.55,29.55,900,0
2018-03-28,29.55,29.55,29.55,29.55,100,0
2018-03-29,29.66,29.66,29.66,29.66,-,0
2018-04-02,29.61,29.61,28.95,29.07,11300,0
2018-04-03,29.07,29.07,29.07,29.07,100,0
2018-04-04,28.85,29.53,28.85,29.53,2300,0
2018-04-05,29.74,29.74,29.74,29.74,300,0
2018-04-06,29.35,29.35,29.13,29.13,3800,0
2018-04-09,29.24,29.49,29.24,29.40,2502,0