Date,Open,High,Low,Close,Volume,OpenInt
2017-01-17,25.49,25.54,25.17,25.17,1131,0
2017-01-18,25.17,25.17,25.17,25.17,0,0
2017-01-19,25.17,25.17,25.17,25.17,0,0
2017-01-20,25.17,25.17,25.17,25.17,0,0
2017-01-23,25.22,25.22,25.22,25.22,811,0
2017-01-24,25.22,25.22,25.22,25.22,0,0
2017-01-25,25.22,25.22,25.22,25.22,0,0
2017-01-26,25.22,25.22,25.22,25.22,0,0
2017-01-27,25.22,25.22,25.22,25.22,0,0
2017-01-30,25.22,25.22,25.22,25.22,0,0
2017-01-31,25.22,25.22,25.22,25.22,0,0
2017-02-01,25.22,25.22,25.22,25.22,0,0
2017-02-02,25.22,25.22,25.22,25.22,0,0
2017-02-03,25.22,25.22,25.22,25.22,0,0
2017-02-06,25.79,25.79,25.68,25.68,500,0
2017-02-07,25.68,25.68,25.68,25.68,0,0
2017-02-08,25.68,25.68,25.68,25.68,0,0
2017-02-09,25.68,25.68,25.68,25.68,0,0
2017-02-10,26.07,26.07,25.95,25.95,200,0
2017-02-13,25.95,25.95,25.95,25.95,0,0
2017-02-14,25.95,25.95,25.95,25.95,0,0
2017-02-15,25.95,25.95,25.95,25.95,0,0
2017-02-16,25.95,25.95,25.95,25.95,0,0
2017-02-17,25.95,25.95,25.95,25.95,0,0
2017-02-21,25.95,25.95,25.95,25.95,0,0
2017-02-22,25.95,25.95,25.95,25.95,0,0
2017-02-23,25.95,25.95,25.95,25.95,0,0
2017-02-24,25.95,25.95,25.95,25.95,0,0
2017-02-27,26.4699,26.4699,26.4699,26.4699,657,0
2017-02-28,26.22,26.22,26.22,26.22,100,0
2017-03-01,26.22,26.22,26.22,26.22,0,0
2017-03-02,26.22,26.22,26.22,26.22,0,0
2017-03-03,26.54,26.54,26.54,26.54,1600,0
2017-03-06,26.2999,26.63,26.2999,26.62,4176,0
2017-03-07,26.13,26.13,26.13,26.13,2695,0
2017-03-08,26.13,26.13,26.13,26.13,0,0
2017-03-09,26.13,26.13,26.13,26.13,0,0
2017-03-10,26.13,26.13,26.13,26.13,0,0
2017-03-13,26.13,26.13,26.13,26.13,0,0
2017-03-14,26.17,26.2,26.13,26.19,1074,0
2017-03-15,26.19,26.19,26.19,26.19,0,0
2017-03-16,26.19,26.19,26.19,26.19,0,0
2017-03-17,26.19,26.19,26.19,26.19,0,0
2017-03-20,26.3765,26.3836,26.3765,26.3836,260,0
2017-03-21,26.3836,26.3836,26.3836,26.3836,0,0
2017-03-22,26.3836,26.3836,26.3836,26.3836,0,0
2017-03-23,26.3836,26.3836,26.3836,26.3836,0,0
2017-03-24,26.3836,26.3836,26.3836,26.3836,0,0
2017-03-27,26.21,26.21,26.21,26.21,213,0
2017-03-28,26.21,26.21,26.21,26.21,0,0
2017-03-29,26.4128,26.4128,26.4128,26.4128,3926,0
2017-03-30,26.41,26.41,26.41,26.41,269,0
2017-03-31,26.4,26.4,26.4,26.4,657,0
2017-04-05,26.5,26.5,25.9488,25.99,10651,0
2017-04-06,25.99,25.99,25.99,25.99,0,0
2017-04-07,25.984,25.984,25.984,25.984,270,0
2017-04-10,25.984,25.984,25.984,25.984,0,0
2017-04-11,25.984,25.984,25.984,25.984,93,0
2017-04-12,25.9,25.9,25.9,25.9,700,0
2017-04-13,26,26,26,26,118,0
2017-04-17,25.8599,25.8599,25.835,25.835,651,0
2017-04-18,25.835,25.835,25.835,25.835,0,0
2017-04-19,26.0294,26.0294,26.0294,26.0294,334,0
2017-04-20,26.1,26.2294,26.0799,26.2294,805,0
2017-04-21,26.2294,26.2294,26.2294,26.2294,0,0
2017-04-24,26.46,26.46,26.4599,26.4599,532,0
2017-04-25,26.4599,26.4599,26.4599,26.4599,0,0
2017-04-26,26.75,26.75,26.75,26.75,308,0
2017-04-27,26.75,26.75,26.75,26.75,0,0
2017-04-28,26.4898,26.4898,26.4898,26.4898,145,0
2017-05-01,26.4898,26.4898,26.4898,26.4898,0,0
2017-05-02,26.4898,26.4898,26.4898,26.4898,0,0
2017-05-03,26.4898,26.4898,26.4898,26.4898,0,0
2017-05-04,26.4898,26.4898,26.4898,26.4898,0,0
2017-05-05,26.6299,26.6299,26.5706,26.5706,380,0
2017-05-08,26.66,26.66,26.61,26.61,560,0
2017-05-09,26.61,26.61,26.61,26.61,0,0
2017-05-10,26.61,26.61,26.61,26.61,0,0
2017-05-11,26.61,26.61,26.61,26.61,0,0
2017-05-12,26.61,26.61,26.61,26.61,0,0
2017-05-15,27.62,27.62,27.62,27.62,412,0
2017-05-16,26.474,26.474,26.474,26.474,194,0
2017-05-17,26.2999,26.2999,26.1899,26.1899,853,0
2017-05-18,26.1899,26.1899,26.1899,26.1899,15,0
2017-05-19,26.1899,26.1899,26.1899,26.1899,0,0
2017-05-22,26.5199,26.5199,26.496,26.496,259,0
2017-05-23,26.58,26.58,26.538,26.538,503,0
2017-05-24,26.54,26.54,26.53,26.53,456,0
2017-05-25,26.53,26.53,26.53,26.53,0,0
2017-05-26,26.6899,26.6899,26.6112,26.6112,580,0
2017-05-30,26.6112,26.6112,26.6112,26.6112,0,0
2017-05-31,26.6112,26.6112,26.6112,26.6112,0,0
2017-06-01,26.6112,26.6112,26.6112,26.6112,0,0
2017-06-02,27.09,27.09,27.073,27.073,1019,0
2017-06-05,27.19,27.19,27.0958,27.0958,328,0
2017-06-06,27.03,27.03,26.89,26.89,2610,0
2017-06-07,26.89,26.89,26.89,26.89,0,0
2017-06-08,26.89,26.89,26.89,26.89,0,0
2017-06-09,27.0199,27.02,27.0199,27.02,649,0
2017-06-12,26.8454,26.8454,26.8454,26.8454,226,0
2017-06-13,27.05,27.05,27.05,27.05,942,0
2017-06-14,27.05,27.05,27.05,27.05,0,0
2017-06-15,27.05,27.05,27.05,27.05,0,0
2017-06-16,26.99,26.99,26.9,26.94,2465,0
2017-06-19,27.23,27.23,27.186,27.186,368,0
2017-06-20,27.119,27.12,27.119,27.12,467,0
2017-06-21,27.01,27.01,27.01,27.01,387,0
2017-06-22,26.9065,27.1489,26.9065,27.1489,592,0
2017-06-23,27.26,27.27,27.26,27.27,759,0
2017-06-26,27.36,27.36,27.2245,27.3,2224,0
2017-06-27,27.3,27.3,27.3,27.3,0,0
2017-06-28,27.3,27.3,27.3,27.3,0,0
2017-06-29,27.309,27.32,26.9324,26.95,2447,0
2017-06-30,27.07,27.18,27.07,27.18,218,0
2017-07-03,27.28,27.28,27.17,27.2,1426,0
2017-07-05,27.2,27.2,27.2,27.2,0,0
2017-07-06,27.2,27.2,27.2,27.2,0,0
2017-07-07,27.79,27.79,27.01,27.09,6650,0
2017-07-10,27.09,27.09,27.09,27.09,0,0
2017-07-11,27.0802,27.0802,27.0802,27.0802,182,0
2017-07-12,27.0802,27.0802,27.0802,27.0802,0,0
2017-07-13,27.37,27.37,27.3562,27.3562,3073,0
2017-07-14,27.55,27.55,27.55,27.55,194,0
2017-07-17,27.55,27.59,27.51,27.51,2418,0
2017-07-18,27.48,27.48,27.41,27.4396,831,0
2017-07-19,27.62,27.62,27.62,27.62,203,0
2017-07-20,27.6399,27.64,27.61,27.61,806,0
2017-07-21,27.68,27.68,27.68,27.68,151,0
2017-07-24,27.6,27.6,27.6,27.6,174,0
2017-07-25,27.6,27.6,27.6,27.6,0,0
2017-07-26,27.52,27.52,27.52,27.52,109,0
2017-07-27,27.56,27.57,27.3004,27.33,2240,0
2017-07-28,27.4,27.4,27.4,27.4,650,0
2017-07-31,27.4,27.4,27.4,27.4,0,0
2017-08-01,27.4,27.4,27.4,27.4,0,0
2017-08-02,27.4,27.4,27.4,27.4,0,0
2017-08-03,27.4,27.4,27.4,27.4,0,0
2017-08-04,27.4,27.4,27.4,27.4,0,0
2017-08-07,27.3499,27.3499,27.2956,27.2956,515,0
2017-08-08,27.2956,27.2956,27.2956,27.2956,0,0
2017-08-09,27.2956,27.2956,27.2956,27.2956,0,0
2017-08-10,26.52,26.52,26.52,26.52,320,0
2017-08-11,26.77,26.77,26.76,26.76,252,0
2017-08-14,26.86,26.86,26.86,26.86,117,0
2017-08-15,26.81,26.81,26.72,26.8099,700,0
2017-08-16,26.922,26.922,26.922,26.922,554,0
2017-08-17,26.922,26.922,26.922,26.922,0,0
2017-08-18,26.5296,26.5296,26.5296,26.5296,185,0
2017-08-21,26.5296,26.5296,26.5296,26.5296,0,0
2017-08-22,26.65,26.65,26.65,26.65,119,0
2017-08-23,26.7199,26.7199,26.6774,26.6774,769,0
2017-08-24,26.7126,26.7126,26.7126,26.7126,198,0
2017-08-25,26.7126,26.7126,26.7126,26.7126,0,0
2017-08-28,26.7599,26.7599,26.736,26.736,344,0
2017-08-29,26.56,26.74,26.56,26.74,497,0
2017-08-30,26.74,26.74,26.74,26.74,0,0
2017-08-31,26.74,26.74,26.74,26.74,0,0
2017-09-01,27.28,27.28,27.2794,27.2794,675,0
2017-09-05,27.15,27.15,27.1209,27.13,1188,0
2017-09-06,27.1999,27.2,27.185,27.2,1840,0
2017-09-07,27.1617,27.17,27.1617,27.17,14341,0
2017-09-08,27.21,27.21,27.21,27.21,389,0
2017-09-11,27.51,27.51,27.45,27.5,456,0
2017-09-12,27.54,27.59,27.54,27.57,5281,0
2017-09-13,27.57,27.57,27.566,27.566,786,0
2017-09-14,27.56,27.56,27.56,27.56,107,0
2017-09-15,27.62,27.62,27.62,27.62,111,0
2017-09-18,27.63,27.64,27.56,27.56,1085,0
2017-09-19,27.54,27.54,27.4699,27.47,838,0
2017-09-20,27.51,27.51,27.5,27.5,525,0
2017-09-21,27.7,27.7,27.4194,27.4194,367,0
2017-09-22,27.48,27.48,27.48,27.48,103,0
2017-09-25,27.8,27.8,27.44,27.44,746,0
2017-09-26,27.5,27.5,27.5,27.5,167,0
2017-09-27,27.86,27.86,27.665,27.67,577,0
2017-09-28,27.56,27.573,27.56,27.573,332,0
2017-09-29,27.71,27.71,27.71,27.71,106,0
2017-10-02,27.8799,27.97,27.8699,27.91,26857,0
2017-10-03,27.94,27.94,27.93,27.93,50208,0
2017-10-04,27.97,28.04,27.97,28.04,252,0
2017-10-05,28.02,28.08,28.02,28.08,12123,0
2017-10-06,28.1,28.1,28.02,28.02,11727,0
2017-10-09,28.04,28.04,27.98,27.99,11173,0
2017-10-10,28.04,28.04,27.97,27.98,10963,0
2017-10-11,27.92,27.96,27.92,27.96,50167,0
2017-10-12,28.04,28.08,28.04,28.08,50105,0
2017-10-13,28.11,28.115,28.11,28.115,207,0
2017-10-16,28.02,28.05,28.02,28.05,54411,0
2017-10-17,28.07,28.07,28.02,28.05,10563,0
2017-10-18,28.13,28.13,28.13,28.13,10000,0
2017-10-19,28.0499,28.18,28.0499,28.18,50102,0
2017-10-20,28.34,28.43,28.34,28.4,10514,0
2017-10-23,28.44,28.44,28.35,28.36,51075,0
2017-10-24,28.3622,28.37,28.36,28.36,11733,0
2017-10-25,28.23,28.23,28.13,28.16,24811,0
2017-10-26,28.22,28.28,28.22,28.25,62953,0
2017-10-27,28.3,28.31,28.3,28.31,10481,0
2017-10-30,28.34,28.34,28.25,28.26,50697,0
2017-10-31,28.46,28.46,28.46,28.46,10000,0
2017-11-01,28.5957,28.5957,28.3868,28.41,11265,0
2017-11-02,28.42,28.42,28.24,28.24,10502,0
2017-11-03,28.29,28.35,28.28,28.32,14406,0
2017-11-06,28.42,28.46,28.4,28.46,103707,0
2017-11-07,28.52,28.52,28.4,28.43,13506,0
2017-11-08,28.38,28.47,28.38,28.47,10502,0
2017-11-09,28.4,28.4,28.22,28.24,11119,0
2017-11-10,28.27,28.27,28.27,28.27,10000,0
2017-11-14,28.25,28.26,28.20,28.21,11300,0
2017-11-15,28.18,28.18,28.18,28.18,10200,0
2017-11-16,28.50,28.50,28.50,28.50,10100,0
2017-11-17,28.60,28.61,28.59,28.59,11500,0
2017-11-20,28.65,28.68,28.65,28.68,100900,0
2017-11-21,28.80,28.80,28.80,28.80,10000,0
2017-11-22,28.73,28.83,28.73,28.79,32900,0
2017-11-24,28.84,28.84,28.84,28.84,100,0
2017-11-27,28.85,28.86,28.85,28.85,51400,0
2017-11-28,28.95,28.96,28.95,28.96,10100,0
2017-11-29,29.12,29.17,29.12,29.13,52000,0
2017-11-30,29.23,29.38,29.23,29.25,58600,0
2017-12-01,28.94,29.07,28.94,29.07,500,0
2017-12-04,29.23,29.23,29.23,29.23,100,0
2017-12-05,29.11,29.11,28.87,28.87,6200,0
2017-12-06,28.74,28.74,28.67,28.67,1100,0
2017-12-07,28.91,28.91,28.91,28.91,200,0
2017-12-08,28.94,28.94,28.94,28.94,400,0
2017-12-11,28.96,28.96,28.96,28.96,1000,0
2017-12-12,29.06,29.06,29.00,29.01,1500,0
2017-12-13,29.06,29.06,29.02,29.05,4400,0
2017-12-14,28.96,28.96,28.79,28.79,900,0
2017-12-15,29.14,29.23,29.14,29.16,400,0
2017-12-18,29.16,29.16,29.16,29.16,200,0
2017-12-19,29.54,29.54,29.45,29.48,3000,0
2017-12-20,29.42,29.42,29.42,29.42,400,0
2017-12-21,29.60,29.60,29.44,29.48,6900,0
2017-12-22,29.34,29.34,29.34,29.34,300,0
2017-12-26,29.35,29.35,29.35,29.35,100,0
2017-12-27,29.32,29.32,29.29,29.29,1800,0
2017-12-28,29.42,29.42,29.42,29.42,900,0
2017-12-29,29.36,29.36,29.36,29.36,300,0
2018-01-02,29.37,29.37,29.36,29.36,800,0
2018-01-03,29.57,29.57,29.57,29.57,200,0
2018-01-04,29.87,29.87,29.87,29.87,300,0
2018-01-05,30.04,30.04,30.03,30.03,600,0
2018-01-08,30.21,30.21,30.21,30.21,400,0
2018-01-09,30.29,30.29,30.15,30.15,1800,0
2018-01-10,30.15,30.15,30.15,30.15,100,0
2018-01-11,29.94,29.94,29.94,29.94,200,0
2018-01-12,30.35,30.37,30.33,30.36,2600,0
2018-01-16,30.61,30.61,30.61,30.61,800,0
2018-01-17,30.23,30.23,30.23,30.23,200,0
2018-01-18,30.50,30.50,30.45,30.45,400,0
2018-01-19,30.61,30.75,30.61,30.75,900,0
2018-01-22,30.72,30.91,30.72,30.91,300,0
2018-01-23,31.05,31.05,31.03,31.04,700,0
2018-01-24,31.04,31.09,31.02,31.09,1800,0
2018-01-25,31.18,31.24,31.10,31.10,1600,0
2018-01-26,31.28,31.40,31.28,31.40,1000,0
2018-01-29,31.49,31.52,31.30,31.33,2600,0
2018-01-30,31.15,31.15,30.92,30.98,4900,0
2018-01-31,30.98,30.98,30.98,30.98,100,0
2018-02-01,30.98,30.98,30.98,30.98,100,0
2018-02-02,30.64,30.65,30.32,30.32,1300,0
2018-02-05,29.82,29.82,29.22,29.22,1900,0
2018-02-06,28.69,29.21,28.69,29.21,1700,0
2018-02-07,29.77,29.77,29.57,29.57,1900,0
2018-02-08,28.76,28.76,28.76,28.76,2100,0
2018-02-09,28.73,28.73,28.29,28.45,1600,0
2018-02-12,28.96,28.96,28.96,28.96,400,0
2018-02-13,29.01,29.10,28.99,29.10,500,0
2018-02-14,29.62,29.62,29.62,29.62,200,0
2018-02-15,29.62,29.62,29.62,29.62,100,0
2018-02-16,29.93,29.93,29.88,29.91,1000,0
2018-02-20,29.87,29.87,29.87,29.87,300,0
2018-02-21,29.87,29.87,29.87,29.87,100,0
2018-02-22,29.83,29.83,29.83,29.83,100,0
2018-02-23,29.76,29.76,29.75,29.75,500,0
2018-02-26,29.93,30.15,29.93,30.15,900,0
2018-02-27,30.12,30.17,30.01,30.05,6600,0
2018-02-28,30.01,30.02,30.01,30.02,900,0
2018-03-01,29.49,29.49,29.49,29.49,400,0
2018-03-02,29.07,29.42,29.07,29.42,13200,0
2018-03-05,29.58,30.07,29.58,30.06,9000,0
2018-03-06,30.28,30.28,30.28,30.28,200,0
2018-03-07,30.25,30.41,30.25,30.41,5100,0
2018-03-08,30.48,30.49,30.48,30.49,2000,0
2018-03-09,30.86,31.04,30.86,31.04,5000,0
2018-03-12,31.05,31.07,31.03,31.07,6100,0
2018-03-13,31.14,31.14,30.83,30.83,4900,0
2018-03-14,30.78,30.78,30.61,30.63,13700,0
2018-03-15,30.68,30.68,30.64,30.64,2400,0
2018-03-16,30.66,30.73,30.66,30.73,900,0
2018-03-19,30.81,30.81,30.19,30.34,5200,0
2018-03-20,30.50,30.50,30.43,30.43,3800,0
2018-03-21,30.49,30.60,30.49,30.54,5100,0
2018-03-22,30.08,30.15,29.74,29.74,4200,0
2018-03-23,29.61,29.61,29.21,29.22,12000,0
2018-03-26,29.73,29.83,29.73,29.83,3900,0
2018-03-27,29.76,29.76,29.57,29.57,3500,0
2018-03-28,29.38,29.38,29.04,29.07,1200,0
2018-03-29,29.28,29.58,29.26,29.58,1900,0
2018-04-02,29.32,29.32,28.73,28.73,14000,0
2018-04-03,29.13,29.21,29.01,29.21,3100,0
2018-04-04,28.89,29.22,28.89,29.22,1500,0
2018-04-05,29.72,29.72,29.69,29.69,1000,0
2018-04-06,29.55,29.55,29.08,29.08,800,0
2018-04-09,29.20,29.56,29.25,29.09,3802,0