Date,Open,High,Low,Close,Volume,OpenInt
2017-04-05,24.729,24.739,24.72,24.729,79076,0
2017-04-06,24.729,24.729,24.729,24.729,165,0
2017-04-10,24.72,24.729,24.707,24.728,4057,0
2017-04-12,24.759,24.759,24.759,24.759,711,0
2017-04-13,24.778,24.788,24.778,24.788,571,0
2017-04-17,24.774,24.774,24.774,24.774,306,0
2017-04-21,24.817,24.817,24.817,24.817,1012,0
2017-04-24,24.788,24.798,24.788,24.798,506,0
2017-05-01,24.783,24.783,24.783,24.783,100,0
2017-05-09,24.764,24.764,24.764,24.764,100,0
2017-05-19,24.862,24.862,24.862,24.862,1620,0
2017-05-23,24.862,24.862,24.862,24.862,1010,0
2017-05-26,24.852,24.852,24.852,24.852,405,0
2017-06-01,24.872,24.892,24.872,24.892,1008,0
2017-06-02,24.901,24.901,24.901,24.901,2020,0
2017-06-05,24.901,24.901,24.901,24.901,100,0
2017-06-08,24.892,24.892,24.892,24.892,429,0
2017-06-12,24.872,24.872,24.846,24.846,1517,0
2017-06-22,24.901,24.901,24.901,24.901,1008,0
2017-06-28,24.882,24.892,24.857,24.857,1008,0
2017-07-03,24.851,24.862,24.851,24.862,1209,0
2017-07-06,24.862,24.862,24.862,24.862,100,0
2017-07-07,24.862,24.862,24.862,24.862,706,0
2017-07-11,24.882,24.882,24.882,24.882,102,0
2017-07-12,24.882,24.882,24.873,24.873,3022,0
2017-07-14,24.911,24.911,24.911,24.911,200,0
2017-07-21,24.95,24.95,24.95,24.95,200,0
2017-07-24,24.95,24.95,24.95,24.95,1006,0
2017-07-26,24.96,24.97,24.96,24.97,2420,0
2017-07-31,24.97,24.97,24.97,24.97,1006,0
2017-08-03,25,25.01,25,25.01,602,0
2017-08-04,24.99,24.99,24.99,24.99,1106,0
2017-08-07,24.99,24.99,24.94,24.99,10450,0
2017-08-08,24.99,24.99,24.99,24.99,0,0
2017-08-09,24.99,25,24.99,25,2513,0
2017-08-11,25.005,25.03,25.005,25.028,3216,0
2017-08-14,24.99,24.99,24.99,24.99,2210,0
2017-08-15,25,25,24.981,25,1111,0
2017-08-18,25.02,25.02,25,25,1556,0
2017-08-22,25.015,25.015,25.015,25.015,2010,0
2017-08-23,25.017,25.017,25.017,25.017,302,0
2017-08-24,25.028,25.03,25.025,25.03,1404,0
2017-08-25,25.04,25.05,25.04,25.05,9408,0
2017-08-28,25.02,25.04,25.02,25.04,4120,0
2017-08-29,25.045,25.045,24.99,24.99,4234,0
2017-08-31,25.05,25.06,25.043,25.06,920,0
2017-09-01,25.06,25.06,25.06,25.06,447,0
2017-09-06,25.09,25.09,25.053,25.08,6255,0
2017-09-11,25.09,25.09,25.08,25.08,685,0
2017-09-12,25.06,25.06,25.06,25.06,2086,0
2017-09-13,25.06,25.06,25.01,25.01,3107,0
2017-09-14,24.99,25,24.985,25,5726,0
2017-09-15,25.025,25.025,25.025,25.025,301,0
2017-09-18,25.02,25.02,25.02,25.02,999,0
2017-09-20,25.04,25.04,24.97,25.01,2080,0
2017-09-22,25.02,25.02,25.02,25.02,999,0
2017-09-25,25.03,25.03,25.03,25.03,1867,0
2017-09-26,25.03,25.03,25.03,25.03,700,0
2017-09-27,25.02,25.03,25.02,25.02,642,0
2017-09-28,25.01,25.03,24.991,25.03,1526,0
2017-09-29,25.02,25.02,25.02,25.02,525,0
2017-10-02,25.01,25.01,25.01,25.01,404,0
2017-10-03,25.03,25.04,25.025,25.04,2510,0
2017-10-04,25.0299,25.0299,25.0299,25.0299,400,0
2017-10-06,25.01,25.02,25.01,25.02,2037,0
2017-10-09,25.012,25.012,25.012,25.012,200,0
2017-10-10,25.03,25.03,25.02,25.02,1205,0
2017-10-12,25.025,25.03,25.025,25.03,6260,0
2017-10-13,25.025,25.05,25.025,25.045,2600,0
2017-10-16,25.04,25.04,25.035,25.035,1203,0
2017-10-17,25.02,25.02,25,25.02,3949,0
2017-10-18,25.01,25.015,25.01,25.015,1867,0
2017-10-19,25.02,25.03,25.02,25.02,2238,0
2017-10-20,25.01,25.01,25.005,25.005,1209,0
2017-10-23,25.01,25.01,25.01,25.01,1345,0
2017-10-24,24.9964,25.01,24.9964,25.01,3480,0
2017-10-25,24.99,24.99,24.99,24.99,1101,0
2017-10-26,24.9999,25,24.99,24.9901,1230,0
2017-10-30,25.02,25.02,25.0082,25.0083,1523,0
2017-10-31,25.02,25.02,25.02,25.02,160,0
2017-11-01,24.95,24.96,24.935,24.96,1437,0
2017-11-03,24.96,24.97,24.9505,24.97,6168,0
2017-11-06,24.965,24.965,24.965,24.965,1031,0
2017-11-07,24.97,24.97,24.92,24.96,3107,0
2017-11-08,24.96,24.96,24.94,24.95,2272,0
2017-11-09,24.9499,24.965,24.9499,24.96,1765,0
2017-11-17,24.9110,24.9110,24.9110,24.9110,300,0
2017-11-20,24.9110,24.9110,24.9110,24.9110,-,0
2017-11-21,24.8800,24.8800,24.8800,24.8800,200,0
2017-11-22,24.9200,24.9300,24.9200,24.9200,400,0
2017-11-24,24.9400,24.9400,24.9200,24.9400,7000,0
2017-11-27,24.9300,24.9300,24.8800,24.9250,2800,0
2017-11-28,24.9300,24.9300,24.9300,24.9300,500,0
2017-11-29,24.9300,24.9300,24.9300,24.9300,-,0
2017-11-30,24.9100,24.9100,24.8800,24.8900,2300,0
2017-12-01,24.8500,24.8600,24.8400,24.8600,1700,0
2017-12-04,24.8420,24.8500,24.8420,24.8500,400,0
2017-12-05,24.8300,24.8500,24.8270,24.8270,10800,0
2017-12-06,24.8270,24.8270,24.8270,24.8270,100,0
2017-12-07,24.8270,24.8270,24.8270,24.8270,-,0
2017-12-08,24.8550,24.8650,24.8550,24.8590,11100,0
2017-12-11,24.8450,24.8500,24.8450,24.8500,3900,0
2017-12-12,24.8400,24.8400,24.8220,24.8300,700,0
2017-12-13,24.8350,24.8600,24.8350,24.8600,200,0
2017-12-14,24.8500,24.8800,24.8450,24.8800,36100,0
2017-12-15,24.8790,24.8800,24.8790,24.8800,2800,0
2017-12-18,24.8500,24.8500,24.8500,24.8500,900,0
2017-12-19,24.8100,24.8100,24.8100,24.8100,100,0
2017-12-20,24.8400,24.8400,24.8050,24.8400,3100,0
2017-12-21,24.8390,24.8400,24.8390,24.8400,1300,0
2017-12-22,24.8390,24.8400,24.8390,24.8400,700,0
2017-12-26,24.8400,24.8400,24.8400,24.8400,-,0
2017-12-27,24.7700,24.7700,24.7700,24.7700,700,0
2017-12-28,24.7800,24.7800,24.7800,24.7800,400,0
2017-12-29,24.7650,24.7650,24.7650,24.7650,400,0
2018-01-02,24.7650,24.7650,24.7650,24.7650,-,0
2018-01-03,24.7700,24.7800,24.7700,24.7800,1000,0
2018-01-04,24.7680,24.7680,24.7680,24.7680,1200,0
2018-01-05,24.7700,24.7800,24.7600,24.7800,1600,0
2018-01-08,24.7700,24.7790,24.7700,24.7700,1300,0
2018-01-09,24.7700,24.7700,24.7580,24.7700,3200,0
2018-01-10,24.7500,24.7500,24.7500,24.7500,200,0
2018-01-11,24.7250,24.7400,24.6900,24.7400,3900,0
2018-01-12,24.7300,24.7300,24.7300,24.7300,3700,0
2018-01-16,24.7300,24.7300,24.7200,24.7300,4000,0
2018-01-17,24.7300,24.7300,24.7300,24.7300,-,0
2018-01-18,24.7300,24.7300,24.7300,24.7300,-,0
2018-01-19,24.7050,24.7160,24.7050,24.7160,700,0
2018-01-22,24.6980,24.6980,24.6900,24.6900,700,0
2018-01-23,24.6800,24.7100,24.6800,24.7100,800,0
2018-01-24,24.6980,24.7300,24.6980,24.7300,1200,0
2018-01-25,24.7300,24.7300,24.7300,24.7300,-,0
2018-01-26,24.7000,24.7000,24.7000,24.7000,600,0
2018-01-29,24.7000,24.7000,24.6930,24.6930,1400,0
2018-01-30,24.7100,24.7100,24.6950,24.6950,1000,0
2018-01-31,24.6950,24.6950,24.6950,24.6950,-,0
2018-02-01,24.5800,24.5860,24.5800,24.5860,1000,0
2018-02-02,24.5700,24.6300,24.5700,24.6200,9900,0
2018-02-05,24.6190,24.6600,24.6010,24.6500,2000,0
2018-02-06,24.6390,24.6400,24.6210,24.6210,1300,0
2018-02-07,24.6000,24.6000,24.6000,24.6000,1000,0
2018-02-08,24.5910,24.5910,24.5910,24.5910,200,0
2018-02-09,24.5900,24.5900,24.5900,24.5900,200,0
2018-02-12,24.6100,24.6200,24.5970,24.6200,1200,0
2018-02-13,24.6200,24.6200,24.6010,24.6040,1800,0
2018-02-14,24.5620,24.5620,24.5560,24.5560,800,0
2018-02-15,24.5300,24.5640,24.5300,24.5640,1200,0
2018-02-16,24.5700,24.5700,24.5200,24.5200,1900,0
2018-02-20,24.5500,24.5500,24.5100,24.5500,6200,0
2018-02-21,24.5500,24.5500,24.5000,24.5450,4800,0
2018-02-22,24.5350,24.5400,24.5350,24.5400,1700,0
2018-02-23,24.5600,24.5680,24.5500,24.5600,2900,0
2018-02-26,24.5700,24.5800,24.5700,24.5800,2700,0
2018-02-27,24.4900,24.5400,24.4900,24.5400,3400,0
2018-02-28,24.5400,24.5400,24.5400,24.5400,2200,0
2018-03-01,24.5400,24.5400,24.5400,24.5400,-,0
2018-03-02,24.5400,24.5400,24.5400,24.5400,-,0
2018-03-05,24.5100,24.5300,24.5000,24.5300,4300,0
2018-03-06,24.5300,24.5300,24.5300,24.5300,-,0
2018-03-07,24.5300,24.5300,24.5300,24.5300,-,0
2018-03-08,24.4900,24.5100,24.4600,24.4600,1600,0
2018-03-09,24.5000,24.5100,24.4730,24.5100,2000,0
2018-03-12,24.5100,24.5100,24.5100,24.5100,-,0
2018-03-13,24.5000,24.5100,24.5000,24.5100,2100,0
2018-03-14,24.5000,24.5100,24.4600,24.5000,3200,0
2018-03-15,24.5000,24.5000,24.5000,24.5000,-,0
2018-03-16,24.5000,24.5000,24.5000,24.5000,-,0
2018-03-19,24.5000,24.5000,24.5000,24.5000,400,0
2018-03-20,24.4420,24.4420,24.4420,24.4420,200,0
2018-03-21,24.4200,24.4360,24.4100,24.4360,3900,0
2018-03-22,24.4900,24.5000,24.4400,24.4770,2200,0
2018-03-23,24.4500,24.4650,24.4500,24.4650,200,0
2018-03-26,24.4650,24.4650,24.4650,24.4650,-,0
2018-03-27,24.5000,24.5000,24.5000,24.5000,200,0
2018-03-28,24.5200,24.5200,24.5000,24.5000,900,0
2018-03-29,24.5000,24.5000,24.5000,24.5000,-,0
2018-04-02,24.5000,24.5000,24.5000,24.5000,-,0
2018-04-03,24.5000,24.5000,24.5000,24.5000,-,0
2018-04-04,24.4700,24.4700,24.4650,24.4700,500,0
2018-04-05,24.4700,24.4700,24.4700,24.4700,800,0
2018-04-06,24.4700,24.4700,24.4700,24.4700,-,0