Date,Open,High,Low,Close,Volume,OpenInt
2017-01-03,24.88,24.88,24.568,24.692,12957,0
2017-01-04,24.732,25.944,24.732,25.026,10840,0
2017-01-05,25.874,25.874,24.8,24.849,13104,0
2017-01-06,24.82,24.858,24.771,24.781,2069,0
2017-01-09,24.79,24.79,24.572,24.572,17870,0
2017-01-10,24.602,24.722,24.602,24.692,3282,0
2017-01-11,24.612,24.741,24.612,24.741,2698,0
2017-01-12,24.888,24.888,24.476,24.622,9134,0
2017-01-13,24.878,24.878,24.727,24.771,6506,0
2017-01-17,24.79,24.79,24.639,24.662,4772,0
2017-01-18,24.628,24.751,24.628,24.751,13233,0
2017-01-19,24.849,24.849,24.487,24.487,10342,0
2017-01-20,24.712,24.712,24.572,24.602,1849,0
2017-01-23,24.612,24.771,24.552,24.592,14182,0
2017-01-24,24.868,24.995,24.716,24.927,166192,0
2017-01-25,25.184,26.194,24.966,25.024,128895,0
2017-01-26,25.293,25.293,24.927,24.933,182173,0
2017-01-27,24.966,24.966,24.781,24.829,33738,0
2017-01-30,24.829,24.829,24.523,24.662,64395,0
2017-01-31,24.682,24.8,24.58,24.751,47590,0
2017-02-01,24.81,24.898,24.565,24.636,117672,0
2017-02-02,24.682,24.781,24.617,24.654,82389,0
2017-02-03,24.888,24.949,24.77,24.917,39516,0
2017-02-06,24.722,24.917,24.722,24.829,77176,0
2017-02-07,24.839,25.026,24.761,24.781,40238,0
2017-02-08,24.966,24.966,24.692,24.781,74900,0
2017-02-09,24.888,24.976,24.829,24.976,52036,0
2017-02-10,25.056,25.155,25.01,25.136,49984,0
2017-02-13,25.381,25.381,25.145,25.16,46779,0
2017-02-14,25.293,25.293,24.986,25.099,37320,0
2017-02-15,24.995,25.213,24.975,25.213,19652,0
2017-02-16,25.292,25.292,25.085,25.233,23096,0
2017-02-17,25.045,25.213,25.045,25.203,16635,0
2017-02-21,25.144,25.419,25.144,25.385,16742,0
2017-02-22,25.395,25.4,25.263,25.351,25667,0
2017-02-23,25.415,25.415,25.193,25.273,18017,0
2017-02-24,25.433,25.433,25.144,25.26,8444,0
2017-02-27,25.273,25.459,25.273,25.416,11999,0
2017-02-28,25.39,25.39,25.193,25.193,10546,0
2017-03-01,25.39,25.488,25.361,25.439,31565,0
2017-03-02,25.381,25.404,25.269,25.269,21295,0
2017-03-03,25.439,25.439,25.065,25.223,79007,0
2017-03-06,25.302,25.302,24.995,25.086,31569,0
2017-03-07,25.104,25.341,24.927,24.936,89642,0
2017-03-08,25.035,25.046,24.789,24.789,29402,0
2017-03-09,24.76,24.857,24.601,24.651,21749,0
2017-03-10,24.721,24.857,24.651,24.763,37497,0
2017-03-13,24.789,24.877,24.76,24.838,22904,0
2017-03-14,24.78,24.789,24.691,24.789,7627,0
2017-03-15,24.846,25.202,24.846,25.083,26183,0
2017-03-16,25.202,25.202,25.073,25.092,20347,0
2017-03-17,25.129,25.252,25.103,25.252,19637,0
2017-03-20,25.262,25.262,25.043,25.093,17074,0
2017-03-21,25.083,25.083,24.708,24.774,40440,0
2017-03-22,24.914,24.914,24.598,24.728,17222,0
2017-03-23,24.785,24.973,24.785,24.788,27516,0
2017-03-24,24.914,24.914,24.738,24.811,10279,0
2017-03-27,24.568,24.77,24.538,24.688,44562,0
2017-03-28,24.708,24.836,24.632,24.836,19503,0
2017-03-29,24.836,24.904,24.806,24.895,17298,0
2017-03-30,25.162,25.162,24.904,25.013,30535,0
2017-03-31,25.162,25.172,25.009,25.083,66651,0
2017-04-03,25.053,25.053,24.816,24.847,55315,0
2017-04-04,24.807,24.904,24.778,24.834,16240,0
2017-04-05,24.898,24.993,24.708,24.708,20804,0
2017-04-06,24.708,24.846,24.599,24.836,20596,0
2017-04-07,24.855,24.904,24.812,24.846,12130,0
2017-04-10,24.889,24.943,24.748,24.885,5708,0
2017-04-11,24.953,25.043,24.831,25.043,14177,0
2017-04-12,25.043,25.043,24.895,24.924,11473,0
2017-04-13,24.745,24.865,24.658,24.698,22774,0
2017-04-17,24.635,24.902,24.635,24.902,8171,0
2017-04-18,25.031,25.031,24.902,25.018,3280,0
2017-04-19,25.171,25.201,25.073,25.111,20282,0
2017-04-20,25.161,25.319,25.158,25.309,11336,0
2017-04-21,25.329,25.329,25.232,25.319,13343,0
2017-04-24,25.329,25.477,25.329,25.457,24646,0
2017-04-25,25.707,25.849,25.517,25.617,65478,0
2017-04-26,25.677,25.835,25.647,25.737,42225,0
2017-04-27,25.775,25.855,25.691,25.727,28744,0
2017-04-28,25.865,25.865,25.388,25.398,10632,0
2017-05-01,25.417,25.507,25.369,25.437,9028,0
2017-05-02,25.407,25.457,25.378,25.417,20371,0
2017-05-03,25.339,25.407,25.221,25.3,19116,0
2017-05-04,25.447,25.447,25.091,25.22,9137,0
2017-05-05,25.252,25.359,25.24,25.35,22632,0
2017-05-08,25.874,25.874,25.19,25.231,15822,0
2017-05-09,25.271,25.271,25.086,25.161,8745,0
2017-05-10,25.111,25.339,25.081,25.319,18648,0
2017-05-11,25.211,25.236,25.021,25.181,17628,0
2017-05-12,25.163,25.309,25.008,25.034,41774,0
2017-05-15,25.154,25.264,25.119,25.144,13375,0
2017-05-16,25.104,25.114,24.974,25.024,16049,0
2017-05-17,24.777,24.938,24.714,24.717,75129,0
2017-05-18,24.667,24.844,24.617,24.757,23543,0
2017-05-19,24.806,24.974,24.806,24.895,18201,0
2017-05-22,25.094,25.094,24.964,25.048,16509,0
2017-05-23,24.984,25.164,24.984,25.074,9033,0
2017-05-24,25.004,25.204,25.004,25.174,15662,0
2017-05-25,25.184,25.401,25.184,25.204,19791,0
2017-05-26,25.114,25.293,25.074,25.172,75086,0
2017-05-30,25.174,25.174,25.059,25.114,16881,0
2017-05-31,25.164,25.164,24.957,25.084,7934,0
2017-06-01,25.114,25.46,25.114,25.46,102326,0
2017-06-02,25.457,25.683,25.44,25.559,9470,0
2017-06-05,25.507,25.53,25.446,25.488,5177,0
2017-06-06,25.396,25.422,25.247,25.298,13606,0
2017-06-07,25.304,25.384,25.244,25.318,5815,0
2017-06-08,25.283,25.53,25.283,25.42,19555,0
2017-06-09,25.56,25.66,25.526,25.589,9899,0
2017-06-12,25.48,25.675,25.48,25.61,15827,0
2017-06-13,25.778,25.778,25.61,25.68,11621,0
2017-06-14,25.62,25.69,25.55,25.62,13664,0
2017-06-15,25.512,25.572,25.452,25.551,7263,0
2017-06-16,25.502,25.762,25.403,25.544,10759,0
2017-06-19,25.542,25.637,25.542,25.602,9353,0
2017-06-20,25.622,25.664,25.364,25.383,10434,0
2017-06-21,25.373,25.47,25.205,25.235,10639,0
2017-06-22,25.205,25.323,25.205,25.295,11548,0
2017-06-23,25.215,25.383,25.215,25.342,5904,0
2017-06-26,25.383,25.53,25.383,25.45,16111,0
2017-06-27,25.442,25.522,25.344,25.344,8419,0
2017-06-28,25.442,25.612,25.442,25.522,8099,0
2017-06-29,25.472,25.49,25.127,25.305,42647,0
2017-06-30,25.305,25.354,25.251,25.334,13926,0
2017-07-03,25.552,25.552,25.422,25.502,8449,0
2017-07-05,25.492,25.492,25.225,25.275,8894,0
2017-07-06,25.215,25.245,24.995,25.065,25273,0
2017-07-07,25.155,25.245,25.06,25.245,18894,0
2017-07-10,25.185,25.245,25.105,25.115,75425,0
2017-07-11,25.305,25.305,24.975,25.157,27111,0
2017-07-12,25.235,25.472,25.235,25.364,18072,0
2017-07-13,25.492,25.492,25.115,25.305,14219,0
2017-07-14,25.432,25.482,25.378,25.403,11868,0
2017-07-17,26.563,26.563,25.409,25.498,50269,0
2017-07-18,25.488,25.488,25.36,25.409,11111,0
2017-07-19,25.458,25.648,25.419,25.638,9733,0
2017-07-20,25.568,25.728,25.568,25.689,5595,0
2017-07-21,25.548,25.638,25.538,25.598,6770,0
2017-07-24,25.678,25.678,25.488,25.558,9800,0
2017-07-25,25.608,25.757,25.595,25.706,6326,0
2017-07-26,25.708,25.708,25.607,25.628,15140,0
2017-07-27,25.738,25.738,25.559,25.658,20615,0
2017-07-28,25.569,25.594,25.444,25.548,6341,0
2017-07-31,25.528,25.578,25.448,25.558,6756,0
2017-08-01,25.548,25.608,25.539,25.597,5800,0
2017-08-02,25.588,25.588,25.3,25.32,194043,0
2017-08-03,25.291,25.36,25.271,25.271,11417,0
2017-08-04,25.389,25.408,25.33,25.39,9158,0
2017-08-07,25.408,25.469,25.319,25.412,7111,0
2017-08-08,25.548,25.548,25.271,25.359,36333,0
2017-08-09,25.231,25.353,25.111,25.126,57438,0
2017-08-10,25.081,25.15,24.941,24.981,60817,0
2017-08-11,24.962,24.968,24.862,24.934,13255,0
2017-08-14,25.031,25.251,25.031,25.201,12187,0
2017-08-15,25.191,25.191,25.076,25.101,14896,0
2017-08-16,25.201,25.32,25.136,25.136,18508,0
2017-08-17,25.281,25.281,24.829,24.829,12648,0
2017-08-18,24.753,24.771,24.653,24.729,9668,0
2017-08-21,24.892,24.892,24.653,24.733,16045,0
2017-08-22,24.763,24.951,24.763,24.95,16780,0
2017-08-23,24.733,24.922,24.733,24.902,13170,0
2017-08-24,24.941,24.957,24.877,24.877,12489,0
2017-08-25,24.882,25.061,24.882,25.001,82423,0
2017-08-28,24.978,24.978,24.912,24.941,4497,0
2017-08-29,24.733,24.941,24.733,24.941,4361,0
2017-08-30,24.971,25.021,24.961,25.013,4723,0
2017-08-31,25.141,25.221,25.141,25.201,11325,0
2017-09-01,25.201,25.34,25.201,25.326,5726,0
2017-09-05,25.32,25.33,25.048,25.121,13067,0
2017-09-06,25.141,25.211,25.131,25.131,2850,0
2017-09-07,25.141,25.141,24.991,25.031,12615,0
2017-09-08,25.001,25.181,25.001,25.097,7933,0
2017-09-11,25.161,25.449,25.161,25.409,20363,0
2017-09-12,25.39,25.489,25.39,25.429,16195,0
2017-09-13,25.37,25.528,25.37,25.528,5769,0
2017-09-14,25.529,25.588,25.36,25.449,13020,0
2017-09-15,25.434,25.644,25.434,25.584,8131,0
2017-09-18,25.634,25.731,25.625,25.661,11818,0
2017-09-19,25.734,25.734,25.615,25.654,8536,0
2017-09-20,25.664,25.743,25.654,25.704,9238,0
2017-09-21,25.714,25.714,25.605,25.605,6150,0
2017-09-22,25.514,25.752,25.514,25.732,5355,0
2017-09-25,25.744,25.863,25.724,25.863,10187,0
2017-09-26,25.903,25.943,25.842,25.943,6794,0
2017-09-27,26.133,26.133,25.829,26.06,5736,0
2017-09-28,25.973,26.143,25.973,26.123,4137,0
2017-09-29,26.178,26.232,26.153,26.203,5582,0
2017-10-02,26.332,26.372,26.17,26.372,16878,0
2017-10-03,26.47,26.47,26.312,26.402,23706,0
2017-10-04,26.552,26.552,26.352,26.411,24542,0
2017-10-05,26.434,26.512,26.422,26.452,8200,0
2017-10-06,26.432,26.442,26.362,26.39,19724,0
2017-10-09,26.492,26.492,26.302,26.302,17233,0
2017-10-10,26.442,26.512,26.337,26.442,20824,0
2017-10-11,26.352,26.462,26.352,26.432,14748,0
2017-10-12,26.382,26.482,26.382,26.449,7246,0
2017-10-13,26.442,26.582,26.442,26.492,86019,0
2017-10-16,26.5218,26.5218,26.4,26.443,24241,0
2017-10-17,26.37,26.56,26.37,26.465,33945,0
2017-10-18,26.62,26.62,26.46,26.53,16314,0
2017-10-19,26.4403,26.59,26.4372,26.59,21713,0
2017-10-20,26.7,26.7,26.6268,26.66,25291,0
2017-10-23,26.705,26.705,26.528,26.528,15155,0
2017-10-24,26.6,26.6265,26.52,26.59,4732,0
2017-10-25,26.5,26.58,26.29,26.467,27215,0
2017-10-26,26.5105,26.583,26.5105,26.57,9128,0
2017-10-27,26.45,26.68,26.45,26.68,64470,0
2017-10-30,26.6499,26.6499,26.35,26.3981,26618,0
2017-10-31,26.55,26.63,26.465,26.6,18367,0
2017-11-01,26.6295,26.64,26.4,26.455,25056,0
2017-11-02,26.45,26.54,26.4,26.44,28553,0
2017-11-03,26.3794,26.47,26.37,26.4032,20339,0
2017-11-06,26.38,26.5,26.38,26.46,7683,0
2017-11-07,26.45,26.5106,26.349,26.349,8946,0
2017-11-08,26.34,26.41,26.2448,26.3902,11008,0
2017-11-09,26.31,26.38,26.2273,26.3,19049,0
2017-11-10,26.2,26.34,26.2,26.32,3216,0
2017-11-17,26.51,26.51,26.43,26.48,6300,0
2017-11-20,26.53,26.55,26.47,26.55,19600,0
2017-11-21,26.58,26.69,26.56,26.63,16000,0
2017-11-22,26.71,26.72,26.61,26.64,9800,0
2017-11-24,26.66,26.68,26.66,26.68,800,0
2017-11-27,26.63,26.77,26.63,26.66,12300,0
2017-11-28,26.79,26.95,26.72,26.94,11000,0
2017-11-29,26.95,27.17,26.95,27.13,19300,0
2017-11-30,27.21,27.35,27.19,27.22,17300,0
2017-12-01,27.39,27.39,26.69,27.10,30700,0
2017-12-04,27.19,27.51,27.19,27.31,21300,0
2017-12-05,26.98,27.25,26.97,27.11,7500,0
2017-12-06,27.07,27.09,27.02,27.02,146100,0
2017-12-07,27.03,27.21,27.01,27.15,55000,0
2017-12-08,27.35,27.35,27.13,27.18,41400,0
2017-12-11,27.32,27.32,27.12,27.13,31400,0
2017-12-12,27.14,27.18,27.06,27.06,20900,0
2017-12-13,27.10,27.23,27.10,27.17,20400,0
2017-12-14,27.27,27.27,26.91,26.93,44400,0
2017-12-15,27.01,27.32,27.01,27.20,224000,0
2017-12-18,27.51,27.54,27.37,27.40,72800,0
2017-12-19,27.56,27.56,27.17,27.23,50600,0
2017-12-20,27.41,27.41,27.19,27.19,78300,0
2017-12-21,27.21,27.27,27.17,27.21,53800,0
2017-12-22,27.15,27.15,26.99,27.03,28800,0
2017-12-26,27.08,27.20,27.02,27.02,29200,0
2017-12-27,27.13,27.19,27.05,27.08,385800,0
2017-12-28,27.16,27.19,27.03,27.19,173600,0
2017-12-29,27.27,27.33,27.04,27.04,518600,0
2018-01-02,27.24,27.24,27.02,27.16,193700,0
2018-01-03,27.20,27.27,27.05,27.12,134600,0
2018-01-04,27.20,27.22,27.07,27.08,170600,0
2018-01-05,27.21,27.21,27.04,27.16,75900,0
2018-01-08,27.16,27.25,27.05,27.23,61000,0
2018-01-09,27.35,27.35,27.08,27.08,254200,0
2018-01-10,27.06,27.06,26.85,26.92,158000,0
2018-01-11,26.98,27.27,26.97,27.27,131900,0
2018-01-12,27.30,27.33,27.20,27.23,124200,0
2018-01-16,27.33,27.46,27.10,27.10,167600,0
2018-01-17,27.17,27.37,27.17,27.29,95600,0
2018-01-18,27.25,27.28,27.10,27.10,82500,0
2018-01-19,27.27,27.43,27.17,27.43,75200,0
2018-01-22,27.40,27.50,27.39,27.50,69200,0
2018-01-23,27.53,27.66,27.50,27.64,38600,0
2018-01-24,27.78,27.78,27.50,27.58,86300,0
2018-01-25,27.64,27.64,27.53,27.62,65200,0
2018-01-26,27.75,27.75,27.54,27.64,48900,0
2018-01-29,27.65,27.65,27.45,27.48,61300,0
2018-01-30,27.40,27.40,27.16,27.25,66900,0
2018-01-31,27.38,27.39,27.10,27.22,84700,0
2018-02-01,27.09,27.16,26.96,27.02,53200,0
2018-02-02,26.86,26.88,26.53,26.56,78200,0
2018-02-05,26.46,26.57,25.68,25.68,456900,0
2018-02-06,25.36,25.93,25.10,25.87,211300,0
2018-02-07,25.93,26.06,25.77,25.89,80400,0
2018-02-08,25.86,25.86,25.16,25.16,67400,0
2018-02-09,25.52,25.67,24.89,25.50,85000,0
2018-02-12,25.47,25.74,25.34,25.64,42300,0
2018-02-13,25.49,25.80,25.45,25.72,32200,0
2018-02-14,25.46,26.07,25.46,26.06,23900,0
2018-02-15,26.29,26.34,26.07,26.32,27800,0
2018-02-16,26.29,26.54,26.29,26.44,21800,0
2018-02-20,26.29,26.35,26.02,26.09,29300,0
2018-02-21,26.13,26.41,26.00,26.00,34300,0
2018-02-22,26.07,26.19,25.95,25.95,12900,0
2018-02-23,26.03,26.29,26.03,26.29,24200,0
2018-02-26,26.31,26.44,26.21,26.40,27600,0
2018-02-27,26.49,26.49,25.94,25.94,39300,0
2018-02-28,26.02,26.10,25.69,25.69,28900,0
2018-03-01,25.66,25.82,25.43,25.58,21200,0
2018-03-02,25.46,25.78,25.33,25.75,34300,0
2018-03-05,25.60,26.03,25.60,25.97,40600,0
2018-03-06,26.00,26.18,25.85,26.14,20500,0
2018-03-07,25.88,26.27,25.88,26.20,31200,0
2018-03-08,26.33,26.33,26.10,26.18,90600,0
2018-03-09,26.30,26.49,26.22,26.49,42700,0
2018-03-12,26.48,26.60,26.48,26.54,27100,0
2018-03-13,26.65,26.65,26.42,26.42,16800,0
2018-03-14,26.61,26.61,26.33,26.40,111200,0
2018-03-15,26.37,26.42,26.25,26.27,23400,0
2018-03-16,26.26,26.47,26.26,26.40,13600,0
2018-03-19,26.34,26.34,26.07,26.19,39400,0
2018-03-20,26.35,26.35,26.15,26.25,23500,0
2018-03-21,26.16,26.36,26.16,26.21,21500,0
2018-03-22,26.03,26.21,25.75,25.75,35100,0
2018-03-23,25.75,25.81,25.32,25.34,24800,0
2018-03-26,25.57,25.78,25.44,25.78,42500,0
2018-03-27,25.92,25.92,25.53,25.53,28800,0
2018-03-28,25.58,25.84,25.56,25.75,26600,0
2018-03-29,25.90,26.02,25.86,25.96,22400,0
2018-04-02,25.98,26.01,25.31,25.46,33400,0
2018-04-03,25.55,25.89,25.49,25.81,24100,0
2018-04-04,25.50,26.11,25.50,26.06,30500,0
2018-04-05,26.01,26.32,26.01,26.29,25300,0
2018-04-06,26.06,26.21,25.81,25.91,26200,0
2018-04-09,26.00,26.08,25.87,25.87,15044,0