Date,Open,High,Low,Close,Volume,OpenInt
2017-09-25,24.88,24.9,24.88,24.9,300,0
2017-09-26,24.9,24.9,24.9,24.9,0,0
2017-09-27,24.9,24.9,24.9,24.9,0,0
2017-09-28,25.03,25.03,25.03,25.03,12055,0
2017-09-29,25.03,25.03,25.03,25.03,0,0
2017-10-02,25.03,25.03,25.03,25.03,0,0
2017-10-03,25.29,25.29,25.21,25.21,2000,0
2017-10-04,25.21,25.21,25.21,25.21,0,0
2017-10-05,25.21,25.21,25.21,25.21,0,0
2017-10-06,25.21,25.21,25.21,25.21,0,0
2017-10-09,25.21,25.21,25.21,25.21,0,0
2017-10-10,25.21,25.21,25.21,25.21,1,0
2017-10-11,25.21,25.21,25.21,25.21,0,0
2017-10-12,25.21,25.21,25.21,25.21,0,0
2017-10-13,25.539,25.539,25.539,25.539,316,0
2017-10-16,25.55,25.55,25.53,25.53,3900,0
2017-10-17,25.53,25.53,25.53,25.53,0,0
2017-10-18,25.53,25.53,25.53,25.53,0,0
2017-10-19,25.53,25.53,25.53,25.53,0,0
2017-10-20,25.71,25.71,25.71,25.71,455,0
2017-10-23,25.66,25.66,25.66,25.66,201,0
2017-10-24,25.66,25.66,25.66,25.66,0,0
2017-10-25,25.66,25.66,25.66,25.66,84,0
2017-10-26,25.66,25.66,25.66,25.66,0,0
2017-10-27,25.66,25.66,25.66,25.66,6,0
2017-10-30,25.7,25.7,25.7,25.7,3000,0
2017-10-31,25.7,25.7,25.7,25.7,0,0
2017-11-01,25.7,25.7,25.7,25.7,0,0
2017-11-02,26.06,26.06,26.06,26.06,5,0
2017-11-03,25.78,25.78,25.78,25.78,298,0
2017-11-06,25.8799,25.8799,25.8799,25.8799,200,0
2017-11-07,25.8799,25.8799,25.8799,25.8799,0,0
2017-11-08,25.8799,25.8799,25.8799,25.8799,0,0
2017-11-09,26.1,26.1,26.1,26.1,98,0
2017-11-10,25.8099,25.81,25.76,25.76,402,0
2017-11-15,25.76,25.76,25.76,25.76,100,0
2017-11-16,25.76,25.76,25.76,25.76,-,0
2017-11-17,25.76,25.76,25.76,25.76,100,0
2017-11-20,25.76,25.76,25.76,25.76,100,0
2017-11-21,25.76,25.76,25.76,25.76,100,0
2017-11-22,26.17,26.17,26.17,26.17,200,0
2017-11-24,26.17,26.17,26.17,26.17,-,0
2017-11-27,26.17,26.17,26.17,26.17,-,0
2017-11-28,26.17,26.17,26.17,26.17,-,0
2017-11-29,26.17,26.17,26.17,26.17,-,0
2017-11-30,26.17,26.17,26.17,26.17,-,0
2017-12-01,26.17,26.17,26.17,26.17,-,0
2017-12-04,26.17,26.17,26.17,26.17,-,0
2017-12-05,26.17,26.17,26.17,26.17,-,0
2017-12-06,26.17,26.17,26.17,26.17,-,0
2017-12-07,26.17,26.17,26.17,26.17,-,0
2017-12-08,26.17,26.17,26.17,26.17,-,0
2017-12-11,26.17,26.17,26.17,26.17,-,0
2017-12-12,26.17,26.17,26.17,26.17,-,0
2017-12-13,26.17,26.17,26.17,26.17,-,0
2017-12-14,26.17,26.17,26.17,26.17,-,0
2017-12-15,26.74,26.74,26.72,26.72,300,0
2017-12-18,26.58,26.58,26.58,26.58,100,0
2017-12-19,26.58,26.58,26.58,26.58,-,0
2017-12-20,26.58,26.58,26.58,26.58,100,0
2017-12-21,26.58,26.58,26.58,26.58,-,0
2017-12-22,26.58,26.58,26.58,26.58,100,0
2017-12-26,26.58,26.58,26.58,26.58,-,0
2017-12-27,26.58,26.58,26.58,26.58,-,0
2017-12-28,26.58,26.58,26.58,26.58,100,0
2017-12-29,26.58,26.58,26.58,26.58,-,0
2018-01-02,26.58,26.58,26.58,26.58,100,0
2018-01-03,26.58,26.58,26.58,26.58,-,0
2018-01-04,26.58,26.58,26.58,26.58,-,0
2018-01-05,26.58,26.58,26.58,26.58,-,0
2018-01-08,26.58,26.58,26.58,26.58,-,0
2018-01-09,26.58,26.58,26.58,26.58,-,0
2018-01-10,26.58,26.58,26.58,26.58,-,0
2018-01-11,27.57,27.57,27.57,27.57,1600,0
2018-01-12,27.57,27.57,27.57,27.57,-,0
2018-01-16,27.57,27.57,27.57,27.57,100,0
2018-01-17,27.57,27.57,27.57,27.57,-,0
2018-01-18,27.57,27.57,27.57,27.57,-,0
2018-01-19,27.57,27.57,27.57,27.57,-,0
2018-01-22,27.57,27.57,27.57,27.57,-,0
2018-01-23,28.95,28.95,28.95,28.95,100,0
2018-01-24,28.46,28.46,28.46,28.46,100,0
2018-01-25,28.46,28.46,28.46,28.46,-,0
2018-01-26,28.46,28.46,28.46,28.46,-,0
2018-01-29,28.46,28.46,28.46,28.46,-,0
2018-01-30,28.12,28.12,28.12,28.12,200,0
2018-01-31,28.12,28.12,28.12,28.12,-,0
2018-02-01,28.12,28.12,28.12,28.12,-,0
2018-02-02,28.12,28.12,28.12,28.12,-,0
2018-02-05,28.12,28.12,28.12,28.12,-,0
2018-02-06,26.30,26.30,26.30,26.30,400,0
2018-02-07,26.30,26.30,26.30,26.30,-,0
2018-02-08,26.52,26.52,26.52,26.52,-,0
2018-02-09,26.03,26.03,26.03,26.03,100,0
2018-02-12,26.64,26.64,26.64,26.64,200,0
2018-02-13,26.64,26.64,26.64,26.64,-,0
2018-02-14,26.64,26.64,26.64,26.64,-,0
2018-02-15,26.64,26.64,26.64,26.64,-,0
2018-02-16,26.64,26.64,26.64,26.64,100,0
2018-02-20,26.64,26.64,26.64,26.64,-,0
2018-02-21,26.64,26.64,26.64,26.64,-,0
2018-02-22,27.24,27.24,27.24,27.24,100,0
2018-02-23,27.24,27.24,27.24,27.24,-,0
2018-02-26,27.59,27.59,27.59,27.59,100,0
2018-02-27,27.59,27.59,27.59,27.59,-,0
2018-02-28,27.59,27.59,27.59,27.59,-,0
2018-03-01,27.59,27.59,27.59,27.59,-,0
2018-03-02,27.59,27.59,27.59,27.59,-,0
2018-03-05,27.59,27.59,27.59,27.59,-,0
2018-03-06,27.59,27.59,27.59,27.59,-,0
2018-03-07,27.59,27.59,27.59,27.59,-,0
2018-03-08,27.59,27.59,27.59,27.59,-,0
2018-03-09,27.59,27.59,27.59,27.59,-,0
2018-03-12,27.95,27.97,27.91,27.97,700,0
2018-03-13,27.97,27.97,27.97,27.97,-,0
2018-03-14,27.97,27.97,27.97,27.97,-,0
2018-03-15,27.97,27.97,27.97,27.97,100,0
2018-03-16,27.74,27.77,27.74,27.77,600,0
2018-03-19,27.13,27.17,27.06,27.06,500,0
2018-03-20,27.06,27.06,27.06,27.06,-,0
2018-03-21,27.19,27.20,27.19,27.20,600,0
2018-03-22,27.20,27.20,27.20,27.20,-,0
2018-03-23,27.20,27.20,27.20,27.20,-,0
2018-03-26,27.20,27.20,27.20,27.20,-,0
2018-03-27,27.20,27.20,27.20,27.20,-,0
2018-03-28,27.20,27.20,27.20,27.20,100,0
2018-03-29,27.20,27.20,27.20,27.20,-,0
2018-04-02,27.20,27.20,27.20,27.20,-,0
2018-04-03,25.95,25.95,25.95,25.95,100,0
2018-04-04,25.95,25.95,25.95,25.95,100,0
2018-04-05,25.95,25.95,25.95,25.95,-,0
2018-04-06,25.95,25.95,25.95,25.95,-,0
2018-04-09,26.34,26.34,26.34,26.34,300,0