Date,Open,High,Low,Close,Volume,OpenInt
2017-09-21,6.75,7.43,6.0201,6.41,237719,0
2017-09-22,6.8,13.5,6.71,12.75,675362,0
2017-09-25,11.78,11.9,9.2295,10.45,338174,0
2017-09-26,10.38,11.8,9.21,10.3,267531,0
2017-09-27,10.09,10.87,9.5301,10.87,93440,0
2017-09-28,10.46,13.1,10.1995,12.61,140929,0
2017-09-29,12.9,16.8,11.561,16.8,86302,0
2017-10-02,15.78,24.4,13.5001,22.82,155611,0
2017-10-03,23.05,31.75,22.5,28.49,287897,0
2017-10-04,29,30.55,21.13,23,97907,0
2017-10-05,21.88,28.09,19.49,25.48,95502,0
2017-10-06,25.58,27.499,22.198,23.5,49981,0
2017-10-09,23.98,24.7805,21.41,24.47,97040,0
2017-10-10,24.47,24.99,22.49,23.14,82491,0
2017-10-11,22.3,26.15,22.0364,24.22,84915,0
2017-10-12,24.64,25.7799,22.9,24.39,109777,0
2017-10-13,23.86,25.18,22.9647,24.77,111674,0
2017-10-16,25.7799,30.98,25.5,29.22,91015,0
2017-10-17,28.66,29.36,24.6,24.6,50626,0
2017-10-18,24.37,27,24.35,24.4,44153,0
2017-10-19,24.4,25.27,23.55,24.76,32248,0
2017-10-20,25.49,26.94,23.8,23.8,238787,0
2017-10-23,24.22,26.43,24,25,130983,0
2017-10-24,24.89,25.98,24.3,25.01,146636,0
2017-10-25,25.1,28.27,24.67,27.46,295900,0
2017-10-26,27.94,28.88,27.75,28.06,184415,0
2017-10-27,28.349,30.39,15.7,15.7,545072,0
2017-10-30,15.9,18,13.6,14.99,167415,0
2017-10-31,15.1,16.717,13,16.1635,326357,0
2017-11-01,16.02,18.88,15.39,18.43,180478,0
2017-11-02,18.62,21.83,18.62,20.5,83061,0
2017-11-03,20.4589,22.1,20.4589,21.74,27911,0
2017-11-06,22.07,25.91,21.99,25.32,65533,0
2017-11-07,23.04,27.68,23.04,26.5,158291,0
2017-11-08,26.5,28.8,22.16,23,330367,0
2017-11-09,22.47,24.33,21.368,21.8,160364,0
2017-11-10,22.01,22.9155,20,20.1,292420,0
2017-11-13,20.40,21.07,15.85,15.89,308400,0
2017-11-14,16.16,16.73,15.00,16.02,118100,0
2017-11-15,15.27,16.99,14.80,15.14,106100,0
2017-11-16,15.17,15.55,13.11,13.62,131700,0
2017-11-17,13.41,14.41,12.00,12.01,286700,0
2017-11-20,12.17,12.72,9.73,9.78,259500,0
2017-11-21,9.74,10.90,9.00,9.22,404100,0
2017-11-22,9.30,9.91,9.07,9.28,238100,0
2017-11-24,9.22,9.70,7.91,9.12,340600,0
2017-11-27,9.06,9.66,8.56,8.61,439600,0
2017-11-28,8.61,9.07,8.01,8.13,346800,0
2017-11-29,8.18,8.44,7.14,7.20,210500,0
2017-11-30,7.23,7.58,5.86,6.26,572100,0
2017-12-01,6.36,6.89,6.14,6.52,293000,0
2017-12-04,6.50,7.55,6.43,7.44,680300,0
2017-12-05,7.52,8.85,7.52,7.83,769300,0
2017-12-06,7.88,8.47,6.59,6.75,432200,0
2017-12-07,6.80,7.08,6.22,6.41,209600,0
2017-12-08,6.40,6.95,6.28,6.69,315500,0
2017-12-11,6.75,7.30,6.75,7.00,191500,0
2017-12-12,7.06,7.24,6.81,6.99,84800,0
2017-12-13,7.25,8.12,6.90,7.73,412200,0
2017-12-14,7.78,8.22,7.01,7.50,391300,0
2017-12-15,7.47,8.01,6.98,7.00,537400,0
2017-12-18,6.96,7.22,6.73,6.84,239600,0
2017-12-19,6.80,7.00,6.70,6.83,125500,0
2017-12-20,6.78,6.92,6.46,6.56,105400,0
2017-12-21,6.57,7.18,6.52,6.85,218500,0
2017-12-22,7.90,11.11,5.10,5.64,3324000,0
2017-12-26,5.64,5.90,5.41,5.55,378900,0
2017-12-27,5.58,6.15,5.55,5.95,382300,0
2017-12-28,6.02,6.28,5.72,5.87,264800,0
2017-12-29,5.83,5.94,5.51,5.64,173800,0
2018-01-02,5.69,5.93,5.60,5.76,117800,0
2018-01-03,5.67,5.84,5.55,5.65,107000,0
2018-01-04,5.63,5.68,5.48,5.61,75700,0
2018-01-05,5.60,5.60,5.26,5.41,187800,0
2018-01-08,5.56,5.79,5.43,5.54,187300,0
2018-01-09,5.69,5.69,5.43,5.56,124200,0
2018-01-10,5.56,5.60,5.31,5.31,108300,0
2018-01-11,5.33,5.56,5.10,5.41,183200,0
2018-01-12,5.42,5.73,5.42,5.51,106100,0
2018-01-16,5.52,5.68,5.40,5.51,56300,0
2018-01-17,5.51,5.64,5.42,5.58,64100,0
2018-01-18,5.56,6.23,5.51,6.13,239400,0
2018-01-19,6.06,6.28,5.69,5.74,165300,0
2018-01-22,5.88,5.88,5.43,5.60,73200,0
2018-01-23,5.64,5.71,5.37,5.50,41600,0
2018-01-24,5.45,5.55,5.35,5.37,63400,0
2018-01-25,5.40,5.64,5.40,5.42,46300,0
2018-01-26,5.31,5.67,5.30,5.48,106800,0
2018-01-29,5.41,5.51,5.28,5.34,68500,0
2018-01-30,5.31,5.31,5.19,5.20,93300,0
2018-01-31,5.16,5.39,4.64,4.91,150000,0
2018-02-01,4.92,5.06,4.80,4.90,36400,0
2018-02-02,4.86,4.86,4.29,4.39,93100,0
2018-02-05,4.40,4.74,4.06,4.46,79900,0
2018-02-06,4.36,4.56,4.17,4.33,42000,0
2018-02-07,4.38,4.49,4.10,4.43,42300,0
2018-02-08,4.11,4.55,4.11,4.43,47500,0
2018-02-09,4.45,4.45,3.86,4.25,77500,0
2018-02-12,4.25,4.71,4.10,4.25,79500,0
2018-02-13,4.43,4.47,4.09,4.30,95200,0
2018-02-14,4.35,4.41,3.90,4.38,144200,0
2018-02-15,4.13,4.38,4.11,4.38,80100,0
2018-02-16,4.48,4.65,4.21,4.27,91400,0
2018-02-20,4.26,4.38,4.10,4.26,44600,0
2018-02-21,4.26,4.39,4.19,4.27,64700,0
2018-02-22,4.31,4.31,4.17,4.25,24600,0
2018-02-23,4.28,4.42,4.20,4.25,47000,0
2018-02-26,4.30,4.40,4.15,4.20,35700,0
2018-02-27,4.23,4.40,4.18,4.27,39500,0
2018-02-28,4.25,4.32,4.11,4.25,68300,0
2018-03-01,4.25,4.35,4.18,4.26,45600,0
2018-03-02,4.30,4.35,4.20,4.20,39500,0
2018-03-05,4.25,4.49,4.22,4.25,41400,0
2018-03-06,4.26,4.30,4.21,4.25,10400,0
2018-03-07,4.30,4.30,4.20,4.21,20300,0
2018-03-08,4.26,4.39,4.15,4.29,48600,0
2018-03-09,4.31,5.19,4.27,5.00,431900,0
2018-03-12,4.95,5.00,4.62,4.79,105700,0
2018-03-13,4.81,4.81,4.39,4.43,67200,0
2018-03-14,4.45,4.67,4.35,4.43,51300,0
2018-03-15,4.43,4.60,4.38,4.43,39800,0
2018-03-16,4.42,4.70,4.40,4.61,62400,0
2018-03-19,4.60,4.74,4.42,4.55,39500,0
2018-03-20,4.61,4.80,4.42,4.58,41000,0
2018-03-21,4.57,4.57,4.38,4.41,42400,0
2018-03-22,4.40,4.60,4.39,4.46,18800,0
2018-03-23,4.46,4.46,4.25,4.27,51700,0
2018-03-26,4.34,4.40,4.25,4.28,51500,0
2018-03-27,4.27,4.30,4.25,4.26,35100,0
2018-03-28,4.28,4.48,4.15,4.41,15400,0
2018-03-29,4.28,4.49,4.20,4.20,43800,0
2018-04-02,4.22,4.32,4.10,4.26,12200,0
2018-04-03,4.02,4.32,4.02,4.25,68200,0
2018-04-04,4.17,4.42,4.00,4.27,136300,0
2018-04-05,4.29,4.39,4.16,4.26,30800,0
2018-04-06,4.27,4.30,4.11,4.25,7100,0
2018-04-09,4.31,4.31,4.18,4.24,5017,0