Date,Open,High,Low,Close,Volume,OpenInt
2017-09-13,25.072,25.072,25.032,25.032,754,0
2017-09-14,25.042,25.042,25.018,25.032,1376,0
2017-09-15,25.052,25.052,24.992,25.022,2158,0
2017-09-18,25.072,25.072,25.062,25.062,423,0
2017-09-19,25.042,25.062,25.042,25.048,4129,0
2017-09-20,25.006,25.032,25.006,25.032,3366,0
2017-09-21,25.012,25.052,25.012,25.032,4945,0
2017-09-22,25.031,25.032,25.031,25.032,507,0
2017-09-25,25.062,25.062,25.062,25.062,342,0
2017-09-26,25.072,25.072,25.042,25.062,10998,0
2017-09-27,25.032,25.052,25.022,25.052,18761,0
2017-09-28,25.052,25.052,24.954,24.972,13609,0
2017-09-29,25.022,25.022,24.964,24.982,4826,0
2017-10-02,25.14,25.14,25.05,25.07,7112,0
2017-10-03,25.09,25.09,25.02,25.04,15248,0
2017-10-04,25.06,25.08,25.059,25.06,5011,0
2017-10-05,25.1,25.1,25.02,25.02,15630,0
2017-10-06,25,25,24.89,24.924,18222,0
2017-10-09,24.955,24.9661,24.889,24.9,10153,0
2017-10-10,24.92,24.94,24.915,24.9376,2380,0
2017-10-11,24.95,24.96,24.9236,24.94,3945,0
2017-10-12,25,25.0099,24.95,25.0099,1668,0
2017-10-13,25.04,25.04,25.0356,25.04,4605,0
2017-10-16,25.04,25.04,25.01,25.0399,1625,0
2017-10-17,25.1,25.1,25.0167,25.03,4824,0
2017-10-18,25.07,25.07,25.03,25.04,7367,0
2017-10-19,25.06,25.06,25.0348,25.04,9326,0
2017-10-20,25.06,25.09,25.05,25.0699,11178,0
2017-10-23,25.12,25.13,25.1158,25.1158,8606,0
2017-10-24,25.13,25.13,25.1167,25.12,1151,0
2017-10-25,25.1,25.1,25.05,25.05,3671,0
2017-10-26,25.05,25.064,25.03,25.04,7048,0
2017-10-27,25.11,25.11,25.11,25.11,113,0
2017-10-30,25.12,25.12,25.02,25.02,8721,0
2017-10-31,25.05,25.06,25.0478,25.052,3150,0
2017-11-01,25.11,25.11,24.9101,24.9549,2997,0
2017-11-02,24.95,25,24.9,24.965,10752,0
2017-11-03,24.965,24.965,24.965,24.965,10791,0
2017-11-06,24.9,25.005,24.8991,24.99,3216,0
2017-11-07,24.94,24.96,24.94,24.94,3732,0
2017-11-08,24.9453,24.9453,24.9353,24.94,1867,0
2017-11-09,24.91,24.92,24.89,24.9,5159,0
2017-11-10,24.8999,24.9,24.8306,24.8405,3348,0
2017-11-20,25.01,25.10,25.01,25.07,5800,0
2017-11-21,25.07,25.07,25.05,25.07,1200,0
2017-11-22,25.08,25.16,25.08,25.16,1100,0
2017-11-24,25.21,25.21,25.17,25.20,2000,0
2017-11-27,25.32,26.22,25.22,25.22,28600,0
2017-11-28,25.11,25.22,25.11,25.15,1400,0
2017-11-29,25.15,25.17,25.12,25.12,4500,0
2017-11-30,25.14,25.20,25.13,25.19,9000,0
2017-12-01,24.99,25.08,24.95,25.02,11300,0
2017-12-04,25.14,25.15,25.08,25.08,1000,0
2017-12-05,25.11,25.11,25.05,25.05,2600,0
2017-12-06,25.07,25.14,25.07,25.13,4600,0
2017-12-07,25.15,25.17,25.12,25.15,1400,0
2017-12-08,25.20,25.20,25.12,25.19,1400,0
2017-12-11,25.10,25.19,25.10,25.10,4400,0
2017-12-12,25.20,25.20,25.10,25.17,5700,0
2017-12-13,25.14,25.14,24.99,25.14,8900,0
2017-12-14,25.05,25.05,25.03,25.03,2600,0
2017-12-15,25.00,25.11,25.00,25.10,5400,0
2017-12-18,25.00,25.06,25.00,25.06,1500,0
2017-12-19,25.05,25.05,25.02,25.02,900,0
2017-12-20,25.05,25.10,24.99,25.09,47100,0
2017-12-21,25.05,25.06,25.05,25.06,43300,0
2017-12-22,25.04,25.04,25.00,25.00,4800,0
2017-12-26,25.19,25.19,25.00,25.00,7100,0
2017-12-27,25.04,25.06,25.00,25.06,1600,0
2017-12-28,25.77,25.77,24.89,24.92,14500,0
2017-12-29,24.95,24.96,24.86,24.88,44600,0
2018-01-02,24.98,24.98,24.56,24.56,17700,0
2018-01-03,24.61,24.75,24.59,24.70,3600,0
2018-01-04,24.81,24.81,24.66,24.70,11400,0
2018-01-05,24.73,24.76,24.71,24.74,4500,0
2018-01-08,24.81,24.81,24.75,24.80,6600,0
2018-01-09,24.73,24.81,24.73,24.75,3500,0
2018-01-10,24.75,24.76,24.72,24.76,5000,0
2018-01-11,24.77,24.77,24.74,24.74,3400,0
2018-01-12,24.78,24.78,24.75,24.75,17000,0
2018-01-16,24.82,24.83,24.72,24.72,29600,0
2018-01-17,24.81,24.81,24.70,24.70,16000,0
2018-01-18,24.63,24.70,24.60,24.60,19100,0
2018-01-19,24.60,24.62,24.59,24.60,5600,0
2018-01-22,24.66,24.67,24.61,24.61,24600,0
2018-01-23,24.55,24.70,24.50,24.63,26900,0
2018-01-24,24.66,24.68,24.60,24.61,20400,0
2018-01-25,24.60,24.61,24.57,24.61,16600,0
2018-01-26,24.63,24.63,24.53,24.56,27800,0
2018-01-29,24.55,24.61,24.28,24.35,25600,0
2018-01-30,24.30,24.30,24.20,24.25,4500,0
2018-01-31,24.31,24.36,24.30,24.36,6400,0
2018-02-01,24.41,24.41,24.32,24.32,11900,0
2018-02-02,24.15,24.29,24.10,24.16,62900,0
2018-02-05,24.16,24.16,23.95,24.00,8900,0
2018-02-06,23.70,24.00,23.70,24.00,18900,0
2018-02-07,24.02,24.03,24.00,24.02,5600,0
2018-02-08,24.01,24.01,23.86,23.88,11800,0
2018-02-09,23.89,23.94,23.76,23.93,8100,0
2018-02-12,23.96,24.01,23.96,23.99,4300,0
2018-02-13,24.06,24.06,23.98,24.05,4400,0
2018-02-14,24.04,24.04,23.95,24.00,10800,0
2018-02-15,24.52,24.52,23.94,23.98,9800,0
2018-02-16,24.00,24.11,24.00,24.10,3000,0
2018-02-20,24.13,24.16,24.10,24.16,19000,0
2018-02-21,24.19,24.26,24.16,24.18,31700,0
2018-02-22,24.17,24.27,24.17,24.21,12800,0
2018-02-23,24.25,24.35,24.19,24.35,9400,0
2018-02-26,24.35,24.43,24.35,24.40,17600,0
2018-02-27,24.43,24.51,24.40,24.43,11900,0
2018-02-28,24.44,24.49,24.43,24.48,10600,0
2018-03-01,24.48,24.49,24.39,24.46,14600,0
2018-03-02,24.45,24.57,24.39,24.47,10500,0
2018-03-05,24.49,24.49,24.37,24.42,16800,0
2018-03-06,24.27,24.50,24.27,24.50,28600,0
2018-03-07,24.52,24.52,24.30,24.48,17900,0
2018-03-08,24.46,24.52,24.46,24.52,3600,0
2018-03-09,24.52,24.57,24.52,24.55,15100,0
2018-03-12,24.57,24.57,24.45,24.54,22900,0
2018-03-13,24.50,24.54,24.46,24.53,2400,0
2018-03-14,24.55,24.55,24.50,24.55,1500,0
2018-03-15,24.52,24.64,24.52,24.62,14400,0
2018-03-16,24.62,24.63,24.58,24.60,9100,0
2018-03-19,24.60,24.65,24.55,24.55,3400,0
2018-03-20,24.48,24.60,24.48,24.50,8600,0
2018-03-21,24.70,24.70,24.53,24.56,3300,0
2018-03-22,24.54,24.54,24.48,24.48,14700,0
2018-03-23,24.49,24.50,24.41,24.47,17100,0
2018-03-26,24.52,24.52,24.45,24.49,2800,0
2018-03-27,24.47,24.49,24.47,24.48,4200,0
2018-03-28,24.45,24.52,24.45,24.52,15200,0
2018-03-29,24.45,24.51,24.45,24.50,2300,0
2018-04-02,24.55,24.57,24.48,24.49,18700,0
2018-04-03,24.57,24.57,24.38,24.43,16800,0
2018-04-04,24.34,24.34,24.23,24.33,3000,0
2018-04-05,24.35,24.35,24.27,24.31,16200,0
2018-04-06,24.34,24.34,24.23,24.26,10700,0
2018-04-09,24.37,24.33,24.29,24.29,5998,0