Date,Open,High,Low,Close,Volume,OpenInt
2016-12-13,24.983,24.983,24.983,24.983,813,0
2016-12-14,26.705,26.705,26.705,26.705,58692,0
2016-12-15,25.836,25.836,25.836,25.836,404597,0
2016-12-16,25.19,25.19,25.19,25.19,304247,0
2016-12-19,24.983,24.983,24.983,24.983,7661,0
2016-12-20,25.585,25.585,25.585,25.585,150527,0
2016-12-21,25.646,25.646,25.646,25.646,158286,0
2016-12-22,25.146,25.146,25.146,25.146,500364,0
2016-12-23,24.983,24.983,24.983,24.983,66203,0
2016-12-27,24.811,24.811,24.811,24.811,1138,0
2016-12-28,24.896,24.896,24.896,24.896,19769,0
2016-12-29,25.63,25.63,25.63,25.63,10120,0
2016-12-30,25.758,25.758,25.758,25.758,51547,0
2017-01-03,26.274,26.274,26.274,26.274,2088667,0
2017-01-04,25.758,25.758,25.758,25.758,38563940,0
2017-01-05,25.621,25.621,24.138,24.466,17656833,0
2017-01-06,24.647,25.198,24.509,24.871,7042112,0
2017-01-09,24.655,25.749,24.535,25.267,5824092,0
2017-01-10,25.267,25.783,25,25.172,7149430,0
2017-01-11,25.672,26.008,25.198,25.576,4886587,0
2017-01-12,25.241,25.569,24.811,25.137,7519009,0
2017-01-13,25.224,25.56,24.922,25.06,4853237,0
2017-01-17,24.879,25.889,24.865,25.108,5059187,0
2017-01-18,25.174,25.261,24.851,24.955,3498931,0
2017-01-19,24.831,24.965,24.555,24.784,4074316,0
2017-01-20,24.727,24.937,24.593,24.822,2739295,0
2017-01-23,24.689,24.955,24.679,24.774,2540000,0
2017-01-24,24.679,25.699,24.679,25.566,4090803,0
2017-01-25,25.566,26.089,25.504,25.947,2868750,0
2017-01-26,26.004,26.938,25.747,26.232,5774655,0
2017-01-27,26.336,26.557,25.717,26.46,2691507,0
2017-01-30,26.262,26.433,25.375,25.784,1821266,0
2017-01-31,25.69,26.204,25.598,25.861,2856743,0
2017-02-01,25.727,25.984,25.099,25.231,3885870,0
2017-02-02,25.231,25.442,25.184,25.241,3500290,0
2017-02-03,25.403,25.851,25.318,25.699,1795496,0
2017-02-06,25.632,25.784,25.318,25.346,997010,0
2017-02-07,25.346,25.903,25.28,25.46,1863849,0
2017-02-08,25.337,25.841,25.337,25.841,1101682,0
2017-02-09,25.68,26.336,25.365,26.232,1504812,0
2017-02-10,26.336,26.336,25.68,26.051,1415525,0
2017-02-13,26.346,26.842,26.242,26.356,1479072,0
2017-02-14,26.584,26.661,26.098,26.252,1046044,0
2017-02-15,26.252,26.49,26.175,26.403,1180844,0
2017-02-16,26.262,26.517,26.142,26.423,1566649,0
2017-02-17,26.309,26.48,25.566,25.747,1804949,0
2017-02-21,25.68,25.927,25.566,25.613,2079876,0
2017-02-22,25.747,25.918,25.156,25.47,1884206,0
2017-02-23,25.47,25.67,24.784,24.984,1551761,0
2017-02-24,24.937,24.937,24.555,24.698,2267510,0
2017-02-27,24.946,25.022,24.202,24.774,2879242,0
2017-02-28,24.698,24.793,24.202,24.336,1534148,0
2017-03-01,24.574,25.47,24.356,24.803,3593768,0
2017-03-02,26.013,26.013,24.937,25.536,2737523,0
2017-03-03,25.422,25.937,25.346,25.737,1962444,0
2017-03-06,25.632,26.128,25.489,25.823,2368587,0
2017-03-07,25.794,25.937,25.032,25.127,2331721,0
2017-03-08,25.127,25.46,24.774,25.022,1827339,0
2017-03-09,25.012,25.504,24.66,24.793,1077294,0
2017-03-10,24.841,25.174,24.336,24.774,1471297,0
2017-03-13,24.679,25.136,24.517,24.536,1549117,0
2017-03-14,24.574,24.689,24.346,24.565,863443,0
2017-03-15,24.717,25.448,24.584,25.213,1575835,0
2017-03-16,25.318,25.574,25.022,25.337,1064973,0
2017-03-17,25.288,25.637,25.261,25.375,2813281,0
2017-03-20,25.28,25.28,25.012,25.203,920588,0
2017-03-21,25.346,25.412,24.736,24.946,2659045,0
2017-03-22,24.87,25.003,24.488,24.937,1396670,0
2017-03-23,24.946,25.27,24.851,25.012,753446,0
2017-03-24,24.927,25.394,24.793,24.984,632309,0
2017-03-27,24.774,25.184,24.622,24.937,1297462,0
2017-03-28,24.927,25.108,24.593,24.908,1751544,0
2017-03-29,24.908,25.169,24.753,24.879,1971551,0
2017-03-30,24.772,25.179,24.753,24.908,2260606,0
2017-03-31,24.976,25.334,24.859,24.869,1799708,0
2017-04-03,24.782,25.218,24.753,24.976,1926063,0
2017-04-04,24.879,25.315,24.753,25.315,1332026,0
2017-04-05,25.363,25.47,25.024,25.024,1064260,0
2017-04-06,24.995,25.489,24.985,25.47,1340086,0
2017-04-07,25.392,25.605,25.063,25.605,1666448,0
2017-04-10,25.431,25.765,25.247,25.557,1492024,0
2017-04-11,25.625,25.654,25.47,25.615,1223945,0
2017-04-12,25.547,25.789,25.344,25.547,947914,0
2017-04-13,25.644,25.644,25.073,25.392,2301265,0
2017-04-17,25.392,25.528,25.363,25.499,499832,0
2017-04-18,25.509,25.673,25.441,25.567,967082,0
2017-04-19,25.673,26.031,25.411,25.847,978361,0
2017-04-20,25.847,25.877,25.537,25.673,1297652,0
2017-04-21,25.828,25.915,25.576,25.605,750992,0
2017-04-24,25.693,25.838,25.392,25.761,1040615,0
2017-04-25,25.838,25.973,25.654,25.779,1877652,0
2017-04-26,25.721,26.129,25.576,25.954,1598706,0
2017-04-27,25.993,26.129,25.741,25.954,1210533,0
2017-04-28,25.867,25.998,24.84,24.869,4073228,0
2017-05-01,24.898,25.063,24.714,24.947,1439305,0
2017-05-02,25.034,25.693,24.908,25.392,1306957,0
2017-05-03,25.392,25.702,25.208,25.315,1489776,0
2017-05-04,25.945,25.954,24.724,25.227,1362917,0
2017-05-05,25.169,25.789,25.169,25.353,694261,0
2017-05-08,25.344,25.499,24.462,24.53,2044463,0
2017-05-09,24.588,24.956,24.569,24.859,1783310,0
2017-05-10,24.917,25.121,24.666,24.811,1144960,0
2017-05-11,24.821,24.821,24.336,24.549,1593091,0
2017-05-12,24.51,24.598,24.118,24.142,918549,0
2017-05-15,24.22,24.608,24.152,24.598,1280257,0
2017-05-16,24.578,25.189,24.385,24.966,2061841,0
2017-05-17,24.821,25.266,24.317,24.365,939583,0
2017-05-18,24.317,24.675,23.881,24.646,1450344,0
2017-05-19,24.646,24.695,24.375,24.569,983924,0
2017-05-22,24.695,25.024,24.409,24.704,1190206,0
2017-05-23,24.83,25.383,24.729,24.888,1475752,0
2017-05-24,24.966,25.198,24.879,24.966,989304,0
2017-05-25,25.034,25.034,24.675,24.675,1052773,0
2017-05-26,24.733,24.888,24.666,24.821,629806,0
2017-05-30,24.724,24.898,24.675,24.704,480536,0
2017-05-31,24.956,25.082,24.515,24.937,1990540,0
2017-06-01,24.821,25.567,24.821,25.257,1812780,0
2017-06-02,26.041,26.701,25.838,26.439,7531194,0
2017-06-05,26.467,26.885,26.264,26.39,3216172,0
2017-06-06,26.371,26.477,26.08,26.206,4048766,0
2017-06-07,26.273,26.381,25.945,26.138,1570919,0
2017-06-08,25.819,26.187,25.819,25.993,3750586,0
2017-06-09,26.109,26.545,26.061,26.439,1929938,0
2017-06-12,26.807,26.991,26.603,26.875,4156430,0
2017-06-13,26.893,27.127,26.661,26.971,2800392,0
2017-06-14,27.077,27.077,26.749,26.991,2143460,0
2017-06-15,27.011,27.087,26.507,26.903,2653701,0
2017-06-16,27.097,27.136,26.729,26.933,10596296,0
2017-06-19,27.029,27.136,26.623,26.933,2930610,0
2017-06-20,26.971,26.971,26.366,26.739,2141380,0
2017-06-21,26.845,27.029,26.371,26.701,2485736,0
2017-06-22,26.709,26.83,26.264,26.449,1717328,0
2017-06-23,26.516,26.651,26.162,26.633,4807827,0
2017-06-26,26.701,26.719,26.399,26.535,1898876,0
2017-06-27,26.477,26.86,26.457,26.487,2981477,0
2017-06-28,26.497,26.881,26.428,26.753,2408701,0
2017-06-29,26.723,26.802,26.507,26.556,3886957,0
2017-06-30,26.595,26.772,26.521,26.536,2205370,0
2017-07-03,26.713,27.117,26.576,27.117,542867,0
2017-07-05,27.097,27.107,26.566,26.595,2906341,0
2017-07-06,26.595,26.763,26.231,26.31,1907701,0
2017-07-07,26.349,26.576,26.211,26.428,2045567,0
2017-07-10,26.497,26.541,26.28,26.418,1760177,0
2017-07-11,26.457,26.723,26.349,26.585,1527967,0
2017-07-12,26.753,26.93,26.457,26.576,1050745,0
2017-07-13,26.654,26.802,26.162,26.31,1159421,0
2017-07-14,26.329,26.625,26.28,26.448,1279472,0
2017-07-17,26.388,27.137,26.251,26.802,2486662,0
2017-07-18,26.841,26.959,26.728,26.772,1663038,0
2017-07-19,26.89,26.999,26.625,26.812,1318284,0
2017-07-20,26.871,26.871,26.034,26.064,2265203,0
2017-07-21,26.054,26.329,26.054,26.211,1740342,0
2017-07-24,26.221,26.772,26.192,26.556,1576191,0
2017-07-25,26.625,26.635,26.339,26.398,795066,0
2017-07-26,26.507,26.822,26.172,26.27,918903,0
2017-07-27,26.29,26.772,26.093,26.497,911860,0
2017-07-28,26.457,26.561,26.221,26.457,646611,0
2017-07-31,26.408,26.59,26.388,26.507,2082884,0
2017-08-01,26.605,26.753,26.448,26.644,2022111,0
2017-08-02,26.674,26.689,26.034,26.211,1552681,0
2017-08-03,26.123,26.397,25.493,25.601,2808966,0
2017-08-04,25.601,26.251,25.463,26.024,1666468,0
2017-08-07,26.024,26.379,25.926,26.241,1437558,0
2017-08-08,26.241,26.31,25.778,25.837,1923997,0
2017-08-09,25.936,26.014,25.424,25.621,1541703,0
2017-08-10,25.473,25.611,25.325,25.562,1328228,0
2017-08-11,25.355,25.709,25.355,25.69,955301,0
2017-08-14,25.739,26.034,25.719,25.946,933717,0
2017-08-15,25.955,25.955,25.768,25.955,1015779,0
2017-08-16,26.093,26.241,26.008,26.113,1110002,0
2017-08-17,25.985,26.024,25.547,25.572,1459095,0
2017-08-18,25.581,25.719,25.404,25.512,1153160,0
2017-08-21,25.522,25.611,25.247,25.611,917738,0
2017-08-22,25.69,25.955,25.621,25.818,676304,0
2017-08-23,25.69,25.768,25.473,25.493,796535,0
2017-08-24,25.532,25.631,25.444,25.532,1381196,0
2017-08-25,25.522,25.808,25.463,25.69,576733,0
2017-08-28,25.768,25.813,25.089,25.434,1633204,0
2017-08-29,25.365,25.759,25.345,25.572,881247,0
2017-08-30,25.493,25.985,25.473,25.887,1283760,0
2017-08-31,26.014,26.32,25.906,26.27,1991916,0
2017-09-01,26.28,26.703,26.241,26.467,1066793,0
2017-09-05,26.487,26.595,25.631,25.778,1226198,0
2017-09-06,25.768,26.211,25.768,26.133,1042456,0
2017-09-07,26.251,26.26,25.749,26.142,851764,0
2017-09-08,26.123,26.334,25.955,26.201,708402,0
2017-09-11,26.408,26.979,26.384,26.684,1998143,0
2017-09-12,26.703,26.841,26.516,26.782,1199733,0
2017-09-13,26.802,26.979,26.27,26.979,1901578,0
2017-09-14,26.959,27.137,26.861,26.989,1349858,0
2017-09-15,26.822,27.186,26.782,27.058,3642639,0
2017-09-18,27.018,27.018,26.576,26.763,1360117,0
2017-09-19,26.841,26.881,26.359,26.477,2153872,0
2017-09-20,26.438,26.94,26.438,26.89,1455654,0
2017-09-21,26.851,27.028,26.713,26.851,1024278,0
2017-09-22,26.9,27.186,26.9,27.097,1509001,0
2017-09-25,27.107,27.629,27.107,27.383,1704235,0
2017-09-26,27.442,27.442,26.94,27.235,1831616,0
2017-09-27,27.274,27.333,26.743,26.92,1823886,0
2017-09-28,26.89,27.735,26.8508,27.59,1841612,0
2017-09-29,27.49,27.73,27.36,27.56,1057943,0
2017-10-02,27.56,27.71,27.42,27.56,1389040,0
2017-10-03,27.49,27.53,26.9,27.19,1063615,0
2017-10-04,27.19,27.5,27.05,27.44,924991,0
2017-10-05,27.5,27.71,27.43,27.63,942991,0
2017-10-06,27.57,27.8,27.4501,27.74,899899,0
2017-10-09,27.83,28.05,27.82,28.03,1141293,0
2017-10-10,28.04,28.35,27.85,28,966812,0
2017-10-11,28.09,28.17,27.87,28.03,900684,0
2017-10-12,28.05,28.74,27.87,28.55,1849325,0
2017-10-13,28.69,28.79,28.34,28.68,1136027,0
2017-10-16,28.69,28.86,28.61,28.71,863422,0
2017-10-17,28.71,28.8,28.47,28.59,1054934,0
2017-10-18,28.59,28.84,28.54,28.74,678937,0
2017-10-19,28.7,29.09,28.61,28.97,977788,0
2017-10-20,29.07,29.1,28.44,28.48,1409129,0
2017-10-23,28.51,28.52,28.02,28.03,791857,0
2017-10-24,28.13,28.35,28.0101,28.3,498192,0
2017-10-25,28.31,28.37,28.08,28.09,766908,0
2017-10-26,28.3,28.66,28.1,28.57,700701,0
2017-10-27,28.5,28.65,28.29,28.52,642879,0
2017-10-30,28.57,28.6,28.11,28.16,959893,0
2017-10-31,28.23,28.84,28.1,28.79,2511461,0
2017-11-01,28.81,29.08,28.72,28.93,1093410,0
2017-11-02,28.82,29.17,28.53,29.05,1617202,0
2017-11-03,29.01,29.22,28.62,29.08,1717534,0
2017-11-06,29.13,29.32,29.1,29.26,1161043,0
2017-11-07,29.38,29.9,28.92,29.25,1576864,0
2017-11-08,29.31,29.41,29.1382,29.29,665953,0
2017-11-09,29.26,29.36,29.02,29.12,787679,0
2017-11-10,29.11,29.14,28.61,28.81,815596,0
2017-11-15,28.32,28.68,28.21,28.50,994200,0
2017-11-16,28.49,28.95,28.44,28.92,1221700,0
2017-11-17,28.96,29.13,28.86,28.92,978000,0
2017-11-20,28.35,28.72,28.04,28.67,1290800,0
2017-11-21,28.60,29.26,28.53,29.14,1158600,0
2017-11-22,29.13,29.26,28.93,29.08,648800,0
2017-11-24,29.18,29.22,28.81,28.82,292100,0
2017-11-27,28.80,28.91,28.63,28.70,698900,0
2017-11-28,28.73,28.73,27.83,28.12,3946000,0
2017-11-29,28.33,29.14,28.20,28.90,3333100,0
2017-11-30,28.96,29.40,28.59,29.20,2862800,0
2017-12-01,29.20,29.27,28.52,28.81,983000,0
2017-12-04,29.44,29.46,28.64,28.74,1803800,0
2017-12-05,28.70,28.94,28.62,28.80,1280000,0
2017-12-06,28.51,28.91,28.28,28.38,2003300,0
2017-12-07,28.51,28.70,28.38,28.45,2372100,0
2017-12-08,28.78,28.78,28.21,28.41,2284100,0
2017-12-11,28.43,28.61,28.30,28.37,1618300,0
2017-12-12,28.51,28.75,28.26,28.28,2227900,0
2017-12-13,28.33,28.69,28.29,28.32,1366300,0
2017-12-14,28.48,28.73,28.39,28.65,1967300,0
2017-12-15,28.76,28.90,28.47,28.53,3643700,0
2017-12-18,28.64,29.52,28.60,29.42,2129900,0
2017-12-19,29.40,29.48,28.88,28.90,2128800,0
2017-12-20,28.95,29.08,28.71,29.00,1714200,0
2017-12-21,29.53,29.69,29.00,29.05,1980500,0
2017-12-22,29.20,29.48,28.88,29.37,1081300,0
2017-12-26,29.34,29.56,29.20,29.25,661400,0
2017-12-27,29.31,29.39,29.14,29.15,1020600,0
2017-12-28,28.63,28.91,28.57,28.91,904800,0
2017-12-29,28.97,29.14,28.75,28.75,950600,0
2018-01-02,28.87,28.99,28.56,28.85,1294800,0
2018-01-03,28.84,29.26,28.82,28.94,1397700,0
2018-01-04,29.02,29.12,28.55,28.67,1402000,0
2018-01-05,28.70,28.78,28.46,28.69,1169900,0
2018-01-08,28.67,28.85,28.48,28.62,1113300,0
2018-01-09,28.72,28.74,28.49,28.71,1851400,0
2018-01-10,28.66,29.04,28.51,28.84,1710000,0
2018-01-11,28.91,29.21,28.66,29.09,1897900,0
2018-01-12,29.10,29.17,28.74,28.95,1246300,0
2018-01-16,29.09,29.37,29.01,29.05,1883300,0
2018-01-17,29.21,29.41,29.02,29.27,2028400,0
2018-01-18,29.35,29.39,28.81,28.90,979200,0
2018-01-19,29.03,29.40,28.95,29.18,1434300,0
2018-01-22,29.27,29.44,29.08,29.34,1545500,0
2018-01-23,29.42,29.84,29.27,29.80,1229000,0
2018-01-24,29.86,29.93,29.59,29.68,1214500,0
2018-01-25,29.75,29.84,29.52,29.58,1541900,0
2018-01-26,29.71,29.71,29.40,29.51,2092600,0
2018-01-29,29.43,29.66,29.19,29.57,892600,0
2018-01-30,29.35,29.43,28.81,28.94,2092900,0
2018-01-31,29.10,29.20,28.58,28.91,2062100,0
2018-02-01,28.83,29.09,28.68,28.78,940000,0
2018-02-02,28.60,28.69,27.92,28.01,1520800,0
2018-02-05,27.88,27.96,26.96,26.98,1680900,0
2018-02-06,26.51,27.72,26.25,27.65,2216400,0
2018-02-07,27.61,27.93,27.44,27.64,2369700,0
2018-02-08,27.64,27.68,26.72,26.75,2517100,0
2018-02-09,27.00,27.39,26.60,27.25,2711000,0
2018-02-12,27.36,27.47,26.20,27.08,2241800,0
2018-02-13,26.88,27.29,26.56,27.20,1925500,0
2018-02-14,26.97,27.28,26.78,27.27,1758400,0
2018-02-15,27.48,27.53,26.90,27.13,1401400,0
2018-02-16,27.07,27.38,27.00,27.18,794100,0
2018-02-20,27.10,27.24,26.54,26.55,1375400,0
2018-02-21,26.27,26.61,25.93,26.06,1793900,0
2018-02-22,26.18,26.29,26.00,26.10,1266200,0
2018-02-23,26.29,26.57,26.19,26.56,905900,0
2018-02-26,26.66,26.69,26.39,26.54,1139600,0
2018-02-27,26.54,26.60,26.25,26.25,2074800,0
2018-02-28,26.29,26.41,25.99,25.99,2298300,0
2018-03-01,25.93,26.14,25.71,25.93,1500800,0
2018-03-02,25.52,25.59,24.23,24.42,3607800,0
2018-03-05,24.18,25.16,23.91,24.96,5273600,0
2018-03-06,25.18,26.18,25.03,26.15,4062100,0
2018-03-07,26.81,26.88,26.41,26.81,18264800,0
2018-03-08,26.80,27.19,26.53,26.94,4882800,0
2018-03-09,26.99,27.67,26.87,27.00,9637700,0
2018-03-12,27.09,27.39,26.87,27.00,3221300,0
2018-03-13,27.00,27.26,26.78,27.04,3499200,0
2018-03-14,27.04,27.07,26.65,27.04,2930100,0
2018-03-15,27.06,27.08,26.68,27.04,1903800,0
2018-03-16,27.13,27.37,26.86,27.31,4650500,0
2018-03-19,27.30,27.30,26.73,27.04,2464300,0
2018-03-20,27.03,27.30,26.88,26.94,1987500,0
2018-03-21,26.96,27.04,26.75,26.87,2478000,0
2018-03-22,26.59,26.96,26.36,26.37,1782000,0
2018-03-23,26.46,26.60,25.78,26.08,6037600,0
2018-03-26,26.31,26.74,26.26,26.55,2603100,0
2018-03-27,26.55,26.66,26.24,26.31,1197500,0
2018-03-28,26.39,26.85,26.29,26.79,2902000,0
2018-03-29,26.85,27.04,26.74,27.02,2032500,0
2018-04-02,27.05,27.10,26.68,26.95,1817400,0
2018-04-03,27.02,27.30,26.95,27.29,2034100,0
2018-04-04,27.08,27.37,27.03,27.34,1713700,0
2018-04-05,27.38,27.47,27.10,27.18,1417100,0
2018-04-06,27.10,27.28,26.74,26.88,1097500,0
2018-04-09,27.10,27.10,26.48,26.49,2336047,0