Date,Open,High,Low,Close,Volume,OpenInt
2016-09-28,25.628,25.628,24.797,24.797,7176,0
2016-09-30,24.847,24.847,24.847,24.847,100,0
2016-10-03,24.747,24.747,24.747,24.747,802,0
2016-10-04,24.64,24.64,24.64,24.64,1011,0
2016-10-05,24.817,24.818,24.817,24.818,2021,0
2016-10-06,24.709,24.709,24.709,24.709,110,0
2016-11-01,23.778,23.778,23.778,23.778,304,0
2016-11-02,24.738,24.738,23.412,23.412,9530,0
2016-11-09,24.62,24.62,24.605,24.605,3097,0
2016-11-10,25.027,25.027,25.027,25.027,353,0
2016-11-14,25.876,25.876,25.876,25.876,4893,0
2016-11-16,27.093,27.093,27.093,27.093,304,0
2016-11-21,26.461,26.461,26.461,26.461,329,0
2016-11-22,26.648,26.777,26.648,26.777,384,0
2016-11-23,27.073,27.073,27.073,27.073,240,0
2016-11-28,27.281,27.281,26.766,26.766,6672,0
2016-11-29,26.806,26.806,26.806,26.806,758,0
2016-12-01,26.96,26.96,26.96,26.96,707,0
2016-12-02,26.708,26.708,26.495,26.609,607,0
2016-12-05,25.451,26.599,25.451,26.599,203,0
2016-12-08,27.843,27.875,27.843,27.875,304,0
2016-12-12,28.192,28.192,27.875,27.875,255,0
2016-12-14,27.589,27.677,27.589,27.606,2319,0
2016-12-15,27.697,27.697,27.637,27.637,8947,0
2016-12-16,27.757,27.757,27.637,27.637,3423,0
2016-12-19,27.608,27.608,27.608,27.608,100,0
2016-12-20,27.885,27.885,27.885,27.885,889,0
2016-12-21,27.895,27.895,27.816,27.816,259,0
2016-12-22,27.816,27.816,27.529,27.569,1495,0
2016-12-23,27.628,27.628,27.628,27.628,718,0
2016-12-28,27.653,27.653,27.653,27.653,168,0
2016-12-29,27.484,27.484,27.484,27.484,974,0
2016-12-30,27.454,27.454,27.437,27.437,418,0
2017-01-03,27.404,27.404,27.404,27.404,100,0
2017-01-09,27.454,27.454,27.454,27.454,102,0
2017-01-10,27.713,27.713,27.713,27.713,257,0
2017-01-13,27.802,27.802,27.693,27.693,358,0
2017-01-17,27.403,27.403,27.403,27.403,200,0
2017-01-18,27.295,27.385,27.295,27.384,574,0
2017-01-24,27.355,27.355,27.355,27.355,303,0
2017-01-25,27.743,27.743,27.554,27.554,1496,0
2017-01-30,27.226,27.226,27.226,27.226,102,0
2017-02-01,27.444,27.444,27.405,27.405,725,0
2017-02-02,27.354,27.355,27.354,27.355,491,0
2017-02-03,27.802,27.802,27.802,27.802,2559,0
2017-02-06,27.554,27.554,27.554,27.554,554,0
2017-02-08,27.295,27.295,27.295,27.295,202,0
2017-02-09,27.881,27.881,27.881,27.881,554,0
2017-02-10,28.04,28.09,27.921,28.085,2589,0
2017-02-14,28.1,28.1,28.1,28.1,100,0
2017-02-15,28.16,28.324,28.16,28.324,1188,0
2017-02-16,28.299,28.299,28.299,28.299,303,0
2017-02-17,28.309,28.309,28.287,28.287,265,0
2017-02-21,29.778,29.778,28.447,28.537,2432,0
2017-02-23,28.299,28.299,28.12,28.209,1572,0
2017-02-27,28.249,28.437,28.249,28.437,484,0
2017-02-28,28.209,28.209,27.969,27.99,1976,0
2017-03-01,28.566,28.566,28.566,28.566,252,0
2017-03-03,28.199,28.199,28.11,28.15,478,0
2017-03-08,27.861,27.861,27.802,27.802,368,0
2017-03-09,27.822,27.822,27.703,27.703,252,0
2017-03-10,27.593,27.623,27.581,27.622,3948,0
2017-03-13,27.782,27.782,27.782,27.782,180,0
2017-03-14,27.703,27.703,27.703,27.703,197,0
2017-03-16,28.12,28.15,28.12,28.14,2044,0
2017-03-17,28.249,28.249,28.249,28.249,1003,0
2017-03-20,28.249,28.249,28.04,28.08,2014,0
2017-03-24,27.574,27.703,27.574,27.663,1881,0
2017-03-27,27.564,27.564,27.564,27.564,378,0
2017-03-31,28.259,28.259,28.259,28.259,681,0
2017-04-11,27.874,27.874,27.735,27.853,465,0
2017-04-20,27.993,28.113,27.993,28.113,337,0
2017-04-25,28.761,28.79,28.761,28.79,261,0
2017-04-27,28.91,28.91,28.9,28.9,3140,0
2017-05-01,28.621,28.621,28.621,28.621,190,0
2017-05-02,28.621,28.621,28.621,28.621,502,0
2017-05-04,28.362,28.362,28.263,28.263,861,0
2017-05-09,28.423,28.423,28.372,28.372,824,0
2017-05-17,27.886,27.886,27.566,27.566,1415,0
2017-05-18,27.755,27.755,27.755,27.755,916,0
2017-05-22,28.043,28.043,28.043,28.043,649,0
2017-05-24,28.173,28.173,28.075,28.075,304,0
2017-05-25,28.342,28.342,28.203,28.203,1942,0
2017-05-26,28.342,28.342,28.342,28.342,1708,0
2017-05-30,28.089,28.089,28.089,28.089,204,0
2017-06-02,28.74,28.84,28.711,28.84,536,0
2017-06-06,28.441,28.671,28.441,28.631,2402,0
2017-06-08,28.756,28.756,28.729,28.729,227,0
2017-06-09,29.128,29.128,29.128,29.128,803,0
2017-06-12,28.94,28.94,28.94,28.94,21677,0
2017-06-13,29.057,29.057,29.057,29.057,201,0
2017-06-15,28.81,29.039,28.81,29.039,1747,0
2017-06-20,28.81,28.81,28.628,28.628,703,0
2017-06-28,28.153,28.979,28.153,28.979,522,0
2017-06-29,29.068,29.068,29.029,29.029,2988,0
2017-06-30,28.79,28.79,28.76,28.76,302,0
2017-07-03,28.774,28.774,28.774,28.774,100,0
2017-07-05,28.669,28.669,28.669,28.669,200,0
2017-07-06,28.539,28.599,28.539,28.599,1172,0
2017-07-07,28.749,28.749,28.749,28.749,331,0
2017-07-11,28.619,28.729,28.559,28.589,5890,0
2017-07-18,28.869,28.998,28.869,28.998,381,0
2017-07-27,29.288,29.288,29.288,29.288,3005,0
2017-07-31,29.018,29.029,29.018,29.029,501,0
2017-08-03,28.739,28.739,28.739,28.739,171,0
2017-08-07,28.659,28.789,28.659,28.739,301,0
2017-08-11,27.889,27.889,27.821,27.858,1087,0
2017-08-21,27.561,27.561,27.561,27.561,200,0
2017-08-28,27.881,27.881,27.839,27.839,301,0
2017-09-06,28.1,28.139,28.1,28.139,215,0
2017-09-25,29.13,29.13,29.13,29.13,351,0
2017-09-28,29.977,30.017,29.977,29.997,5411,0
2017-09-29,30.057,30.205,30.057,30.145,735,0
2017-10-02,30.24,30.28,30.24,30.28,1142,0
2017-10-13,30.1687,30.1687,30.1687,30.1687,195,0
2017-10-17,30.087,30.087,30.087,30.087,213,0
2017-10-19,30.1,30.1,30.1,30.1,140,0
2017-10-30,30.1,30.1,30.0565,30.0565,974,0
2017-10-31,30.479,30.479,30.479,30.479,165,0
2017-11-15,30.4790,30.4790,30.4790,30.4790,-,0
2017-11-16,30.4790,30.4790,30.4790,30.4790,200000,0
2017-11-17,30.4790,30.4790,30.4790,30.4790,-,0
2017-11-20,30.4790,30.4790,30.4790,30.4790,-,0
2017-11-21,30.4790,30.4790,30.4790,30.4790,-,0
2017-11-22,30.4790,30.4790,30.4790,30.4790,-,0
2017-11-24,30.4790,30.4790,30.4790,30.4790,-,0
2017-11-27,30.4790,30.4790,30.4790,30.4790,-,0
2017-11-28,30.4790,30.4790,30.4790,30.4790,-,0
2017-11-29,30.4790,30.4790,30.4790,30.4790,-,0
2017-11-30,30.4790,30.4790,30.4790,30.4790,-,0
2017-12-01,30.7650,30.7650,30.7650,30.7650,300,0
2017-12-04,31.0540,31.0540,31.0000,31.0000,400,0
2017-12-05,31.0000,31.0000,31.0000,31.0000,-,0
2017-12-06,31.0000,31.0000,31.0000,31.0000,-,0
2017-12-07,31.0000,31.0000,31.0000,31.0000,200000,0
2017-12-08,31.5000,31.5000,30.8000,30.8000,600,0
2017-12-11,30.8000,30.8000,30.8000,30.8000,-,0
2017-12-12,30.8000,30.8000,30.8000,30.8000,-,0
2017-12-13,30.8000,30.8000,30.8000,30.8000,-,0
2017-12-14,30.4180,30.4180,30.4180,30.4180,201000,0
2017-12-15,30.4180,30.4180,30.4180,30.4180,-,0
2017-12-18,30.4180,30.4180,30.4180,30.4180,-,0
2017-12-19,30.4180,30.4180,30.4180,30.4180,-,0
2017-12-20,31.1240,31.1240,31.1240,31.1240,200,0
2017-12-21,31.3000,31.3000,31.3000,31.3000,500,0
2017-12-22,31.1500,31.1500,31.1500,31.1500,200,0
2017-12-26,31.2470,31.3100,31.2470,31.3100,600,0
2017-12-27,31.2200,31.2200,31.2200,31.2200,200,0
2017-12-28,31.2050,31.2050,31.2050,31.2050,100,0
2017-12-29,31.7100,31.7100,31.7100,31.7100,600,0
2018-01-02,31.2390,31.3100,31.2390,31.2700,700,0
2018-01-03,31.2700,31.3450,31.2700,31.2750,3300,0
2018-01-04,31.2750,31.2750,31.2750,31.2750,-,0
2018-01-05,31.2750,31.2750,31.2750,31.2750,-,0
2018-01-08,31.5330,31.5330,31.5330,31.5330,200,0
2018-01-09,33.1900,33.1900,31.5650,31.5650,300,0
2018-01-10,31.4000,31.5030,31.4000,31.5030,300,0
2018-01-11,32.0750,32.0750,32.0750,32.0750,150300,0
2018-01-12,32.2010,32.2010,32.2010,32.2010,200,0
2018-01-16,32.2010,32.2010,32.2010,32.2010,-,0
2018-01-17,32.2010,32.2010,32.2010,32.2010,-,0
2018-01-18,32.2010,32.2010,32.2010,32.2010,-,0
2018-01-19,32.2010,32.2010,32.2010,32.2010,-,0
2018-01-22,32.3900,32.4630,32.3800,32.4630,700,0
2018-01-23,32.8500,32.8500,32.7300,32.7600,1000,0
2018-01-24,32.7600,32.7600,32.7600,32.7600,-,0
2018-01-25,32.4500,32.4600,32.4500,32.4600,200600,0
2018-01-26,32.7100,32.7100,32.7100,32.7100,100,0
2018-01-29,32.7100,32.7100,32.7100,32.7100,-,0
2018-01-30,32.2700,32.2700,32.1210,32.1210,5100,0
2018-01-31,32.1210,32.1210,32.1210,32.1210,-,0
2018-02-01,32.1650,32.1650,32.1650,32.1650,200,0
2018-02-02,31.7300,31.7300,31.7300,31.7300,300,0
2018-02-05,31.7300,31.7300,31.7300,31.7300,-,0
2018-02-06,31.7300,31.7300,31.7300,31.7300,-,0
2018-02-07,31.9500,31.9500,31.9500,31.9500,500,0
2018-02-08,31.9500,31.9500,31.9500,31.9500,350000,0
2018-02-09,29.2100,29.7500,29.2100,29.7500,5100,0
2018-02-12,30.0420,30.0420,30.0420,30.0420,200,0
2018-02-13,30.2550,30.2550,30.2550,30.2550,200,0
2018-02-14,30.2550,30.2550,30.2550,30.2550,-,0
2018-02-15,31.1200,31.1870,31.1100,31.1870,201200,0
2018-02-16,31.1870,31.1870,31.1870,31.1870,-,0
2018-02-20,31.1870,31.1870,31.1870,31.1870,-,0
2018-02-21,31.1870,31.1870,31.1870,31.1870,-,0
2018-02-22,31.1870,31.1870,31.1870,31.1870,-,0
2018-02-23,31.1870,31.1870,31.1870,31.1870,-,0
2018-02-26,31.1870,31.1870,31.1870,31.1870,-,0
2018-02-27,31.2550,31.2550,31.2550,31.2550,100,0
2018-02-28,31.2550,31.2550,31.2550,31.2550,-,0
2018-03-01,-,-,-,-,-,0
2018-03-02,30.9100,30.9100,30.9090,30.9090,300,0
2018-03-05,30.9090,30.9090,30.9090,30.9090,-,0
2018-03-06,30.9090,30.9090,30.9090,30.9090,-,0
2018-03-07,30.9090,30.9090,30.9090,30.9090,-,0
2018-03-08,30.9090,30.9090,30.9090,30.9090,-,0
2018-03-09,30.9090,30.9090,30.9090,30.9090,-,0
2018-03-12,30.9090,30.9090,30.9090,30.9090,-,0
2018-03-13,30.9090,30.9090,30.9090,30.9090,-,0
2018-03-14,30.9090,30.9090,30.9090,30.9090,-,0
2018-03-15,30.9090,30.9090,30.9090,30.9090,-,0
2018-03-16,30.9090,30.9090,30.9090,30.9090,-,0
2018-03-19,30.9090,30.9090,30.9090,30.9090,-,0
2018-03-20,32.0800,32.0800,32.0800,32.0800,6800,0
2018-03-21,32.0800,32.0800,32.0800,32.0800,-,0
2018-03-22,32.0800,32.0800,32.0800,32.0800,-,0
2018-03-23,31.3250,31.3660,31.2900,31.2900,600,0
2018-03-26,31.3700,31.3700,31.3700,31.3700,400,0
2018-03-27,31.3700,31.3700,31.3700,31.3700,-,0
2018-03-28,31.3700,31.3700,31.3700,31.3700,-,0
2018-03-29,31.3700,31.3700,31.3700,31.3700,-,0
2018-04-02,31.3700,31.3700,31.3700,31.3700,-,0
2018-04-03,31.3700,31.3700,31.3700,31.3700,-,0
2018-04-04,31.3700,31.3700,31.3700,31.3700,-,0
2018-04-05,31.3700,31.3700,31.3700,31.3700,-,0
2018-04-06,31.2430,31.2430,31.2430,31.2430,200,0
2018-04-06,31.2429,31.0000,31.0000,31.0000,32,0