Date,Open,High,Low,Close,Volume,OpenInt
2017-03-03,12.393,12.403,12.393,12.403,1009,0
2017-03-06,12.403,12.403,12.403,12.403,0,0
2017-03-07,12.403,12.403,12.403,12.403,0,0
2017-03-08,12.403,12.403,12.403,12.403,0,0
2017-03-09,12.165,12.165,12.165,12.165,0,0
2017-03-10,12.304,12.304,12.304,12.304,908,0
2017-03-13,12.304,12.304,12.304,12.304,0,0
2017-03-14,12.304,12.304,12.304,12.304,0,0
2017-03-15,12.304,12.304,12.304,12.304,0,0
2017-03-16,12.304,12.304,12.304,12.304,0,0
2017-03-17,12.442,12.442,12.442,12.442,106,0
2017-03-20,12.472,12.472,12.472,12.472,0,0
2017-03-21,12.403,12.403,12.403,12.403,306,0
2017-03-22,12.403,12.403,12.403,12.403,0,0
2017-03-23,12.403,12.403,12.403,12.403,0,0
2017-03-24,12.403,12.403,12.403,12.403,0,0
2017-03-27,12.403,12.403,12.403,12.403,0,0
2017-03-28,12.403,12.403,12.403,12.403,0,0
2017-03-29,12.403,12.403,12.403,12.403,0,0
2017-03-30,12.403,12.403,12.403,12.403,0,0
2017-04-05,12.403,12.403,12.403,12.403,0,0
2017-04-06,12.403,12.403,12.403,12.403,0,0
2017-04-07,12.403,12.403,12.403,12.403,0,0
2017-04-10,12.403,12.403,12.403,12.403,0,0
2017-04-11,12.403,12.403,12.403,12.403,1,0
2017-04-12,12.403,12.403,12.403,12.403,0,0
2017-04-13,12.403,12.403,12.403,12.403,0,0
2017-04-17,12.403,12.403,12.403,12.403,0,0
2017-04-18,12.442,12.442,12.419,12.419,721,0
2017-04-19,12.419,12.419,12.419,12.419,0,0
2017-04-20,12.419,12.419,12.419,12.419,0,0
2017-04-21,12.419,12.419,12.419,12.419,0,0
2017-04-24,12.419,12.419,12.419,12.419,0,0
2017-04-25,12.419,12.419,12.419,12.419,0,0
2017-04-26,12.671,12.671,12.671,12.671,0,0
2017-04-27,12.671,12.671,12.671,12.671,0,0
2017-04-28,12.671,12.671,12.671,12.671,0,0
2017-05-01,12.671,12.671,12.671,12.671,0,0
2017-05-02,12.561,12.561,12.561,12.561,202,0
2017-05-03,12.561,12.561,12.561,12.561,0,0
2017-05-04,12.561,12.561,12.561,12.561,0,0
2017-05-05,12.601,12.601,12.601,12.601,1009,0
2017-05-08,12.601,12.601,12.601,12.601,0,0
2017-05-09,12.601,12.601,12.601,12.601,0,0
2017-05-10,12.601,12.601,12.601,12.601,0,0
2017-05-11,12.601,12.601,12.601,12.601,0,0
2017-05-12,12.591,12.591,12.591,12.591,1009,0
2017-05-15,12.591,12.591,12.591,12.591,0,0
2017-05-16,12.661,12.661,12.661,12.661,1686,0
2017-05-17,12.661,12.661,12.661,12.661,0,0
2017-05-18,12.661,12.661,12.661,12.661,0,0
2017-05-19,12.661,12.661,12.661,12.661,0,0
2017-05-22,12.661,12.661,12.661,12.661,0,0
2017-05-23,12.661,12.661,12.661,12.661,0,0
2017-05-24,12.661,12.661,12.661,12.661,0,0
2017-05-25,12.661,12.661,12.661,12.661,0,0
2017-05-26,12.661,12.661,12.661,12.661,0,0
2017-05-30,12.661,12.661,12.661,12.661,0,0
2017-05-31,12.661,12.661,12.661,12.661,0,0
2017-06-01,12.661,12.661,12.661,12.661,0,0
2017-06-02,12.661,12.661,12.661,12.661,0,0
2017-06-05,12.661,12.661,12.661,12.661,0,0
2017-06-06,12.661,12.661,12.661,12.661,0,0
2017-06-07,12.661,12.661,12.661,12.661,0,0
2017-06-08,12.661,12.661,12.661,12.661,0,0
2017-06-09,12.661,12.661,12.661,12.661,0,0
2017-06-12,12.661,12.661,12.661,12.661,0,0
2017-06-13,12.661,12.661,12.661,12.661,0,0
2017-06-14,12.661,12.661,12.661,12.661,0,0
2017-06-15,12.661,12.661,12.661,12.661,0,0
2017-06-16,12.78,12.78,12.775,12.775,1197,0
2017-06-19,12.775,12.775,12.775,12.775,0,0
2017-06-20,12.775,12.775,12.775,12.775,0,0
2017-06-21,12.775,12.775,12.775,12.775,69,0
2017-06-22,12.775,12.775,12.775,12.775,0,0
2017-06-23,12.814,12.814,12.814,12.814,1197,0
2017-06-26,12.814,12.814,12.814,12.814,0,0
2017-06-27,12.814,12.814,12.814,12.814,0,0
2017-06-28,12.874,12.874,12.874,12.874,390,0
2017-06-29,12.721,12.774,12.721,12.774,784,0
2017-06-30,12.771,12.771,12.771,12.771,101,0
2017-07-03,12.771,12.771,12.771,12.771,0,0
2017-07-05,12.771,12.771,12.771,12.771,0,0
2017-07-06,12.724,12.724,12.724,12.724,501,0
2017-07-07,12.699,12.754,12.699,12.754,302,0
2017-07-10,12.754,12.754,12.754,12.754,0,0
2017-07-11,12.754,12.754,12.754,12.754,0,0
2017-07-12,12.754,12.754,12.754,12.754,0,0
2017-07-13,12.754,12.754,12.754,12.754,0,0
2017-07-14,12.754,12.754,12.754,12.754,0,0
2017-07-17,12.754,12.754,12.754,12.754,0,0
2017-07-18,12.754,12.754,12.754,12.754,0,0
2017-07-19,12.754,12.754,12.754,12.754,0,0
2017-07-20,12.754,12.754,12.754,12.754,0,0
2017-07-21,12.754,12.754,12.754,12.754,0,0
2017-07-24,12.968,12.968,12.967,12.967,1883,0
2017-07-25,12.993,12.993,12.993,12.993,1539,0
2017-07-26,12.993,12.993,12.993,12.993,0,0
2017-07-27,12.993,12.993,12.993,12.993,0,0
2017-07-28,12.993,12.993,12.993,12.993,0,0
2017-07-31,13.032,13.033,13.032,13.033,2379,0
2017-08-01,13.023,13.023,13.013,13.013,945,0
2017-08-02,13.013,13.013,13.013,13.013,0,0
2017-08-03,13.013,13.013,13.013,13.013,0,0
2017-08-04,13.013,13.013,13.013,13.013,0,0
2017-08-07,13.023,13.023,13.023,13.023,201,0
2017-08-08,13.014,13.014,13.014,13.014,192,0
2017-08-09,12.957,12.957,12.957,12.957,1906,0
2017-08-10,12.957,12.957,12.957,12.957,0,0
2017-08-11,12.893,12.893,12.893,12.893,228,0
2017-08-14,12.957,12.963,12.957,12.963,2023,0
2017-08-15,13.092,13.092,13.092,13.092,0,0
2017-08-16,13.092,13.092,13.092,13.092,0,0
2017-08-17,13.092,13.092,13.092,13.092,0,0
2017-08-18,13.092,13.092,13.092,13.092,0,0
2017-08-21,12.893,12.893,12.893,12.893,1218,0
2017-08-22,12.963,12.963,12.948,12.948,1207,0
2017-08-23,12.953,12.953,12.953,12.953,309,0
2017-08-24,12.953,12.953,12.953,12.953,0,0
2017-08-25,12.953,12.953,12.953,12.953,0,0
2017-08-28,12.971,12.973,12.954,12.973,1375,0
2017-08-29,13.092,13.092,12.973,12.973,1316,0
2017-08-30,12.973,12.973,12.973,12.973,0,0
2017-08-31,12.983,13.042,12.983,13.042,2039,0
2017-09-01,13.102,13.102,13.102,13.102,0,0
2017-09-05,13.033,13.033,13.033,13.033,168,0
2017-09-06,13.033,13.033,13.033,13.033,0,0
2017-09-07,13.072,13.072,13.072,13.072,805,0
2017-09-08,13.082,13.082,13.082,13.082,307,0
2017-09-11,13.082,13.082,13.082,13.082,0,0
2017-09-12,13.082,13.082,13.082,13.082,0,0
2017-09-13,13.132,13.132,13.123,13.123,404,0
2017-09-14,13.251,13.251,13.251,13.251,0,0
2017-09-15,13.251,13.251,13.251,13.251,0,0
2017-09-18,13.28,13.28,13.28,13.28,0,0
2017-09-19,13.17,13.17,13.12,13.17,1831,0
2017-09-20,13.1162,13.1162,13.1162,13.1162,100,0
2017-09-21,13.1363,13.1516,13.1363,13.1516,525,0
2017-09-22,13.1516,13.1516,13.1516,13.1516,0,0
2017-09-25,13.1516,13.1516,13.1516,13.1516,0,0
2017-09-26,13.1516,13.1516,13.1516,13.1516,0,0
2017-09-27,13.12,13.12,13.12,13.12,280,0
2017-09-28,13.13,13.13,13.13,13.13,6080,0
2017-09-29,13.25,13.25,13.25,13.25,0,0
2017-10-02,13.25,13.25,13.25,13.25,0,0
2017-10-03,13.25,13.25,13.25,13.25,0,0
2017-10-04,13.2001,13.2001,13.2001,13.2001,189,0
2017-10-05,13.2001,13.2001,13.2001,13.2001,0,0
2017-10-06,13.2001,13.2001,13.2001,13.2001,0,0
2017-10-09,13.3,13.3,13.29,13.29,600,0
2017-10-10,13.2999,13.2999,13.2999,13.2999,275,0
2017-10-11,13.2946,13.2946,13.2946,13.2946,225,0
2017-10-12,13.2946,13.2946,13.2946,13.2946,226,0
2017-10-13,13.2946,13.2946,13.2946,13.2946,0,0
2017-10-16,13.2946,13.2946,13.2946,13.2946,0,0
2017-10-17,13.33,13.33,13.33,13.33,225,0
2017-10-18,13.3125,13.3125,13.3125,13.3125,106,0
2017-10-19,13.3125,13.3125,13.3125,13.3125,130,0
2017-10-20,13.41,13.41,13.41,13.41,4,0
2017-10-23,13.49,13.49,13.49,13.49,4,0
2017-10-24,13.3599,13.3599,13.3599,13.3599,731,0
2017-10-25,13.36,13.36,13.288,13.288,1789,0
2017-10-26,13.288,13.288,13.288,13.288,0,0
2017-10-27,13.42,13.42,13.42,13.42,15,0
2017-10-30,13.34,13.34,13.34,13.34,641,0
2017-10-31,13.35,13.35,13.3302,13.35,792,0
2017-11-01,13.35,13.35,13.35,13.35,843,0
2017-11-02,13.37,13.37,13.3452,13.3532,2319,0
2017-11-03,13.34,13.36,13.34,13.36,1193,0
2017-11-06,13.42,13.42,13.42,13.42,133,0
2017-11-07,13.3497,13.37,13.3497,13.3497,1112,0
2017-11-08,13.39,13.39,13.3702,13.39,8687,0
2017-11-09,13.33,13.36,13.33,13.36,1786,0
2017-11-10,13.36,13.36,13.36,13.36,6,0
2017-11-15,13.35,13.35,13.35,13.35,-,0
2017-11-16,13.35,13.35,13.35,13.35,-,0
2017-11-17,13.37,13.37,13.37,13.37,200,0
2017-11-20,13.37,13.37,13.37,13.37,100,0
2017-11-21,13.37,13.37,13.37,13.37,-,0
2017-11-22,13.37,13.37,13.37,13.37,-,0
2017-11-24,13.58,13.58,13.58,13.58,100,0
2017-11-27,13.58,13.58,13.58,13.58,100,0
2017-11-28,13.58,13.58,13.58,13.58,100,0
2017-11-29,13.47,13.49,13.45,13.47,2600,0
2017-11-30,13.47,13.47,13.47,13.47,-,0
2017-12-01,13.57,13.57,13.57,13.57,200,0
2017-12-04,13.53,13.53,13.53,13.53,300,0
2017-12-05,13.53,13.53,13.53,13.53,900,0
2017-12-06,13.53,13.53,13.53,13.53,100,0
2017-12-07,13.53,13.53,13.53,13.53,-,0
2017-12-08,13.50,13.50,13.50,13.50,700,0
2017-12-11,13.50,13.50,13.50,13.50,-,0
2017-12-12,13.50,13.50,13.50,13.50,-,0
2017-12-13,13.50,13.50,13.50,13.50,-,0
2017-12-14,13.54,13.54,13.54,13.54,800,0
2017-12-15,13.54,13.54,13.54,13.54,100,0
2017-12-18,13.51,13.51,13.50,13.50,1100,0
2017-12-19,13.48,13.48,13.42,13.42,900,0
2017-12-20,13.40,13.41,13.40,13.41,900,0
2017-12-21,13.47,13.47,13.47,13.47,300,0
2017-12-22,13.48,13.48,13.44,13.44,600,0
2017-12-26,13.51,13.51,13.44,13.46,6000,0
2017-12-27,13.48,13.48,13.48,13.48,2400,0
2017-12-28,13.47,13.47,13.47,13.47,700,0
2017-12-29,13.47,13.47,13.47,13.47,100,0
2018-01-02,13.49,13.49,13.47,13.47,200,0
2018-01-03,13.52,13.53,13.52,13.53,2500,0
2018-01-04,13.58,13.58,13.58,13.58,800,0
2018-01-05,13.60,13.60,13.60,13.60,300,0
2018-01-08,13.63,13.63,13.63,13.63,600,0
2018-01-09,13.64,13.64,13.64,13.64,900,0
2018-01-10,13.59,13.59,13.59,13.59,600,0
2018-01-11,13.59,13.59,13.59,13.59,300,0
2018-01-12,13.69,13.69,13.69,13.69,1600,0
2018-01-16,13.80,13.80,13.72,13.72,700,0
2018-01-17,13.72,13.72,13.72,13.72,1000,0
2018-01-18,13.72,13.72,13.72,13.72,-,0
2018-01-19,13.76,13.76,13.76,13.76,600,0
2018-01-22,13.79,13.81,13.79,13.81,400,0
2018-01-23,13.87,13.87,13.85,13.85,800,0
2018-01-24,13.94,13.94,13.94,13.94,100,0
2018-01-25,13.92,13.92,13.92,13.92,300,0
2018-01-26,13.89,13.89,13.89,13.89,100,0
2018-01-29,13.89,13.89,13.89,13.89,100,0
2018-01-30,13.75,13.81,13.75,13.81,400,0
2018-01-31,13.81,13.81,13.81,13.81,100,0
2018-02-01,13.81,13.81,13.81,13.81,800,0
2018-02-02,13.81,13.81,13.81,13.81,-,0
2018-02-05,13.61,13.61,13.26,13.26,5900,0
2018-02-06,13.34,13.34,13.28,13.30,3000,0
2018-02-07,13.30,13.30,13.30,13.30,-,0
2018-02-08,13.20,13.26,13.20,13.26,1400,0
2018-02-09,13.04,13.13,13.01,13.13,1400,0
2018-02-12,13.30,13.30,13.30,13.30,-,0
2018-02-13,13.25,13.30,13.25,13.30,1700,0
2018-02-14,13.31,13.31,13.29,13.29,1700,0
2018-02-15,13.43,13.43,13.43,13.43,2200,0
2018-02-16,13.53,13.53,13.53,13.53,100,0
2018-02-20,13.51,13.51,13.51,13.51,100,0
2018-02-21,13.50,13.50,13.39,13.39,800,0
2018-02-22,13.39,13.39,13.39,13.39,100,0
2018-02-23,13.47,13.47,13.47,13.47,300,0
2018-02-26,13.68,13.68,13.68,13.68,100,0
2018-02-27,13.52,13.52,13.52,13.52,10700,0
2018-02-28,13.52,13.52,13.52,13.52,100,0
2018-03-01,13.40,13.40,13.30,13.31,400,0
2018-03-02,13.31,13.31,13.31,13.31,100,0
2018-03-05,13.43,13.43,13.43,13.43,6900,0
2018-03-06,13.44,13.44,13.35,13.35,4100,0
2018-03-07,13.35,13.35,13.35,13.35,-,0
2018-03-08,13.46,13.46,13.46,13.46,1600,0
2018-03-09,13.63,13.63,13.63,13.63,200,0
2018-03-12,13.66,13.66,13.66,13.66,100,0
2018-03-13,13.66,13.66,13.66,13.66,-,0
2018-03-14,13.58,13.58,13.49,13.49,2600,0
2018-03-15,13.55,13.55,13.55,13.55,1100,0
2018-03-16,13.68,13.68,13.55,13.55,1000,0
2018-03-19,13.46,13.46,13.39,13.40,5100,0
2018-03-20,13.44,13.44,13.38,13.41,700,0
2018-03-21,13.41,13.41,13.41,13.41,-,0
2018-03-22,13.39,13.39,13.38,13.38,1500,0
2018-03-23,13.27,13.27,13.20,13.20,1600,0
2018-03-26,13.29,13.29,13.29,13.29,200,0
2018-03-27,13.32,13.34,13.32,13.34,1300,0
2018-03-28,13.25,13.25,13.23,13.25,800,0
2018-03-29,13.34,13.35,13.32,13.35,500,0
2018-04-02,13.28,13.28,13.15,13.15,3100,0
2018-04-03,13.15,13.24,13.15,13.24,10900,0
2018-04-04,13.22,13.22,13.22,13.22,100,0
2018-04-05,13.22,13.22,13.22,13.22,-,0
2018-04-06,13.22,13.22,13.22,13.22,100,0