Date,Open,High,Low,Close,Volume,OpenInt
2017-04-17,12.42,12.42,12.38,12.38,343,0
2017-04-18,12.38,12.38,12.38,12.38,0,0
2017-04-19,12.41,12.41,12.391,12.391,947,0
2017-04-20,12.479,12.479,12.479,12.479,362,0
2017-04-21,12.469,12.469,12.457,12.469,2944,0
2017-04-24,12.459,12.569,12.459,12.569,1409,0
2017-04-25,12.569,12.569,12.569,12.569,0,0
2017-04-26,12.648,12.658,12.619,12.619,1613,0
2017-04-27,12.629,12.648,12.629,12.648,1309,0
2017-04-28,12.609,12.609,12.599,12.599,1774,0
2017-05-01,12.599,12.599,12.599,12.599,0,0
2017-05-02,12.599,12.599,12.599,12.599,0,0
2017-05-03,12.629,12.629,12.629,12.629,452,0
2017-05-04,12.629,12.629,12.629,12.629,0,0
2017-05-05,12.629,12.629,12.629,12.629,2,0
2017-05-08,12.629,12.629,12.629,12.629,0,0
2017-05-09,12.629,12.629,12.629,12.629,0,0
2017-05-10,12.629,12.629,12.629,12.629,0,0
2017-05-11,12.629,12.629,12.629,12.629,0,0
2017-05-12,12.629,12.629,12.629,12.629,0,0
2017-05-15,12.629,12.629,12.629,12.629,0,0
2017-05-16,12.629,12.629,12.629,12.629,0,0
2017-05-17,12.592,12.592,12.592,12.592,201,0
2017-05-18,12.529,12.568,12.529,12.568,265,0
2017-05-19,12.568,12.568,12.568,12.568,0,0
2017-05-22,12.568,12.568,12.568,12.568,0,0
2017-05-23,12.737,12.737,12.719,12.719,2521,0
2017-05-24,12.719,12.719,12.719,12.719,0,0
2017-05-25,12.719,12.719,12.719,12.719,0,0
2017-05-26,12.797,12.797,12.767,12.777,8065,0
2017-05-30,12.757,12.787,12.757,12.787,7835,0
2017-05-31,12.787,12.787,12.787,12.787,169,0
2017-06-01,12.826,12.826,12.826,12.826,154,0
2017-06-02,12.946,12.946,12.946,12.946,0,0
2017-06-05,12.936,12.936,12.916,12.916,857,0
2017-06-06,12.896,12.906,12.877,12.896,2839,0
2017-06-07,12.883,12.883,12.883,12.883,201,0
2017-06-08,12.876,12.876,12.876,12.876,177,0
2017-06-09,12.876,12.876,12.876,12.876,0,0
2017-06-12,12.876,12.876,12.876,12.876,0,0
2017-06-13,12.936,12.946,12.926,12.946,798,0
2017-06-14,12.966,12.966,12.946,12.946,295,0
2017-06-15,12.946,12.946,12.946,12.946,0,0
2017-06-16,12.895,12.895,12.871,12.871,1540,0
2017-06-19,13.024,13.024,13.024,13.024,0,0
2017-06-20,13.024,13.024,13.024,13.024,0,0
2017-06-21,13.024,13.024,13.024,13.024,17,0
2017-06-22,13.024,13.024,13.024,13.024,0,0
2017-06-23,12.915,12.915,12.915,12.915,782,0
2017-06-26,12.955,12.955,12.938,12.938,1207,0
2017-06-27,12.938,12.938,12.938,12.938,0,0
2017-06-28,12.938,12.938,12.938,12.938,0,0
2017-06-29,12.845,12.845,12.819,12.845,3691,0
2017-06-30,12.915,12.915,12.875,12.905,3327,0
2017-07-03,12.915,12.915,12.915,12.915,1472,0
2017-07-05,12.885,12.885,12.862,12.862,233,0
2017-07-06,12.862,12.862,12.862,12.862,0,0
2017-07-07,12.862,12.862,12.862,12.862,0,0
2017-07-10,12.862,12.862,12.862,12.862,0,0
2017-07-11,12.855,12.865,12.825,12.865,1109,0
2017-07-12,12.896,12.974,12.896,12.974,528,0
2017-07-13,12.974,12.974,12.974,12.974,0,0
2017-07-14,12.992,12.992,12.992,12.992,201,0
2017-07-17,12.845,12.845,12.845,12.845,0,0
2017-07-18,12.845,12.845,12.845,12.845,0,0
2017-07-19,13.004,13.004,13.004,13.004,425,0
2017-07-20,12.925,12.925,12.925,12.925,0,0
2017-07-21,12.925,12.925,12.925,12.925,0,0
2017-07-24,13.064,13.064,13.064,13.064,161,0
2017-07-25,13.064,13.064,13.064,13.064,0,0
2017-07-26,13.074,13.074,13.074,13.074,503,0
2017-07-27,13.074,13.074,13.074,13.074,0,0
2017-07-28,13.104,13.104,13.081,13.081,1911,0
2017-07-31,13.081,13.081,13.081,13.081,0,0
2017-08-01,13.118,13.173,13.118,13.173,3533,0
2017-08-02,13.105,13.105,13.105,13.105,805,0
2017-08-03,13.105,13.105,13.105,13.105,0,0
2017-08-04,13.163,13.163,13.163,13.163,203,0
2017-08-07,13.163,13.163,13.163,13.163,0,0
2017-08-08,13.163,13.213,13.163,13.183,1343,0
2017-08-09,13.183,13.183,13.183,13.183,0,0
2017-08-10,13.183,13.183,13.183,13.183,0,0
2017-08-11,13.183,13.183,13.183,13.183,0,0
2017-08-14,13.004,13.014,13.004,13.014,689,0
2017-08-15,12.925,12.925,12.925,12.925,312,0
2017-08-16,12.925,12.925,12.925,12.925,0,0
2017-08-17,12.98,12.98,12.98,12.98,143,0
2017-08-18,12.98,12.98,12.98,12.98,0,0
2017-08-21,12.98,12.98,12.98,12.98,0,0
2017-08-22,12.98,12.98,12.98,12.98,0,0
2017-08-23,12.98,12.98,12.98,12.98,0,0
2017-08-24,13.004,13.004,13.004,13.004,252,0
2017-08-25,13.004,13.004,13.004,13.004,0,0
2017-08-28,13.223,13.223,13.223,13.223,0,0
2017-08-29,13.223,13.223,13.223,13.223,0,0
2017-08-30,13.223,13.223,13.223,13.223,0,0
2017-08-31,13.173,13.173,13.159,13.159,799,0
2017-09-01,13.159,13.159,13.159,13.159,0,0
2017-09-05,13.159,13.159,13.159,13.159,0,0
2017-09-06,13.159,13.159,13.159,13.159,0,0
2017-09-07,13.213,13.213,13.213,13.213,348,0
2017-09-08,13.207,13.233,13.207,13.233,332,0
2017-09-11,13.233,13.233,13.233,13.233,0,0
2017-09-12,13.254,13.275,13.254,13.275,3925,0
2017-09-13,13.275,13.275,13.275,13.275,0,0
2017-09-14,13.312,13.312,13.312,13.312,200,0
2017-09-15,13.402,13.402,13.402,13.402,0,0
2017-09-18,13.43,13.43,13.43,13.43,0,0
2017-09-19,13.43,13.43,13.43,13.43,0,0
2017-09-20,13.38,13.39,13.38,13.39,284,0
2017-09-21,13.3464,13.3464,13.3464,13.3464,102,0
2017-09-22,13.3464,13.3464,13.3464,13.3464,0,0
2017-09-25,13.44,13.44,13.44,13.44,925,0
2017-09-26,13.44,13.44,13.44,13.44,0,0
2017-09-27,14.03,14.03,14.03,14.03,100,0
2017-09-28,13.34,13.38,13.34,13.38,4607,0
2017-09-29,13.4199,13.4199,13.4199,13.4199,178,0
2017-10-02,13.4199,13.4199,13.4199,13.4199,0,0
2017-10-03,13.4,13.4,13.4,13.4,0,0
2017-10-04,13.47,13.47,13.47,13.47,101,0
2017-10-05,13.51,13.51,13.51,13.51,108,0
2017-10-06,13.51,13.51,13.51,13.51,0,0
2017-10-09,13.51,13.51,13.51,13.51,1103,0
2017-10-10,13.62,13.62,13.62,13.62,6,0
2017-10-11,13.5699,13.5699,13.5699,13.5699,100,0
2017-10-12,13.5699,13.5699,13.5699,13.5699,101,0
2017-10-13,13.62,13.62,13.62,13.62,103,0
2017-10-16,13.62,13.62,13.62,13.62,119,0
2017-10-17,13.71,13.71,13.71,13.71,135,0
2017-10-18,13.65,13.65,13.65,13.65,14,0
2017-10-19,13.65,13.65,13.65,13.65,102,0
2017-10-20,13.65,13.65,13.65,13.65,118,0
2017-10-23,13.62,13.62,13.5804,13.5804,297,0
2017-10-24,13.71,13.71,13.71,13.71,303,0
2017-10-25,13.5195,13.5195,13.5195,13.5195,185,0
2017-10-26,13.65,13.65,13.65,13.65,1165,0
2017-10-27,13.6099,13.6099,13.6099,13.6099,105,0
2017-10-30,13.58,13.58,13.58,13.58,205,0
2017-10-31,13.5847,13.62,13.5847,13.5853,1993,0
2017-11-01,13.5897,13.59,13.5897,13.59,430,0
2017-11-02,13.612,13.612,13.612,13.612,1095,0
2017-11-03,13.65,13.65,13.65,13.65,619,0
2017-11-06,13.65,13.65,13.65,13.65,708,0
2017-11-07,13.6031,13.63,13.6031,13.63,326,0
2017-11-08,13.67,13.67,13.67,13.67,998,0
2017-11-09,13.5897,13.5897,13.5897,13.5897,305,0
2017-11-10,13.49,13.49,13.49,13.49,286,0
2017-11-16,13.626,13.660,13.622,13.622,600,0
2017-11-17,13.615,13.650,13.615,13.650,400,0
2017-11-20,13.670,13.670,13.670,13.670,200,0
2017-11-21,13.730,13.730,13.727,13.730,1100,0
2017-11-22,13.708,13.740,13.708,13.730,500,0
2017-11-24,13.770,13.770,13.770,13.770,100,0
2017-11-27,13.770,13.770,13.770,13.770,100,0
2017-11-28,13.870,13.870,13.745,13.745,800,0
2017-11-29,13.780,13.820,13.780,13.820,900,0
2017-11-30,13.820,13.820,13.820,13.820,100,0
2017-12-01,13.860,13.860,13.759,13.830,700,0
2017-12-04,13.849,13.890,13.849,13.850,600,0
2017-12-05,13.860,13.860,13.790,13.790,900,0
2017-12-06,13.790,13.790,13.790,13.790,100,0
2017-12-07,13.760,13.760,13.760,13.760,200,0
2017-12-08,13.840,13.840,13.840,13.840,200,0
2017-12-11,13.860,13.860,13.860,13.860,300,0
2017-12-12,13.830,13.830,13.830,13.830,200,0
2017-12-13,13.830,13.830,13.830,13.830,100,0
2017-12-14,13.890,13.890,13.810,13.810,900,0
2017-12-15,13.896,13.896,13.896,13.896,200,0
2017-12-18,13.740,13.800,13.740,13.800,300,0
2017-12-19,13.800,13.800,13.800,13.800,100,0
2017-12-20,13.840,13.840,13.739,13.780,6600,0
2017-12-21,13.800,13.800,13.800,13.800,1300,0
2017-12-22,13.790,13.790,13.790,13.790,300,0
2017-12-26,13.820,13.820,13.800,13.800,1100,0
2017-12-27,13.810,13.810,13.799,13.810,1200,0
2017-12-28,13.808,13.820,13.808,13.820,1700,0
2017-12-29,13.815,13.815,13.815,13.815,100,0
2018-01-02,13.786,13.786,13.786,13.786,500,0
2018-01-03,13.900,13.910,13.820,13.910,2100,0
2018-01-04,13.952,13.970,13.952,13.970,2100,0
2018-01-05,13.943,14.000,13.943,14.000,2000,0
2018-01-08,14.020,14.050,14.016,14.030,1000,0
2018-01-09,14.040,14.040,14.022,14.022,400,0
2018-01-10,14.060,14.060,14.060,14.060,100,0
2018-01-11,14.030,14.030,13.990,13.990,1100,0
2018-01-12,13.960,14.125,13.960,14.125,2900,0
2018-01-16,14.200,14.200,14.180,14.180,900,0
2018-01-17,14.199,14.199,14.199,14.199,300,0
2018-01-18,14.260,14.260,14.260,14.260,100,0
2018-01-19,14.230,14.250,14.230,14.250,1800,0
2018-01-22,14.300,14.300,14.300,14.300,100,0
2018-01-23,14.350,14.350,14.350,14.350,200,0
2018-01-24,14.357,14.357,14.357,14.357,400,0
2018-01-25,14.372,14.372,14.372,14.372,1600,0
2018-01-26,14.460,14.460,14.460,14.460,100,0
2018-01-29,14.480,14.480,14.391,14.391,400,0
2018-01-30,14.220,14.220,14.220,14.220,200,0
2018-01-31,14.220,14.270,14.220,14.247,2600,0
2018-02-01,14.320,14.320,14.180,14.191,1700,0
2018-02-02,14.071,14.071,14.071,14.071,100,0
2018-02-05,14.000,14.000,14.000,14.000,100,0
2018-02-06,13.580,13.680,13.580,13.680,400,0
2018-02-07,13.820,13.820,13.820,13.820,600,0
2018-02-08,13.770,13.770,13.620,13.620,400,0
2018-02-09,13.360,13.400,13.360,13.400,800,0
2018-02-12,13.660,13.660,13.660,13.660,100,0
2018-02-13,13.660,13.660,13.660,13.660,-,0
2018-02-14,13.620,13.620,13.620,13.620,100,0
2018-02-15,13.890,13.890,13.789,13.789,4400,0
2018-02-16,13.789,13.789,13.789,13.789,100,0
2018-02-20,13.860,13.860,13.860,13.860,100,0
2018-02-21,13.860,13.860,13.860,13.860,1100,0
2018-02-22,13.870,13.870,13.850,13.850,11900,0
2018-02-23,13.850,13.850,13.850,13.850,100,0
2018-02-26,14.040,14.040,14.040,14.040,100,0
2018-02-27,14.090,14.090,14.090,14.090,200,0
2018-02-28,13.910,13.910,13.822,13.822,600,0
2018-03-01,13.700,13.700,13.653,13.653,1100,0
2018-03-02,13.600,13.640,13.560,13.640,1400,0
2018-03-05,13.640,13.640,13.640,13.640,100,0
2018-03-06,13.798,13.880,13.773,13.860,4600,0
2018-03-07,13.840,13.840,13.840,13.840,1100,0
2018-03-08,13.890,13.890,13.890,13.890,1200,0
2018-03-09,14.030,14.030,14.030,14.030,100,0
2018-03-12,14.070,14.070,14.025,14.070,2500,0
2018-03-13,14.010,14.010,13.990,13.990,1200,0
2018-03-14,13.980,13.980,13.960,13.970,500,0
2018-03-15,13.990,13.990,13.925,13.925,500,0
2018-03-16,13.925,13.925,13.925,13.925,100,0
2018-03-19,13.960,13.960,13.960,13.960,300,0
2018-03-20,13.870,13.870,13.846,13.846,500,0
2018-03-21,13.900,13.900,13.900,13.900,600,0
2018-03-22,13.840,13.840,13.840,13.840,100,0
2018-03-23,13.720,13.720,13.470,13.470,2600,0
2018-03-26,13.491,13.650,13.491,13.650,200,0
2018-03-27,13.770,13.770,13.770,13.770,100,0
2018-03-28,13.610,13.610,13.570,13.570,600,0
2018-03-29,13.680,13.750,13.680,13.750,400,0
2018-04-02,13.720,13.720,13.500,13.500,900,0
2018-04-03,13.460,13.460,13.460,13.460,100,0
2018-04-04,13.360,13.360,13.360,13.360,100,0
2018-04-05,13.650,13.800,13.650,13.759,1200,0
2018-04-06,13.810,13.810,13.810,13.810,100,0
2018-04-09,13.705,13.705,13.705,13.759,250,0