Date,Open,High,Low,Close,Volume,OpenInt
2017-03-17,15,15.19,14.5,14.5,13512360,0
2017-03-20,14.5,14.74,14.36,14.36,1725037,0
2017-03-21,14.47,14.47,13.89,14.05,1463637,0
2017-03-22,13.97,14.29,13.89,14,948703,0
2017-03-23,14.01,14.09,13.96,14.05,378810,0
2017-03-24,14.07,14.13,13.1301,13.5,1697538,0
2017-03-27,13.26,13.39,12.26,12.47,3812487,0
2017-03-28,12.55,13.1,12.275,12.86,1440122,0
2017-03-29,12.72,12.9,12.36,12.79,669612,0
2017-03-30,12.81,13.38,12.79,13.08,798534,0
2017-03-31,13.09,13.29,12.75,12.89,836019,0
2017-04-03,13.01,13.545,12.57,13.44,1334464,0
2017-04-04,13.51,14.3,13.1,13.94,1156976,0
2017-04-05,13.99,14.62,13.92,14.01,1256157,0
2017-04-06,14.07,14.34,13.64,14.02,728723,0
2017-04-07,14.09,14.09,13.73,13.8,582002,0
2017-04-10,13.84,14.74,13.84,14.12,1141221,0
2017-04-11,14.55,14.72,13.93,14.58,2503926,0
2017-04-12,14.66,15.2992,14.37,14.57,2089622,0
2017-04-13,14.61,14.799,14.3701,14.5,721706,0
2017-04-17,14.58,14.6,13.78,14.5,1086606,0
2017-04-18,14.44,14.55,14.1,14.12,654260,0
2017-04-19,14.07,14.39,13.46,13.67,1018395,0
2017-04-20,13.6,13.95,13.11,13.66,1253735,0
2017-04-21,13.58,13.93,13.11,13.64,1292842,0
2017-04-24,13.72,13.94,13.31,13.53,507413,0
2017-04-25,13.65,13.72,13.385,13.53,525443,0
2017-04-26,13.41,14.12,13.41,13.7,803897,0
2017-04-27,13.65,13.86,13.125,13.72,776430,0
2017-04-28,13.91,14.16,13.4,13.55,534825,0
2017-05-01,13.56,13.91,13.34,13.39,513591,0
2017-05-02,13.4,13.74,13.2612,13.5,347184,0
2017-05-03,13.4,13.72,13.05,13.11,686893,0
2017-05-04,13,13.05,11.68,12.06,1129290,0
2017-05-05,12.11,12.73,12.08,12.46,1058172,0
2017-05-08,12.46,12.75,12.2201,12.45,381915,0
2017-05-09,12.49,12.62,11.91,11.93,492380,0
2017-05-10,12.01,12.915,11.85,12.49,1024991,0
2017-05-11,13.07,13.52,11.91,12.37,1121942,0
2017-05-12,12.35,12.67,12.12,12.57,544811,0
2017-05-15,12.76,13.41,12.76,12.99,1100931,0
2017-05-16,13.08,13.18,12.56,12.64,944767,0
2017-05-17,12.57,12.879,12.41,12.49,570154,0
2017-05-18,12.44,13,12.31,12.94,483616,0
2017-05-19,13.11,14.035,13.11,13.73,964653,0
2017-05-22,13.77,13.89,13.46,13.59,648867,0
2017-05-23,13.64,13.88,13.62,13.7,1035369,0
2017-05-24,13.76,13.97,13.66,13.72,507532,0
2017-05-25,13.74,13.9325,13.3,13.33,667259,0
2017-05-26,13.25,13.85,13.24,13.71,713597,0
2017-05-30,13.65,13.88,13.36,13.37,553297,0
2017-05-31,13.32,13.84,13.02,13.25,587931,0
2017-06-01,13.36,13.79,13.05,13.45,1040803,0
2017-06-02,13.4,13.75,12.92,13.23,745794,0
2017-06-05,13.23,13.625,13.05,13.25,468732,0
2017-06-06,13.22,13.81,13.15,13.73,667111,0
2017-06-07,13.69,14.15,13.19,13.27,1099774,0
2017-06-08,13.19,13.58,13.06,13.15,661832,0
2017-06-09,13.24,14.28,12.97,14.08,1021531,0
2017-06-12,14.24,14.85,14.07,14.19,1059333,0
2017-06-13,14.19,15.24,14.14,14.7,964282,0
2017-06-14,14.59,14.87,13.68,14.02,863725,0
2017-06-15,13.82,14.14,13.14,13.48,467762,0
2017-06-16,13.49,13.68,13.07,13.48,2846079,0
2017-06-19,13.48,13.57,12.87,13.2,777983,0
2017-06-20,13.05,13.05,12.26,12.58,1105806,0
2017-06-21,12.7,12.745,12.25,12.55,1182634,0
2017-06-22,12.55,13.03,12.43,12.72,801458,0
2017-06-23,12.8,13.12,12.39,12.91,3338530,0
2017-06-26,12.93,13.755,12.85,13.22,728043,0
2017-06-27,13.36,13.565,13.21,13.45,621611,0
2017-06-28,13.58,14.03,13.37,13.8,527541,0
2017-06-29,13.82,14.4371,13.6,13.99,1222090,0
2017-06-30,14.06,14.13,13.65,13.96,642058,0
2017-07-03,13.99,14.63,13.84,14.29,533295,0
2017-07-05,14.33,14.36,13.21,13.35,644047,0
2017-07-06,13.33,13.8,13.07,13.3,957179,0
2017-07-07,13.25,13.5,12.89,13.05,1076088,0
2017-07-10,13.02,13.91,12.78,13.83,777424,0
2017-07-11,13.8,14.02,13.52,13.82,734753,0
2017-07-12,13.64,14.08,13.52,13.79,620910,0
2017-07-13,13.75,13.91,13.52,13.84,956241,0
2017-07-14,13.79,13.97,13.56,13.92,587996,0
2017-07-17,13.93,14.19,13.72,13.82,728431,0
2017-07-18,13.89,14,13.38,13.45,417282,0
2017-07-19,13.44,13.99,13.37,13.84,682111,0
2017-07-20,13.87,13.95,13.58,13.72,348721,0
2017-07-21,13.8,13.929,12.93,13.03,669070,0
2017-07-24,13.06,13.06,12.31,12.44,1021842,0
2017-07-25,12.6,13.42,12.596,13.05,639464,0
2017-07-26,13.06,13.84,12.76,13.5,691208,0
2017-07-27,13.49,13.745,13.3,13.59,715467,0
2017-07-28,13.58,13.9125,13.24,13.27,698753,0
2017-07-31,13.23,13.25,12.73,13,462230,0
2017-08-01,13.02,13.02,12.7301,12.85,366103,0
2017-08-02,12.8,12.91,12.375,12.84,1311148,0
2017-08-03,12.79,12.95,12.48,12.78,769171,0
2017-08-04,12.75,12.95,12.7,12.79,300091,0
2017-08-07,12.68,12.68,12.07,12.2,445070,0
2017-08-08,12.05,12.25,11.63,12,809065,0
2017-08-09,13.4,13.4,11.78,12.39,2612404,0
2017-08-10,12.53,13,11.92,11.98,1502302,0
2017-08-11,11.81,12.265,11.47,11.49,1296701,0
2017-08-14,11.69,11.74,11.23,11.35,1189220,0
2017-08-15,11.46,11.46,10.84,11.29,881753,0
2017-08-16,11.38,11.54,11.14,11.38,574662,0
2017-08-17,11.33,11.54,11.22,11.31,623444,0
2017-08-18,11.25,11.73,11.12,11.65,567685,0
2017-08-21,11.65,11.7,11.14,11.2,704180,0
2017-08-22,11.19,11.58,11.13,11.43,476515,0
2017-08-23,11.39,11.565,11.25,11.34,375284,0
2017-08-24,11.33,11.44,10.92,11.13,574388,0
2017-08-25,11.16,11.48,11.14,11.36,242565,0
2017-08-28,11.36,11.44,11,11.31,819302,0
2017-08-29,11.17,11.46,11.08,11.35,605954,0
2017-08-30,11.32,11.32,10.97,11.07,771965,0
2017-08-31,11.15,11.58,11.04,11.51,599140,0
2017-09-01,11.54,11.67,11.1,11.44,267220,0
2017-09-05,11.44,11.94,11.44,11.59,550417,0
2017-09-06,11.71,12,11.7,11.81,633976,0
2017-09-07,11.82,11.94,11.59,11.76,361179,0
2017-09-08,11.73,11.93,11.15,11.39,723617,0
2017-09-11,11.44,11.83,11.13,11.6,464114,0
2017-09-12,11.52,11.98,11.48,11.8,338778,0
2017-09-13,11.8,12.16,11.74,11.95,606810,0
2017-09-14,11.98,12.23,11.9,11.98,689632,0
2017-09-15,11.9,11.92,11.77,11.89,1109422,0
2017-09-18,11.87,12.36,11.87,12.34,575794,0
2017-09-19,12.35,12.69,12.2978,12.52,596209,0
2017-09-20,12.51,13.14,12.46,12.95,980504,0
2017-09-21,12.91,12.93,12.66,12.9,756430,0
2017-09-22,12.99,13.24,12.87,13.05,539469,0
2017-09-25,13.23,13.61,13.18,13.39,708288,0
2017-09-26,13.49,14.02,13.49,13.88,2377848,0
2017-09-27,13.93,14.24,13.69,13.98,1540045,0
2017-09-28,14.11,14.46,13.87,14.4,1763300,0
2017-09-29,14.31,14.48,14.12,14.35,1454611,0
2017-10-02,14.74,14.75,14.06,14.55,1389970,0
2017-10-03,14.58,14.79,14.31,14.48,2081868,0
2017-10-04,14.45,14.86,14.13,14.32,1568771,0
2017-10-05,14.6,15.1,14.43,14.83,1585415,0
2017-10-06,14.65,14.7,14.25,14.39,985627,0
2017-10-09,14.52,14.93,14.47,14.75,924926,0
2017-10-10,14.98,15.24,14.72,14.76,1598741,0
2017-10-11,14.74,15.1,14.51,15.01,751000,0
2017-10-12,14.78,14.89,14.45,14.56,807120,0
2017-10-13,14.84,15.089,14.33,14.66,1193093,0
2017-10-16,14.86,15.02,14.51,14.56,898037,0
2017-10-17,14.53,14.63,14.385,14.47,930927,0
2017-10-18,14.47,14.82,14.47,14.54,1616180,0
2017-10-19,14.47,14.58,13.87,14.43,984881,0
2017-10-20,14.41,14.6899,14.22,14.62,888203,0
2017-10-23,14.96,15.71,14.37,14.44,1416848,0
2017-10-24,14.47,14.5502,13.98,14.08,995526,0
2017-10-25,13.97,13.97,13.56,13.81,1164343,0
2017-10-26,13.85,14.055,13.26,13.99,1148307,0
2017-10-27,13.97,14.56,13.765,14.49,592153,0
2017-10-30,14.56,14.81,14.41,14.71,745172,0
2017-10-31,14.69,15.32,14.64,15.23,810590,0
2017-11-01,15.34,16.04,15.34,15.73,1775541,0
2017-11-02,16,17.35,15.5,15.65,2483082,0
2017-11-03,15.44,16.28,14.99,15.84,2503243,0
2017-11-06,15.85,16.65,15.79,16.22,2936777,0
2017-11-07,16,17.0401,16,16.53,10893138,0
2017-11-08,16.47,17.19,16.38,16.82,2898194,0
2017-11-09,16.76,17.22,16.59,17.21,1808625,0
2017-11-10,17.34,17.66,16.955,17,1654314,0
2017-11-13,17.17,17.28,16.77,17.18,1763900,0
2017-11-14,17.13,17.46,16.42,16.88,2585100,0
2017-11-15,16.66,16.95,16.17,16.84,1800300,0
2017-11-16,16.84,17.24,16.64,17.09,1542500,0
2017-11-17,17.17,17.96,16.95,17.81,3299100,0
2017-11-20,17.79,17.80,17.42,17.66,1433500,0
2017-11-21,17.83,17.94,17.53,17.66,1558900,0
2017-11-22,17.94,17.94,17.46,17.65,1129600,0
2017-11-24,17.82,18.43,17.69,18.23,1023000,0
2017-11-27,18.09,18.34,17.85,18.11,1768700,0
2017-11-28,18.12,18.84,18.01,18.80,2234900,0
2017-11-29,18.75,18.96,17.90,18.24,1204600,0
2017-11-30,18.38,19.08,18.22,18.77,2556500,0
2017-12-01,18.93,19.49,18.77,19.15,1442300,0
2017-12-04,19.16,19.62,18.90,18.91,1077900,0
2017-12-05,18.89,19.15,18.12,18.22,1089300,0
2017-12-06,18.08,18.34,17.37,17.81,1642500,0
2017-12-07,17.84,18.62,17.79,18.52,867100,0
2017-12-08,18.66,18.97,18.46,18.87,813100,0
2017-12-11,19.00,19.67,18.77,18.92,2420500,0
2017-12-12,19.50,20.46,19.40,19.76,3040000,0
2017-12-13,20.18,20.25,19.46,19.61,2001000,0
2017-12-14,19.60,19.60,18.51,18.74,2905600,0
2017-12-15,18.93,19.20,18.74,18.85,4904800,0
2017-12-18,19.16,19.27,18.95,19.00,1654300,0
2017-12-19,19.22,19.70,19.00,19.36,1580700,0
2017-12-20,19.52,20.02,19.24,19.89,2714900,0
2017-12-21,19.94,20.10,19.43,19.85,1715100,0
2017-12-22,19.86,20.40,19.61,19.91,1289600,0
2017-12-26,20.03,20.59,19.76,20.49,604200,0
2017-12-27,20.43,20.60,20.13,20.31,1475500,0
2017-12-28,20.37,20.43,20.02,20.04,618500,0
2017-12-29,20.07,20.34,19.64,20.16,866200,0
2018-01-02,20.26,20.58,19.96,20.31,906300,0
2018-01-03,20.38,20.48,19.82,20.00,1722500,0
2018-01-04,20.22,20.45,19.68,20.00,1825500,0
2018-01-05,19.98,20.07,19.30,19.73,1929600,0
2018-01-08,19.65,19.97,19.43,19.85,1738600,0
2018-01-09,19.80,19.90,19.34,19.68,1384200,0
2018-01-10,19.86,20.06,19.60,20.00,1588500,0
2018-01-11,20.10,21.63,19.88,21.55,2081500,0
2018-01-12,21.51,21.55,20.79,21.09,2072700,0
2018-01-16,21.22,21.58,20.75,20.78,2262400,0
2018-01-17,20.96,21.63,20.80,21.45,2167400,0
2018-01-18,21.37,21.53,20.93,21.37,1370200,0
2018-01-19,21.19,21.66,20.55,21.33,1351900,0
2018-01-22,21.50,22.17,21.33,22.11,1174600,0
2018-01-23,22.51,22.88,22.11,22.49,2073900,0
2018-01-24,22.51,22.58,20.86,21.43,3271100,0
2018-01-25,21.74,21.74,20.71,20.75,1885600,0
2018-01-26,20.79,20.98,20.01,20.07,2069300,0
2018-01-29,19.95,19.98,19.41,19.67,1832400,0
2018-01-30,19.41,19.54,19.05,19.22,1279900,0
2018-01-31,19.33,19.49,18.30,18.68,2185300,0
2018-02-01,18.72,19.13,18.67,19.04,1498000,0
2018-02-02,18.63,18.71,17.61,17.65,2089800,0
2018-02-05,17.34,18.07,17.04,17.09,1954900,0
2018-02-06,16.65,17.77,16.65,17.60,1176200,0
2018-02-07,17.54,17.58,16.47,16.49,2155100,0
2018-02-08,16.53,16.70,15.40,15.41,2469200,0
2018-02-09,15.49,15.85,14.56,15.25,2813000,0
2018-02-12,15.41,15.99,15.27,15.90,1672500,0
2018-02-13,15.62,15.94,15.11,15.39,1446100,0
2018-02-14,15.15,16.33,15.13,16.02,1916200,0
2018-02-15,16.11,16.83,15.52,16.80,2653400,0
2018-02-16,16.64,16.83,16.41,16.42,1888600,0
2018-02-20,16.33,16.67,16.01,16.13,814200,0
2018-02-21,16.08,16.96,15.92,16.60,1201700,0
2018-02-22,16.82,17.11,16.56,16.78,1238500,0
2018-02-23,16.94,17.14,16.62,16.77,1417000,0
2018-02-26,16.86,16.91,16.16,16.51,1114300,0
2018-02-27,16.50,16.92,16.07,16.37,1358500,0
2018-02-28,16.84,16.86,16.08,16.13,1482500,0
2018-03-01,16.13,16.13,15.56,15.95,1508100,0
2018-03-02,15.75,16.87,15.73,16.82,1613600,0
2018-03-05,16.75,17.11,16.47,16.88,921800,0
2018-03-06,17.00,17.49,16.91,17.33,953000,0
2018-03-07,17.11,17.40,16.91,17.28,916500,0
2018-03-08,17.30,17.76,17.17,17.76,1026200,0
2018-03-09,17.98,18.20,17.78,18.14,1184200,0
2018-03-12,18.12,18.36,17.96,18.15,676600,0
2018-03-13,18.26,18.32,17.63,17.82,943200,0
2018-03-14,17.78,18.01,17.09,17.24,789400,0
2018-03-15,17.29,17.38,16.25,16.65,1590700,0
2018-03-16,16.70,17.17,16.65,17.05,990200,0
2018-03-19,17.00,17.20,16.25,16.66,778300,0
2018-03-20,16.76,17.13,16.60,17.01,716700,0
2018-03-21,17.00,18.02,16.86,18.00,1151700,0
2018-03-22,17.76,17.94,17.30,17.35,1004100,0
2018-03-23,17.49,17.87,16.59,16.59,1314200,0
2018-03-26,16.84,17.32,16.15,16.96,1473400,0
2018-03-27,14.78,16.85,14.78,15.72,3747000,0
2018-03-28,15.55,16.04,15.40,15.53,1964700,0
2018-03-29,15.59,16.24,15.55,15.89,1440400,0
2018-04-02,15.83,16.00,15.32,15.72,1125600,0
2018-04-03,15.86,16.18,15.64,16.05,817300,0
2018-04-04,15.72,16.14,15.49,16.11,1006500,0
2018-04-05,16.18,16.95,16.18,16.70,979800,0
2018-04-06,16.57,16.81,16.19,16.32,905100,0
2018-04-09,16.49,16.52,15.81,15.83,1417510,0