Date,Open,High,Low,Close,Volume,OpenInt
2017-07-19,25.573,25.653,25.573,25.653,2213,0
2017-07-20,25.673,25.673,25.673,25.673,0,0
2017-07-21,25.673,25.673,25.673,25.673,0,0
2017-07-24,25.673,25.673,25.673,25.673,0,0
2017-07-25,25.651,25.651,25.651,25.651,335,0
2017-07-26,25.651,25.651,25.651,25.651,0,0
2017-07-27,25.651,25.651,25.651,25.651,0,0
2017-07-28,25.651,25.651,25.651,25.651,0,0
2017-07-31,25.651,25.651,25.651,25.651,0,0
2017-08-01,25.882,25.902,25.822,25.862,1906,0
2017-08-02,25.902,25.941,25.902,25.941,4837,0
2017-08-03,25.931,25.931,25.931,25.931,0,0
2017-08-04,25.931,25.931,25.931,25.931,0,0
2017-08-07,25.931,25.931,25.931,25.931,0,0
2017-08-08,26.001,26.071,26.001,26.011,335,0
2017-08-09,26.011,26.011,26.011,26.011,0,0
2017-08-10,25.583,25.593,25.474,25.474,8575,0
2017-08-11,25.474,25.474,25.474,25.474,0,0
2017-08-14,25.474,25.474,25.474,25.474,0,0
2017-08-15,25.474,25.474,25.474,25.474,0,0
2017-08-16,25.474,25.474,25.474,25.474,0,0
2017-08-17,25.633,25.633,25.633,25.633,2414,0
2017-08-18,25.633,25.633,25.633,25.633,0,0
2017-08-21,25.633,25.633,25.633,25.633,0,0
2017-08-22,25.633,25.633,25.633,25.633,0,0
2017-08-23,25.633,25.633,25.633,25.633,0,0
2017-08-24,25.633,25.633,25.633,25.633,7815,0
2017-08-25,25.633,25.633,25.633,25.633,3218,0
2017-08-28,25.802,25.802,25.802,25.802,2598,0
2017-08-29,25.802,25.802,25.802,25.802,0,0
2017-08-30,25.802,25.802,25.802,25.802,0,0
2017-08-31,25.802,25.802,25.802,25.802,0,0
2017-09-01,26.1,26.1,26.1,26.1,222,0
2017-09-05,25.911,25.911,25.911,25.911,4594,0
2017-09-06,25.911,25.911,25.911,25.911,2414,0
2017-09-07,25.911,25.911,25.911,25.911,0,0
2017-09-08,25.911,25.911,25.911,25.911,0,0
2017-09-11,26.071,26.071,26.071,26.071,2414,0
2017-09-12,26.071,26.071,26.071,26.071,0,0
2017-09-13,26.071,26.071,26.071,26.071,0,0
2017-09-14,26.24,26.24,26.24,26.24,101,0
2017-09-15,26.24,26.24,26.24,26.24,0,0
2017-09-18,26.24,26.24,26.24,26.24,0,0
2017-09-19,26.24,26.24,26.24,26.24,0,0
2017-09-20,26.24,26.24,26.24,26.24,0,0
2017-09-21,26.24,26.24,26.24,26.24,0,0
2017-09-22,26.369,26.369,26.349,26.349,3721,0
2017-09-25,26.349,26.349,26.349,26.349,0,0
2017-09-26,26.24,26.24,26.24,26.24,2011,0
2017-09-27,26.24,26.24,26.24,26.24,0,0
2017-09-28,26.24,26.24,26.24,26.24,0,0
2017-09-29,26.289,26.399,26.289,26.379,6437,0
2017-10-02,26.379,26.379,26.379,26.379,0,0
2017-10-03,26.43,26.43,26.43,26.43,1600,0
2017-10-04,26.43,26.43,26.43,26.43,0,0
2017-10-05,26.58,26.58,26.5796,26.5796,14686,0
2017-10-06,26.5796,26.5796,26.5796,26.5796,0,0
2017-10-09,26.5796,26.5796,26.5796,26.5796,1601,0
2017-10-10,26.56,26.67,26.54,26.67,1600,0
2017-10-11,26.67,26.67,26.67,26.67,4600,0
2017-10-12,26.73,26.73,26.71,26.71,200,0
2017-10-13,26.77,26.77,26.77,26.77,2400,0
2017-10-16,26.77,26.77,26.77,26.77,1602,0
2017-10-17,26.77,26.77,26.77,26.77,0,0
2017-10-18,26.77,26.77,26.77,26.77,0,0
2017-10-19,26.77,26.77,26.77,26.77,4234,0
2017-10-20,26.77,26.77,26.77,26.77,800,0
2017-10-23,26.8,26.8,26.8,26.8,6234,0
2017-10-24,26.79,26.79,26.79,26.79,114,0
2017-10-25,26.79,26.79,26.79,26.79,0,0
2017-10-26,26.77,26.77,26.74,26.74,200,0
2017-10-27,26.74,26.74,26.74,26.74,738,0
2017-10-30,26.74,26.74,26.74,26.74,740,0
2017-10-31,26.91,26.91,26.89,26.89,400,0
2017-11-01,26.9461,26.95,26.9461,26.95,1100,0
2017-11-02,26.95,26.95,26.95,26.95,0,0
2017-11-03,26.95,26.95,26.95,26.95,12,0
2017-11-06,26.95,26.95,26.95,26.95,0,0
2017-11-07,27.01,27.01,26.99,26.99,400,0
2017-11-08,26.99,26.99,26.99,26.99,0,0
2017-11-09,26.82,26.89,26.82,26.89,302,0
2017-11-10,26.89,26.89,26.86,26.86,200,0
2017-11-15,26.70,26.70,26.70,26.70,-,0
2017-11-16,26.70,26.70,26.70,26.70,-,0
2017-11-17,26.70,26.70,26.70,26.70,-,0
2017-11-20,26.70,26.70,26.70,26.70,-,0
2017-11-21,27.01,27.02,27.01,27.01,4600,0
2017-11-22,27.01,27.01,27.01,27.01,-,0
2017-11-24,27.01,27.01,27.01,27.01,-,0
2017-11-27,27.01,27.01,27.01,27.01,-,0
2017-11-28,27.13,27.13,27.13,27.13,800,0
2017-11-29,27.13,27.13,27.13,27.13,-,0
2017-11-30,27.13,27.13,27.13,27.13,100,0
2017-12-01,27.22,27.22,27.20,27.20,200,0
2017-12-04,27.20,27.20,27.20,27.20,100,0
2017-12-05,27.24,27.24,27.24,27.24,100,0
2017-12-06,27.10,27.10,27.08,27.08,200,0
2017-12-07,27.12,27.15,27.12,27.13,1600,0
2017-12-08,27.31,27.31,27.31,27.31,100,0
2017-12-11,27.41,27.41,27.39,27.39,200,0
2017-12-12,27.42,27.42,27.42,27.42,100,0
2017-12-13,27.42,27.42,27.42,27.42,100,0
2017-12-14,27.53,27.53,27.33,27.33,500,0
2017-12-15,27.33,27.33,27.33,27.33,-,0
2017-12-18,27.33,27.33,27.33,27.33,-,0
2017-12-19,27.69,27.69,27.69,27.69,100,0
2017-12-20,27.70,27.73,27.70,27.71,500,0
2017-12-21,27.77,27.83,27.77,27.83,900,0
2017-12-22,27.83,27.83,27.83,27.83,-,0
2017-12-26,28.06,28.06,28.06,28.06,600,0
2017-12-27,27.89,27.89,27.89,27.89,100,0
2017-12-28,27.86,27.86,27.86,27.86,500,0
2017-12-29,27.86,27.86,27.86,27.86,-,0
2018-01-02,27.86,27.86,27.86,27.86,100,0
2018-01-03,28.15,28.15,28.15,28.15,2300,0
2018-01-04,28.24,28.24,28.24,28.24,1800,0
2018-01-05,28.42,28.42,28.42,28.42,100,0
2018-01-08,28.63,28.74,28.63,28.74,1000,0
2018-01-09,28.69,28.73,28.69,28.71,800,0
2018-01-10,28.72,28.72,28.72,28.72,100,0
2018-01-11,28.72,28.72,28.72,28.72,100,0
2018-01-12,29.18,29.23,29.12,29.23,2200,0
2018-01-16,29.23,29.23,29.14,29.14,300,0
2018-01-17,29.25,29.37,29.25,29.37,600,0
2018-01-18,29.28,29.33,29.28,29.33,5800,0
2018-01-19,29.38,29.50,29.38,29.48,2500,0
2018-01-22,29.57,29.72,29.57,29.72,2000,0
2018-01-23,29.70,29.76,29.70,29.76,600,0
2018-01-24,29.91,29.91,29.75,29.88,1600,0
2018-01-25,29.93,29.93,29.83,29.83,4700,0
2018-01-26,30.02,30.09,30.02,30.09,200,0
2018-01-29,30.00,30.00,29.89,29.89,1200,0
2018-01-30,29.48,29.57,29.48,29.53,2700,0
2018-01-31,29.52,29.52,29.50,29.50,200,0
2018-02-01,29.52,29.52,29.50,29.50,300,0
2018-02-02,28.84,28.84,28.82,28.82,1000,0
2018-02-05,28.70,28.70,27.74,27.74,1800,0
2018-02-06,28.33,28.33,28.30,28.30,3800,0
2018-02-07,28.11,28.11,27.99,27.99,800,0
2018-02-08,28.01,28.01,27.14,27.14,1000,0
2018-02-09,27.33,27.35,27.33,27.35,300,0
2018-02-12,27.68,27.70,27.68,27.68,300,0
2018-02-13,27.70,27.70,27.70,27.70,100,0
2018-02-14,28.13,28.13,28.13,28.13,100,0
2018-02-15,28.26,28.37,28.26,28.37,1600,0
2018-02-16,28.37,28.37,28.37,28.37,-,0
2018-02-20,28.15,28.15,28.15,28.15,200,0
2018-02-21,28.04,28.04,28.02,28.03,400,0
2018-02-22,28.07,28.15,28.07,28.12,1600,0
2018-02-23,28.46,28.46,28.46,28.46,400,0
2018-02-26,28.73,28.73,28.71,28.73,300,0
2018-02-27,28.59,28.59,28.27,28.27,2200,0
2018-02-28,28.00,28.00,27.96,27.96,600,0
2018-03-01,27.54,27.65,27.54,27.63,900,0
2018-03-02,27.71,27.71,27.71,27.71,500,0
2018-03-05,27.87,27.87,27.85,27.85,200,0
2018-03-06,27.97,28.03,27.97,28.01,1900,0
2018-03-07,27.96,27.96,27.94,27.94,400,0
2018-03-08,27.94,27.94,27.94,27.94,1400,0
2018-03-09,28.29,28.29,28.27,28.27,200,0
2018-03-12,28.16,28.32,28.16,28.32,800,0
2018-03-13,28.32,28.32,28.32,28.32,100,0
2018-03-14,28.10,28.10,28.10,28.10,100,0
2018-03-15,28.16,28.16,28.16,28.16,1200,0
2018-03-16,28.08,28.08,28.05,28.05,300,0
2018-03-19,27.76,27.76,27.76,27.76,100,0
2018-03-20,27.82,27.82,27.82,27.82,100,0
2018-03-21,27.90,27.90,27.90,27.90,100,0
2018-03-22,27.29,27.31,27.26,27.26,4100,0
2018-03-23,26.92,26.92,26.89,26.89,700,0
2018-03-26,27.31,27.31,27.31,27.31,800,0
2018-03-27,27.18,27.18,27.15,27.15,600,0
2018-03-28,27.29,27.29,27.29,27.29,300,0
2018-03-29,27.64,27.64,27.61,27.61,200,0
2018-04-02,27.60,27.60,27.11,27.11,200,0
2018-04-03,27.46,27.46,27.43,27.43,300,0
2018-04-04,27.58,27.58,27.55,27.55,2000,0
2018-04-05,27.74,27.74,27.71,27.71,200,0
2018-04-06,27.39,27.40,27.36,27.37,400,0
2018-04-09,27.45,27.45,27.42,27.42,500,0