Date,Open,High,Low,Close,Volume,OpenInt
2017-06-23,49.516,49.516,49.516,49.516,211,0
2017-06-30,49.237,49.237,49.237,49.237,369,0
2017-07-10,48.739,48.739,48.739,48.739,1863,0
2017-07-17,49.755,49.755,49.715,49.715,812,0
2017-07-21,50.011,50.013,50.011,50.013,402,0
2017-07-24,49.855,49.855,49.855,49.855,201,0
2017-07-25,49.865,49.865,49.865,49.865,201,0
2017-07-28,50.163,50.163,50.163,50.163,281,0
2017-08-01,50.572,50.572,50.482,50.482,1707,0
2017-08-02,50.502,50.502,50.502,50.502,301,0
2017-08-04,50.482,50.482,50.482,50.482,402,0
2017-08-07,50.333,50.333,50.306,50.306,317,0
2017-08-08,50.283,50.313,50.283,50.313,738,0
2017-08-11,49.616,49.646,49.596,49.596,729,0
2017-08-14,49.845,49.875,49.845,49.875,20528,0
2017-08-15,49.357,49.755,49.357,49.755,2089,0
2017-08-16,49.914,50.104,49.914,50.104,929,0
2017-08-17,49.954,50.044,49.735,49.735,1607,0
2017-08-18,49.845,49.845,49.536,49.536,31389,0
2017-08-22,49.934,49.944,49.857,49.944,576,0
2017-08-23,49.894,50.064,49.876,50.064,5548,0
2017-08-24,50.044,50.114,50.017,50.064,9423,0
2017-08-25,50.074,50.074,50.074,50.074,40438,0
2017-08-30,49.984,50.004,49.885,49.974,6950,0
2017-08-31,50.134,50.373,50.134,50.298,1677,0
2017-09-05,49.855,49.974,49.837,49.974,1667,0
2017-09-06,50.192,50.192,50.155,50.155,723,0
2017-09-08,50.661,50.681,50.661,50.681,1624,0
2017-09-11,50.931,51,50.931,50.931,3343,0
2017-09-12,50.9,50.97,50.9,50.93,1235,0
2017-09-13,50.641,50.641,50.541,50.541,1167,0
2017-09-14,50.542,50.602,50.491,50.602,849,0
2017-09-15,50.661,50.661,50.627,50.627,1354,0
2017-09-18,50.751,50.751,50.597,50.686,5127,0
2017-09-19,50.741,50.741,50.656,50.691,6888,0
2017-09-20,50.751,50.781,50.432,50.452,22802,0
2017-09-21,50.44,50.44,50.31,50.3592,865,0
2017-09-25,50.242,50.3099,50.242,50.2511,2909,0
2017-09-26,50.13,50.16,50.0224,50.0224,5250,0
2017-09-27,49.9,50.0799,49.9,50.02,2669,0
2017-09-28,50.08,50.08,50.08,50.08,616,0
2017-09-29,50.2599,50.5699,50.2599,50.49,9615,0
2017-10-02,50.23,50.35,50.23,50.34,731,0
2017-10-03,50.48,50.54,50.48,50.54,1668,0
2017-10-04,50.4088,50.4088,50.4088,50.4088,435,0
2017-10-06,50.06,50.1971,50.06,50.1971,258,0
2017-10-09,50.22,50.3322,50.22,50.3,818,0
2017-10-13,51.18,51.25,51.1666,51.24,3275,0
2017-10-17,50.9,50.9,50.9,50.9,107,0
2017-10-18,51.1708,51.1708,51.1708,51.1708,155,0
2017-10-19,51.1599,51.1599,51.0302,51.12,3357,0
2017-10-20,50.9869,50.9869,50.9869,50.9869,322,0
2017-10-23,50.96,50.96,50.829,50.8352,2390,0
2017-10-24,50.83,50.86,50.781,50.8303,1674,0
2017-10-25,50.74,50.74,50.5558,50.5558,1415,0
2017-10-27,50.7799,50.7799,50.7799,50.7799,410,0
2017-10-30,50.84,50.8999,50.7958,50.8999,1843,0
2017-10-31,51.092,51.092,51.092,51.092,2059,0
2017-11-01,51.36,51.36,51.2199,51.2199,1112,0
2017-11-02,51.15,51.19,51.15,51.19,3084,0
2017-11-03,51.14,51.1492,51.14,51.1492,773,0
2017-11-06,51.26,51.26,51.2184,51.2184,501,0
2017-11-07,51.11,51.13,51.055,51.055,840,0
2017-11-08,51.26,51.29,51.25,51.25,1900,0
2017-11-09,50.96,51.07,50.96,51.03,5619,0
2017-11-10,50.89,50.98,50.8548,50.8548,910,0
2017-11-15,50.4200,50.7290,50.4200,50.7000,3500,0
2017-11-16,51.0700,51.1300,51.0190,51.1100,1800,0
2017-11-17,51.0400,51.0700,50.9700,50.9700,2300,0
2017-11-20,51.1900,51.2000,51.1800,51.1800,4100,0
2017-11-21,51.4300,51.4300,51.4300,51.4300,1100,0
2017-11-22,51.5550,51.5550,51.3700,51.4200,2000,0
2017-11-24,51.4200,51.4200,51.4200,51.4200,-,0
2017-11-27,51.7100,51.7400,51.6660,51.6950,7400,0
2017-11-28,51.9200,51.9200,51.8870,51.8870,1200,0
2017-11-29,51.9700,51.9700,51.6900,51.7490,7000,0
2017-11-30,52.0000,52.0500,51.8500,51.9900,11100,0
2017-12-01,51.7900,51.8100,51.6500,51.7000,5700,0
2017-12-04,51.6700,51.7350,51.6120,51.6800,4000,0
2017-12-05,51.6800,51.6800,51.6800,51.6800,-,0
2017-12-06,51.5600,51.5600,51.5590,51.5600,1200,0
2017-12-07,51.6800,51.7100,51.5800,51.5800,3900,0
2017-12-08,51.5900,51.7100,51.5900,51.6400,1700,0
2017-12-11,51.6400,51.6400,51.6400,51.6400,-,0
2017-12-12,51.6100,51.6200,51.6030,51.6030,900,0
2017-12-13,51.8000,52.0000,51.7600,52.0000,900,0
2017-12-14,51.9290,52.0000,51.8100,51.8100,11900,0
2017-12-15,51.7300,51.8000,51.6900,51.6900,11200,0
2017-12-18,52.3000,52.3000,52.0400,52.0400,5900,0
2017-12-19,52.1000,52.1500,51.9400,52.1010,4400,0
2017-12-20,52.0400,52.1400,51.8300,51.8300,7900,0
2017-12-21,51.8700,52.0000,51.8700,52.0000,1100,0
2017-12-22,51.9240,51.9750,51.8890,51.9750,900,0
2017-12-26,51.9580,51.9580,51.9580,51.9580,600,0
2017-12-27,52.1500,52.1500,51.9800,52.0300,2100,0
2017-12-28,52.0800,52.0800,52.0800,52.0800,500,0
2017-12-29,52.5500,52.5500,52.1800,52.1800,3300,0
2018-01-02,52.1800,52.1800,52.1800,52.1800,-,0
2018-01-03,52.7700,52.9000,52.7700,52.8900,800,0
2018-01-04,53.0250,53.1700,53.0000,53.0700,51600,0
2018-01-05,53.3500,53.3600,53.2750,53.3600,25200,0
2018-01-08,53.1830,53.1830,53.1830,53.1830,100,0
2018-01-09,53.5000,53.5000,53.2810,53.2810,2400,0
2018-01-10,53.1400,53.2900,53.1250,53.1500,3800,0
2018-01-11,52.9800,53.3300,52.9800,53.2200,2800,0
2018-01-12,53.4100,53.6190,53.4100,53.6190,3600,0
2018-01-16,54.0000,54.0000,53.9090,53.9090,600,0
2018-01-17,54.1600,54.3000,54.1600,54.2700,2400,0
2018-01-18,53.9420,54.0700,53.8700,54.0560,2400,0
2018-01-19,54.2300,54.3000,54.2100,54.3000,500,0
2018-01-22,54.2500,54.2500,54.1270,54.1270,500,0
2018-01-23,54.5900,54.5900,54.5900,54.5900,100,0
2018-01-24,54.9900,55.0610,54.7400,54.8840,5200,0
2018-01-25,54.8650,54.9200,54.6100,54.7600,1700,0
2018-01-26,55.0450,55.1230,55.0450,55.1230,400,0
2018-01-29,54.6300,54.6700,54.5050,54.6050,1800,0
2018-01-30,54.4700,54.4700,54.3200,54.3700,2100,0
2018-01-31,54.5100,54.5100,54.3300,54.3300,1400,0
2018-02-01,54.3600,54.3600,54.3600,54.3600,300,0
2018-02-02,53.8300,53.8300,53.5700,53.5700,900,0
2018-02-05,52.7100,52.7100,51.6700,51.6700,900,0
2018-02-06,51.0400,52.2330,51.0400,52.2330,1300,0
2018-02-07,52.2330,52.2330,52.2330,52.2330,-,0
2018-02-08,52.2330,52.2330,52.2330,52.2330,-,0
2018-02-09,49.8610,49.8610,49.8610,49.8610,700,0
2018-02-12,50.9600,51.1800,50.9600,51.1300,900,0
2018-02-13,51.1300,51.1300,51.1300,51.1300,-,0
2018-02-14,50.8800,51.0400,50.8700,50.9940,3400,0
2018-02-15,52.0400,52.0640,52.0400,52.0640,200,0
2018-02-16,52.2700,52.4200,52.2700,52.4200,500,0
2018-02-20,52.0100,52.0800,51.8500,51.9750,3300,0
2018-02-21,52.0200,52.1300,51.8500,51.8500,2900,0
2018-02-22,51.8500,51.8500,51.8500,51.8500,200,0
2018-02-23,51.8500,51.8500,51.8500,51.8500,-,0
2018-02-26,52.5000,52.7040,52.5000,52.7040,1000,0
2018-02-27,52.5500,52.5500,51.8770,51.9310,2200,0
2018-02-28,51.9310,51.9310,51.9310,51.9310,-,0
2018-03-01,51.2700,51.2700,50.6060,50.6060,500,0
2018-03-02,50.6060,50.6060,50.6060,50.6060,-,0
2018-03-05,50.6060,50.6060,50.6060,50.6060,-,0
2018-03-06,51.4900,51.7100,51.4780,51.7100,1200,0
2018-03-07,51.4860,51.6990,51.4860,51.6850,1100,0
2018-03-08,51.6850,51.6850,51.6850,51.6850,-,0
2018-03-09,52.0740,52.0740,52.0740,52.0740,100,0
2018-03-12,52.2240,52.2240,52.2240,52.2240,300,0
2018-03-13,52.3400,52.3400,52.1580,52.1580,300,0
2018-03-14,51.9170,52.0640,51.9170,52.0640,500,0
2018-03-15,52.0300,52.0300,51.9900,52.0300,500,0
2018-03-16,52.0300,52.0300,52.0300,52.0300,-,0
2018-03-19,51.6300,51.6300,51.6300,51.6300,100,0
2018-03-20,51.7300,51.7600,51.7300,51.7300,800,0
2018-03-21,51.7500,51.8940,51.7500,51.8940,400,0
2018-03-22,51.8940,51.8940,51.8940,51.8940,-,0
2018-03-23,51.1900,51.1900,51.1700,51.1700,300,0
2018-03-26,51.0500,51.2700,51.0500,51.2220,700,0
2018-03-27,51.1500,51.1500,51.1500,51.1500,1600,0
2018-03-28,51.1500,51.1500,51.1500,51.1500,-,0
2018-03-29,51.1500,51.1500,51.1500,51.1500,-,0
2018-04-02,51.1500,51.1500,51.1500,51.1500,-,0
2018-04-03,51.3900,51.3980,51.0400,51.0400,1400,0
2018-04-04,51.0790,51.1630,51.0790,51.1240,1400,0
2018-04-05,51.1240,51.1240,51.1240,51.1240,-,0
2018-04-06,51.1240,51.1240,51.1240,51.1240,-,0
2018-04-09,52.0959,52.0959,52.0959,52.0959,264,0