Date,Open,High,Low,Close,Volume,OpenInt
2017-10-20,16.25,16.99,14,16.26,37554943,0
2017-10-23,16.1,16.399,15.12,15.26,5752930,0
2017-10-24,15.41,15.8597,14.77,15.24,3748832,0
2017-10-25,15.1,15.43,13.62,13.73,4405421,0
2017-10-26,13.82,14.16,13.81,14.02,1849006,0
2017-10-27,14.05,14.13,13.8,14.01,2414145,0
2017-10-30,14.1,14.2002,14,14.1,1226657,0
2017-10-31,14.11,15.105,14.09,15.08,1665912,0
2017-11-01,15.33,15.49,15.19,15.43,1247946,0
2017-11-02,15.27,15.5,14.9,15.24,1190638,0
2017-11-03,15.28,15.39,14.9,14.99,510008,0
2017-11-06,15.01,15.01,14.89,15.01,616593,0
2017-11-07,15,15.09,14.91,15,1000321,0
2017-11-08,15,15,14.72,14.84,734041,0
2017-11-09,14.86,14.95,14.47,14.5,1092575,0
2017-11-10,14.52,14.84,14.5,14.72,631573,0
2017-11-13,14.57,14.75,14.48,14.73,991800,0
2017-11-14,14.85,15.05,14.82,15.01,1124700,0
2017-11-15,15.00,15.00,14.60,14.71,712200,0
2017-11-16,15.23,15.25,14.96,15.03,732800,0
2017-11-17,15.00,15.62,15.00,15.00,1253300,0
2017-11-20,15.46,15.59,15.15,15.49,786200,0
2017-11-21,15.70,15.73,14.78,14.78,1377900,0
2017-11-22,14.78,14.99,13.72,13.85,3799400,0
2017-11-24,13.88,13.96,12.88,13.33,2265600,0
2017-11-27,13.31,13.56,12.52,12.67,2934100,0
2017-11-28,12.61,12.71,10.82,11.45,4752700,0
2017-11-29,11.50,12.14,10.78,10.97,3725800,0
2017-11-30,11.32,11.94,11.22,11.60,2325500,0
2017-12-01,11.73,12.59,11.65,12.43,1403700,0
2017-12-04,12.32,12.32,11.86,11.98,1471900,0
2017-12-05,11.89,13.02,11.78,12.73,2044900,0
2017-12-06,12.98,13.21,12.03,12.13,1788100,0
2017-12-07,12.20,13.00,12.20,12.92,1779600,0
2017-12-08,12.98,13.32,12.84,13.29,937800,0
2017-12-11,13.33,13.60,12.70,13.41,1209000,0
2017-12-12,13.34,13.45,12.93,13.19,1054500,0
2017-12-13,13.16,13.18,12.70,12.72,477800,0
2017-12-14,12.77,13.00,11.72,11.77,1117400,0
2017-12-15,11.73,12.08,11.58,12.00,1469900,0
2017-12-18,11.95,12.23,11.90,11.92,1689400,0
2017-12-19,11.95,12.05,11.76,11.87,745900,0
2017-12-20,11.90,12.28,11.89,12.22,706200,0
2017-12-21,12.38,13.24,12.36,12.77,569400,0
2017-12-22,12.51,13.64,12.51,13.24,747100,0
2017-12-26,13.17,13.26,12.80,13.00,336000,0
2017-12-27,13.00,13.45,13.00,13.38,406400,0
2017-12-28,13.54,13.94,13.32,13.50,558300,0
2017-12-29,13.52,13.91,13.31,13.33,484600,0
2018-01-02,13.30,13.62,12.97,13.01,685700,0
2018-01-03,13.05,13.61,12.91,13.50,681200,0
2018-01-04,13.50,13.60,13.00,13.00,703700,0
2018-01-05,13.10,13.92,13.02,13.89,682500,0
2018-01-08,13.90,14.20,13.57,13.87,1245900,0
2018-01-09,13.89,14.20,13.50,13.82,830400,0
2018-01-10,13.79,14.06,13.50,13.59,851000,0
2018-01-11,13.71,14.68,13.52,14.23,829200,0
2018-01-12,14.27,14.57,12.96,12.97,1161600,0
2018-01-16,13.22,13.53,12.68,12.78,1619600,0
2018-01-17,13.16,13.32,12.58,12.63,733900,0
2018-01-18,12.63,12.95,12.50,12.58,759600,0
2018-01-19,12.21,12.58,12.01,12.31,642500,0
2018-01-22,12.49,12.61,12.30,12.59,1062900,0
2018-01-23,12.60,13.57,12.48,12.90,2207700,0
2018-01-24,13.00,13.09,12.41,12.76,1406600,0
2018-01-25,12.82,12.95,12.55,12.75,1177000,0
2018-01-26,12.85,13.36,12.55,13.29,1606000,0
2018-01-29,13.28,13.28,12.20,12.22,924700,0
2018-01-30,12.22,12.38,11.97,12.03,705100,0
2018-01-31,12.17,12.59,12.02,12.26,806400,0
2018-02-01,12.26,12.43,11.83,11.92,612600,0
2018-02-02,11.88,12.15,11.76,11.93,947900,0
2018-02-05,11.88,11.88,11.31,11.50,485800,0
2018-02-06,11.00,11.54,11.00,11.18,686900,0
2018-02-07,11.20,11.33,11.03,11.20,394100,0
2018-02-08,11.20,11.35,10.85,10.88,625700,0
2018-02-09,11.16,11.42,11.02,11.33,630700,0
2018-02-12,11.45,11.60,11.17,11.49,870300,0
2018-02-13,11.40,11.74,11.40,11.60,1062800,0
2018-02-14,11.60,11.84,11.55,11.73,741100,0
2018-02-15,11.75,12.71,11.73,12.38,1524400,0
2018-02-16,12.40,12.50,12.19,12.33,742600,0
2018-02-20,12.42,12.46,12.19,12.33,780000,0
2018-02-21,12.44,12.72,12.36,12.52,839200,0
2018-02-22,12.54,12.72,11.93,11.96,264600,0
2018-02-23,12.13,12.22,12.02,12.16,207400,0
2018-02-26,12.25,13.00,12.08,12.15,752800,0
2018-02-27,12.29,12.57,12.13,12.26,831300,0
2018-02-28,12.16,12.16,10.56,10.96,4808300,0
2018-03-01,11.00,11.56,10.86,11.03,3035100,0
2018-03-02,11.00,11.10,10.66,10.67,983300,0
2018-03-05,10.61,10.98,10.61,10.78,698300,0
2018-03-06,10.80,10.99,10.71,10.93,633900,0
2018-03-07,10.95,11.61,10.87,11.59,688700,0
2018-03-08,11.64,12.00,11.13,11.19,720400,0
2018-03-09,11.74,11.74,11.00,11.08,421000,0
2018-03-12,11.21,11.60,11.15,11.46,654800,0
2018-03-13,11.40,11.40,11.10,11.30,443200,0
2018-03-14,11.32,11.35,11.01,11.15,1599200,0
2018-03-15,11.15,11.35,11.12,11.15,567100,0
2018-03-16,11.15,11.65,11.14,11.19,1280000,0
2018-03-19,11.21,11.31,10.73,10.76,1121500,0
2018-03-20,10.80,10.86,10.60,10.72,975200,0
2018-03-21,10.70,10.95,10.66,10.83,1037300,0
2018-03-22,10.70,10.88,10.70,10.81,908700,0
2018-03-23,10.68,10.96,10.63,10.78,934800,0
2018-03-26,10.92,11.05,10.73,11.00,514700,0
2018-03-27,11.11,11.11,10.74,10.87,878900,0
2018-03-28,10.80,11.02,10.67,10.93,1028600,0
2018-03-29,11.06,11.36,10.98,11.27,612000,0
2018-04-02,11.15,11.59,11.09,11.25,820400,0
2018-04-03,11.25,11.49,10.92,11.11,940600,0
2018-04-04,11.00,11.13,10.73,11.09,377800,0
2018-04-05,11.13,11.26,10.89,11.01,440000,0
2018-04-06,10.92,10.95,10.60,10.66,521600,0
2018-04-09,10.78,11.29,10.71,10.79,378048,0