Date,Open,High,Low,Close,Volume,OpenInt
2016-06-10,24.425,24.442,24.355,24.355,3766,0
2016-06-13,24.202,24.353,24.117,24.117,3141,0
2016-06-14,23.838,23.838,23.614,23.662,5650,0
2016-06-15,23.898,23.898,23.898,23.898,100,0
2016-06-16,23.353,23.692,23.353,23.692,4333,0
2016-06-17,23.552,23.552,23.552,23.552,364,0
2016-06-20,24.127,24.127,24.027,24.027,744,0
2016-06-21,24.523,24.523,23.938,23.977,504,0
2016-06-22,24.24,24.24,24.107,24.107,251,0
2016-06-23,24.494,24.494,24.494,24.494,100,0
2016-06-24,23.878,23.878,23.878,23.878,100,0
2016-06-27,24.533,24.533,23.155,23.155,645,0
2016-06-28,23.463,23.722,23.463,23.722,1058,0
2016-06-29,23.908,24.018,23.908,24.018,548,0
2016-06-30,25.196,25.196,24.145,24.165,2604,0
2016-07-01,29.33,29.33,24.62,24.62,605,0
2016-07-05,24.808,24.818,24.473,24.512,2218,0
2016-07-06,24.255,24.492,24.055,24.492,4774,0
2016-07-07,24.512,24.512,24.365,24.492,605,0
2016-07-08,24.521,24.987,24.521,24.987,5947,0
2016-07-11,25.163,25.163,25.163,25.163,151,0
2016-07-15,25.086,25.086,25.086,25.086,201,0
2016-07-19,25.066,25.066,25.066,25.066,100,0
2016-07-20,25.274,25.274,25.274,25.274,604,0
2016-07-25,25.443,25.443,25.443,25.443,100,0
2016-07-26,25.512,25.712,25.463,25.712,7014,0
2016-07-27,25.742,25.742,25.712,25.712,428,0
2016-07-28,25.811,25.811,25.811,25.811,607,0
2016-07-29,25.92,26.197,25.89,26.141,7435,0
2016-08-01,26.127,26.127,26.127,26.127,201,0
2016-08-02,26.127,26.127,25.9,25.941,1092,0
2016-08-04,26.027,26.067,26.027,26.067,466,0
2016-08-05,25.811,25.811,25.512,25.602,1125,0
2016-08-09,25.682,25.682,25.682,25.682,201,0
2016-08-10,25.423,25.423,25.423,25.423,100,0
2016-08-11,25.503,25.503,25.324,25.324,414,0
2016-08-12,25.493,25.522,25.394,25.522,5014,0
2016-08-15,25.781,25.781,25.672,25.672,333,0
2016-08-16,25.88,25.88,25.512,25.532,2245,0
2016-08-19,24.967,25.086,24.967,25.086,555,0
2016-08-22,25.364,25.364,25.364,25.364,100,0
2016-08-24,25.036,25.036,25.036,25.036,100,0
2016-08-25,24.779,24.779,24.779,24.779,108,0
2016-08-26,24.571,24.571,24.571,24.571,324,0
2016-08-29,24.769,24.803,24.719,24.803,1412,0
2016-08-30,24.83,24.877,24.83,24.858,6454,0
2016-08-31,24.72,24.72,24.72,24.72,1011,0
2016-09-01,24.561,24.561,24.344,24.344,302,0
2016-09-06,24.868,24.868,24.72,24.779,5443,0
2016-09-07,24.887,25.096,24.887,25.096,1864,0
2016-09-12,24.531,24.75,24.531,24.75,302,0
2016-09-13,24.439,24.531,24.439,24.531,541,0
2016-09-14,24.76,24.76,24.76,24.76,122,0
2016-09-19,24.808,24.808,24.69,24.69,7161,0
2016-09-20,24.937,24.937,24.937,24.937,320,0
2016-09-21,24.818,24.818,24.798,24.808,10076,0
2016-09-22,25.126,25.126,25.116,25.121,15935,0
2016-09-23,24.7,24.7,24.7,24.7,504,0
2016-09-27,24.396,24.396,24.396,24.396,404,0
2016-09-28,24.524,24.524,24.391,24.413,656,0
2016-09-29,25.612,25.612,25.612,25.612,100,0
2016-09-30,24.547,24.553,24.547,24.553,1279,0
2016-10-04,24.064,24.121,24.064,24.121,407,0
2016-10-06,23.406,24.111,23.406,24.111,202,0
2016-10-10,23.837,23.842,23.816,23.825,1510,0
2016-10-11,23.792,23.792,23.792,23.792,201,0
2016-10-12,23.057,23.057,23.057,23.057,142,0
2016-10-13,23.565,23.565,23.565,23.565,120,0
2016-10-14,24.707,24.707,23.535,23.55,714,0
2016-10-17,23.406,23.406,23.406,23.406,100,0
2016-10-18,23.842,23.842,23.575,23.645,805,0
2016-10-20,23.601,23.601,23.601,23.601,251,0
2016-10-24,23.655,23.655,23.655,23.655,100,0
2016-10-25,23.695,23.695,23.267,23.267,919,0
2016-10-26,23.047,23.047,23.047,23.047,302,0
2016-10-28,22.352,22.352,22.352,22.352,163,0
2016-11-04,21.066,21.559,21.066,21.559,453,0
2016-11-09,22.134,22.134,22.134,22.134,100,0
2016-11-10,22.302,22.302,22.302,22.302,102,0
2016-11-11,21.772,21.772,21.772,21.772,282,0
2016-11-18,22.284,22.284,22.196,22.196,505,0
2016-11-25,22.197,22.214,22.197,22.214,1006,0
2016-11-28,22.025,22.025,21.995,22.025,2972,0
2016-12-01,21.013,21.013,21.013,21.013,201,0
2016-12-02,21.716,21.716,21.716,21.716,253,0
2016-12-05,21.925,21.925,21.925,21.925,888,0
2016-12-09,22.581,22.581,22.581,22.581,159,0
2016-12-29,21.374,22.327,21.374,22.327,1124,0
2017-01-06,22.564,22.566,22.317,22.317,604,0
2017-01-10,23.431,23.431,22.666,22.666,413,0
2017-01-13,22.576,22.576,22.576,22.576,404,0
2017-01-18,22.509,22.527,22.488,22.488,6038,0
2017-01-26,22.487,22.487,22.487,22.487,100,0
2017-02-09,22.712,22.712,22.712,22.712,100,0
2017-02-13,22.755,22.755,22.755,22.755,110,0
2017-02-21,23.777,23.777,23.137,23.57,1358,0
2017-02-22,23.496,23.496,22.815,22.994,14902,0
2017-03-01,24.046,24.046,23.977,23.977,1120,0
2017-03-06,23.867,23.867,23.867,23.867,1006,0
2017-03-08,23.759,23.759,23.54,23.59,498,0
2017-03-20,23.59,23.59,23.59,23.59,101,0
2017-04-04,24.073,24.157,23.99,23.99,401,0
2017-04-06,23.944,23.944,23.944,23.944,426,0
2017-04-17,23.706,23.706,23.706,23.706,205,0
2017-04-20,24.464,24.464,24.464,24.464,111,0
2017-04-21,24.444,24.444,24.334,24.334,431,0
2017-04-27,25.471,25.471,25.471,25.471,316,0
2017-04-28,25.34,25.36,25.34,25.36,727,0
2017-05-01,24.887,25.601,24.887,25.156,4160,0
2017-05-05,25.721,25.721,25.646,25.646,401,0
2017-05-08,25.681,25.681,25.557,25.557,833,0
2017-05-09,25.411,25.411,25.275,25.275,653,0
2017-05-10,24.214,24.267,24.214,24.267,401,0
2017-05-30,24.67,25.042,24.67,25.042,552,0
2017-06-02,25.471,25.896,25.471,25.896,300,0
2017-06-05,25.431,25.595,25.431,25.595,866,0
2017-06-07,25.22,25.22,25.22,25.22,802,0
2017-06-12,26.029,26.029,26.029,26.029,130,0
2017-06-13,26.349,26.349,26.349,26.349,103,0
2017-06-14,26.539,26.608,26.539,26.539,1203,0
2017-06-15,26.269,26.269,26.105,26.105,902,0
2017-06-16,26.679,26.679,26.037,26.037,711,0
2017-06-21,26.908,26.917,26.84,26.84,2042,0
2017-06-22,27.047,27.057,27.047,27.057,833,0
2017-06-23,27.307,27.337,27.197,27.337,947,0
2017-06-26,27.626,27.626,27.257,27.331,439,0
2017-06-29,27.377,27.377,27.377,27.377,1002,0
2017-06-30,27.107,27.403,27.107,27.362,1919,0
2017-07-03,27.303,27.303,26.235,26.235,1102,0
2017-07-05,27.482,27.482,27.482,27.482,348,0
2017-07-10,27.033,27.123,27.033,27.083,501,0
2017-07-11,26.696,26.696,26.696,26.696,501,0
2017-07-14,26.963,27.013,26.91,27.013,4224,0
2017-07-17,26.863,26.863,26.863,26.863,801,0
2017-07-18,26.963,26.963,26.963,26.963,1308,0
2017-07-19,26.804,26.963,26.803,26.963,2279,0
2017-07-20,27.263,27.263,27.128,27.128,561,0
2017-07-24,27.073,27.073,27.073,27.073,321,0
2017-07-25,26.789,26.789,26.789,26.789,100,0
2017-07-31,27.143,27.143,27.143,27.143,665,0
2017-08-01,26.858,26.858,26.858,26.858,1001,0
2017-08-02,26.135,26.135,26.135,26.135,579,0
2017-08-08,26.784,27.193,26.784,27.013,759,0
2017-08-09,27.048,27.048,27.048,27.048,140,0
2017-08-10,27.013,27.013,27.013,27.013,462,0
2017-08-15,27.668,27.668,27.442,27.442,651,0
2017-08-16,27.343,27.627,27.343,27.627,1264,0
2017-08-18,27.254,27.254,27.254,27.254,128,0
2017-08-22,28.061,28.171,28.061,28.171,326,0
2017-08-23,28.111,28.112,28.082,28.092,953,0
2017-08-24,28.091,28.091,28.091,28.091,100,0
2017-08-25,28.131,28.131,28.131,28.131,100,0
2017-08-29,27.29,27.29,27.29,27.29,100,0
2017-08-30,27.243,28.211,27.203,28.211,1406,0
2017-08-31,28.052,28.052,28.052,28.052,110,0
2017-09-12,28.541,28.546,28.541,28.546,604,0
2017-09-14,28.874,28.883,28.874,28.883,274,0
2017-09-18,28.841,28.841,28.328,28.328,300,0
2017-09-19,28.96,28.96,28.96,28.96,172,0
2017-09-20,28.461,28.711,28.461,28.613,1452,0
2017-09-21,29.31,29.31,28.325,28.325,1868,0
2017-09-22,28.461,28.461,28.461,28.461,425,0
2017-09-27,28.731,28.761,28.731,28.761,416,0
2017-09-28,28.461,28.461,28.261,28.291,538,0
2017-09-29,27.6665,27.6665,27.6665,27.6665,140,0
2017-10-02,28.72,28.749,28.72,28.749,520,0
2017-10-03,28.75,28.77,28.368,28.368,400,0
2017-10-06,29.09,29.11,29.09,29.11,382,0
2017-10-10,27.8852,27.8852,27.8852,27.8852,203,0
2017-10-11,28.51,28.51,28.51,28.51,502,0
2017-10-12,28.9039,28.91,28.9039,28.91,403,0
2017-10-13,28.6633,28.675,28.6633,28.675,439,0
2017-10-16,28.55,28.8753,28.55,28.7561,1323,0
2017-10-17,28.55,28.55,28.55,28.55,1205,0
2017-10-18,29.12,29.149,29.12,29.149,845,0
2017-10-20,29.18,29.18,29.1319,29.1319,899,0
2017-10-23,28.84,28.84,28.6367,28.6367,215,0
2017-10-24,28.8937,28.9999,28.8937,28.9999,734,0
2017-10-25,28.645,28.645,28.645,28.645,251,0
2017-10-26,28.55,28.55,28.47,28.47,1011,0
2017-10-30,28.48,28.51,27.686,27.686,864,0
2017-11-01,27.6425,27.6425,27.6425,27.6425,407,0
2017-11-02,27.34,28.53,27.34,28.53,681,0
2017-11-03,28.648,28.648,28.648,28.648,113,0
2017-11-06,28.96,28.96,28.96,28.96,253,0
2017-11-07,28.6806,28.6806,28.6806,28.6806,135,0
2017-11-09,28.49,28.49,28.1893,28.1893,552,0
2017-11-15,28.5700,28.5700,28.5010,28.5010,300,0
2017-11-16,28.5900,29.4690,28.5900,29.4690,1900,0
2017-11-17,29.0000,29.2450,29.0000,29.0520,2600,0
2017-11-20,29.0520,29.0520,29.0520,29.0520,-,0
2017-11-21,29.3900,29.6900,29.3900,29.6900,600,0
2017-11-22,29.4600,29.6500,29.4600,29.6400,1000,0
2017-11-24,29.5400,29.5400,29.5400,29.5400,500,0
2017-11-27,29.5400,29.5400,29.5400,29.5400,-,0
2017-11-28,29.6700,29.6700,29.6700,29.6700,1800,0
2017-11-29,29.8970,30.0500,29.6830,29.6830,2000,0
2017-11-30,29.6830,29.6830,29.6830,29.6830,100,0
2017-12-01,29.8580,30.0000,29.8580,30.0000,1000,0
2017-12-04,30.2400,30.2400,30.0200,30.0200,1300,0
2017-12-05,29.5620,29.8800,29.5620,29.8800,800,0
2017-12-06,29.5660,30.0700,29.5660,29.7990,1500,0
2017-12-07,29.7990,29.7990,29.7990,29.7990,-,0
2017-12-08,29.7990,29.7990,29.7990,29.7990,-,0
2017-12-11,30.1700,30.1700,30.1700,30.1700,300,0
2017-12-12,30.2800,30.6300,30.2800,30.6250,1100,0
2017-12-13,30.5700,30.5700,30.2400,30.2400,2100,0
2017-12-14,30.5000,30.8400,30.2500,30.5500,1600,0
2017-12-15,30.7400,30.7400,30.4120,30.4120,400,0
2017-12-18,30.7000,30.7000,30.7000,30.7000,400,0
2017-12-19,30.6000,30.6600,30.6000,30.6600,900,0
2017-12-20,30.6000,30.6000,30.3000,30.3000,500,0
2017-12-21,30.5980,30.5980,30.5980,30.5980,100,0
2017-12-22,30.6000,30.6000,30.5300,30.5300,600,0
2017-12-26,30.5300,30.5300,30.5300,30.5300,-,0
2017-12-27,31.0700,31.2290,30.9090,30.9090,3700,0
2017-12-28,31.0800,31.1700,30.8000,30.8000,3200,0
2017-12-29,31.3000,31.3000,31.0000,31.0000,800,0
2018-01-02,31.0780,31.0780,31.0780,31.0780,400,0
2018-01-03,30.8900,31.2000,30.8900,31.0360,2400,0
2018-01-04,31.0500,31.0500,30.9900,30.9900,1800,0
2018-01-05,31.5800,31.5800,31.0440,31.0440,3500,0
2018-01-08,31.1050,32.1600,31.1050,32.1100,4400,0
2018-01-09,31.9900,32.1500,31.3740,31.4710,4400,0
2018-01-10,31.4620,31.5000,31.3140,31.5000,1000,0
2018-01-11,32.1800,32.3300,31.9900,32.3300,2000,0
2018-01-12,32.3300,32.4100,32.1300,32.4100,700,0
2018-01-16,32.3300,32.3300,31.6900,32.3000,3300,0
2018-01-17,32.4000,32.4000,31.7590,32.2300,700,0
2018-01-18,32.6000,32.6200,32.0000,32.0000,4100,0
2018-01-19,32.3200,32.9600,32.0180,32.0180,1000,0
2018-01-22,32.9100,32.9850,32.9100,32.9850,1200,0
2018-01-23,33.1200,33.5000,33.0000,33.3100,3400,0
2018-01-24,34.1000,34.1500,33.6500,33.9600,8000,0
2018-01-25,33.6200,34.4660,33.5000,34.4660,5100,0
2018-01-26,33.9700,34.0050,33.6600,33.6600,3600,0
2018-01-29,33.6700,33.9540,33.5900,33.5900,8600,0
2018-01-30,33.5000,33.5000,32.6600,33.4210,7400,0
2018-01-31,33.7000,33.8700,32.6260,32.9500,5300,0
2018-02-01,33.1600,33.1600,32.7030,32.7030,500,0
2018-02-02,31.9300,32.1550,31.9300,32.1550,700,0
2018-02-05,31.3400,31.7950,31.0000,31.0000,13000,0
2018-02-06,30.8000,30.9900,30.2780,30.6170,4000,0
2018-02-07,30.8400,31.0000,30.8400,31.0000,500,0
2018-02-08,31.1400,31.3680,31.1000,31.3680,2200,0
2018-02-09,31.2200,31.2200,29.7220,29.7220,600,0
2018-02-12,31.5880,31.5880,31.1660,31.1660,700,0
2018-02-13,30.8310,31.6190,30.8000,31.6190,500,0
2018-02-14,31.2900,31.9060,31.1100,31.9060,2200,0
2018-02-15,32.2300,32.3000,31.9070,32.0900,1300,0
2018-02-16,32.0900,32.0900,32.0900,32.0900,-,0
2018-02-20,32.6900,32.6900,32.3950,32.5200,1000,0
2018-02-21,32.5100,32.6170,32.4000,32.4000,1400,0
2018-02-22,32.6790,32.7900,31.9550,31.9610,2500,0
2018-02-23,32.7400,32.7400,31.8140,32.0050,500,0
2018-02-26,32.4700,33.2500,32.3350,32.9600,1300,0
2018-02-27,32.6500,32.8050,32.6270,32.6270,900,0
2018-02-28,32.5200,32.7350,31.8800,31.8800,1300,0
2018-03-01,-,-,-,-,-,0
2018-03-02,31.1000,31.1000,31.1000,31.1000,-,0
2018-03-05,31.8890,32.2520,31.8890,32.2520,700,0
2018-03-06,31.4450,32.2420,31.4450,32.2420,900,0
2018-03-07,31.5100,32.5660,31.5100,32.5660,1400,0
2018-03-08,32.5660,32.5660,32.5660,32.5660,-,0
2018-03-09,32.0200,32.4810,32.0200,32.4810,1500,0
2018-03-12,33.0000,33.0000,32.7880,32.9300,1900,0
2018-03-13,33.0000,33.0000,32.7350,32.7350,2800,0
2018-03-14,33.0050,33.0050,32.5450,32.9310,700,0
2018-03-15,32.6900,32.6900,32.6900,32.6900,200,0
2018-03-16,32.0500,32.9050,31.8800,32.9050,1000,0
2018-03-19,32.0500,32.0500,32.0500,32.0500,400,0
2018-03-20,32.0640,32.2000,32.0640,32.2000,500,0
2018-03-21,32.2000,32.2000,32.2000,32.2000,-,0
2018-03-22,32.5000,32.5000,32.3420,32.4370,600,0
2018-03-23,32.3980,32.4950,32.2500,32.2500,400,0
2018-03-26,32.2500,32.2500,32.0000,32.0000,400,0
2018-03-27,32.0000,32.0000,32.0000,32.0000,-,0
2018-03-28,32.2500,32.2500,32.2500,32.2500,400,0
2018-03-29,32.2100,32.2100,32.2100,32.2100,200,0
2018-04-02,32.0900,32.1500,32.0900,32.1500,400,0
2018-04-03,32.1500,32.1500,32.1500,32.1500,-,0
2018-04-04,31.8300,31.8300,30.7300,31.6700,2600,0
2018-04-05,31.6700,31.6700,31.6700,31.6700,-,0
2018-04-06,32.5600,32.5600,31.7800,31.9280,3200,0
2018-04-09,32.5200,32.6000,32.1147,32.5200,874,0