Date,Open,High,Low,Close,Volume,OpenInt
2017-04-06,19.184,19.562,19.184,19.184,10117585,0
2017-04-07,18.866,18.965,18.514,18.915,2295613,0
2017-04-10,19.105,19.403,19.065,19.224,4804631,0
2017-04-11,19.274,19.294,18.328,18.607,1717443,0
2017-04-12,18.507,18.935,18.497,18.876,3632388,0
2017-04-13,18.796,18.915,18.537,18.895,946803,0
2017-04-17,18.856,19.153,18.716,18.915,594867,0
2017-04-18,18.905,18.925,18.388,18.786,957412,0
2017-04-19,18.915,18.95,18.746,18.766,1063754,0
2017-04-20,18.587,18.856,18.537,18.577,1192903,0
2017-04-21,18.447,18.786,18.378,18.716,1421890,0
2017-04-24,18.716,19.413,18.567,19.204,1853053,0
2017-04-25,19.304,19.403,19.026,19.095,624772,0
2017-04-26,19.184,19.254,18.786,18.955,570096,0
2017-04-27,18.905,19.045,18.587,18.945,475767,0
2017-04-28,18.846,18.965,18.796,18.895,399821,0
2017-05-01,19.304,20.01,18.945,19.005,2214358,0
2017-05-02,19.503,19.513,19.065,19.085,1395260,0
2017-05-03,19.304,19.433,18.706,18.925,480903,0
2017-05-04,19.025,19.065,18.905,18.905,496613,0
2017-05-05,18.975,19.149,18.915,18.915,2027275,0
2017-05-08,18.925,18.965,18.677,18.736,524479,0
2017-05-09,18.846,18.846,18.219,18.487,600486,0
2017-05-10,18.427,18.697,18.159,18.318,842025,0
2017-05-11,18.915,19.005,18.477,18.945,1452892,0
2017-05-12,19.005,19.005,18.313,18.507,525103,0
2017-05-15,18.537,19.314,18.437,18.537,951458,0
2017-05-16,18.627,18.826,18.417,18.697,626729,0
2017-05-17,18.617,18.617,17.611,18.457,1294090,0
2017-05-18,18.497,18.985,18.119,18.746,485949,0
2017-05-19,18.776,18.975,18.437,18.537,561783,0
2017-05-22,18.477,18.617,18.269,18.467,533682,0
2017-05-23,18.627,18.995,18.517,18.995,1007879,0
2017-05-24,18.895,19.642,18.627,19.543,943709,0
2017-05-25,19.473,20.13,19.473,20.03,1121809,0
2017-05-26,19.98,20.06,19.403,19.523,727227,0
2017-05-30,19.443,19.936,19.274,19.762,797522,0
2017-05-31,19.692,19.881,19.234,19.772,530867,0
2017-06-01,19.832,19.921,19.443,19.921,699696,0
2017-06-02,20,20.24,19.846,19.871,453661,0
2017-06-05,19.99,20.03,19.488,19.97,577870,0
2017-06-06,19.842,20.21,19.802,19.832,482543,0
2017-06-07,19.951,20.339,19.832,20.339,611328,0
2017-06-08,20.408,20.956,20.12,20.936,690480,0
2017-06-09,20.906,21.275,20.821,21.275,1361745,0
2017-06-12,21.136,22.032,21.016,21.584,790263,0
2017-06-13,21.733,21.859,21.424,21.723,635362,0
2017-06-14,21.743,21.902,21.096,21.414,529456,0
2017-06-15,21.374,21.442,21.016,21.136,495147,0
2017-06-16,21.136,21.384,20.806,21.076,2194572,0
2017-06-19,21.066,21.474,20.866,21.265,727022,0
2017-06-20,21.206,21.275,20.658,21.036,743652,0
2017-06-21,21.166,21.245,20.668,20.866,471244,0
2017-06-22,20.866,21.216,20.668,20.768,739106,0
2017-06-23,20.748,21.126,20.428,20.906,3585564,0
2017-06-26,20.946,21.284,20.806,20.866,436435,0
2017-06-27,20.926,21.265,20.826,21.016,479829,0
2017-06-28,21.166,21.804,21.051,21.615,519564,0
2017-06-29,21.595,22.104,21.415,22.074,548373,0
2017-06-30,22.144,22.503,21.914,22.323,440281,0
2017-07-03,22.323,23.072,22.024,22.992,474759,0
2017-07-05,22.942,23.032,22.363,22.533,676734,0
2017-07-06,22.403,22.433,21.954,21.994,389265,0
2017-07-07,22.004,22.423,21.954,22.194,274133,0
2017-07-10,22.273,22.273,21.455,21.515,775864,0
2017-07-11,21.615,21.874,21.036,21.196,595821,0
2017-07-12,21.256,21.665,21.256,21.505,500770,0
2017-07-13,21.415,21.595,21.066,21.146,580768,0
2017-07-14,21.206,21.685,21.206,21.375,470271,0
2017-07-17,21.375,21.814,20.677,20.876,768644,0
2017-07-18,20.777,21.196,20.547,20.577,443451,0
2017-07-19,20.657,20.986,20.357,20.477,492642,0
2017-07-20,20.497,20.557,20.158,20.417,283952,0
2017-07-21,20.537,21.136,20.298,20.906,416546,0
2017-07-24,20.866,21.285,20.657,21.206,458508,0
2017-07-25,21.465,22.104,21.385,21.844,511574,0
2017-07-26,21.884,21.994,21.505,21.884,667718,0
2017-07-27,21.954,22.014,21.016,21.096,324877,0
2017-07-28,20.976,21.735,20.966,21.605,273837,0
2017-07-31,21.595,21.779,21.266,21.575,348123,0
2017-08-01,21.295,21.368,20.427,21.156,1111224,0
2017-08-02,20.976,21.375,20.747,21.276,1018904,0
2017-08-03,21.246,21.755,21.016,21.715,643742,0
2017-08-04,21.705,21.824,21.266,21.295,251324,0
2017-08-07,21.305,21.495,21.036,21.355,313011,0
2017-08-08,21.465,21.635,21.096,21.156,295051,0
2017-08-09,21.056,21.196,20.787,21.046,337880,0
2017-08-10,20.936,21.136,20.537,20.577,323657,0
2017-08-11,20.298,21.026,20.138,20.876,374960,0
2017-08-14,21.086,21.455,21.086,21.335,288342,0
2017-08-15,21.415,21.665,21.385,21.455,387124,0
2017-08-16,21.515,21.904,21.146,21.256,415943,0
2017-08-17,21.176,21.375,20.846,21.116,474995,0
2017-08-18,20.986,21.375,20.866,21.315,420017,0
2017-08-21,21.345,21.445,21.116,21.166,260425,0
2017-08-22,21.126,22.054,21.126,21.944,589779,0
2017-08-23,21.715,21.894,21.425,21.635,307916,0
2017-08-24,21.705,21.764,21.126,21.385,292286,0
2017-08-25,21.405,21.794,21.355,21.595,186827,0
2017-08-28,21.834,22.683,21.824,22.423,863982,0
2017-08-29,22.353,23.052,22.104,22.952,511771,0
2017-08-30,22.982,23.255,22.563,22.573,347020,0
2017-08-31,22.703,22.703,22.194,22.204,402394,0
2017-09-01,22.403,23.072,22.283,22.832,314175,0
2017-09-05,22.842,23.042,22.673,22.752,163517,0
2017-09-06,22.952,23.012,22.623,22.663,175651,0
2017-09-07,22.762,22.762,22.463,22.693,123120,0
2017-09-08,22.653,23.221,22.473,23.162,197999,0
2017-09-11,23.241,23.561,23.062,23.142,219001,0
2017-09-12,23.152,23.83,22.982,23.331,250940,0
2017-09-13,23.341,23.341,22.742,22.802,262092,0
2017-09-14,22.962,23.182,22.703,23.062,417602,0
2017-09-15,23.122,23.471,22.952,23.381,661779,0
2017-09-18,23.471,24.07,23.321,23.91,315193,0
2017-09-19,24.01,24.14,23.61,23.62,465735,0
2017-09-20,23.58,24.59,23.56,24.35,325327,0
2017-09-21,24.35,24.82,24.1,24.79,383645,0
2017-09-22,24.79,26.86,24.34,24.38,369688,0
2017-09-25,24.36,24.4,23.96,23.97,186307,0
2017-09-26,24.01,24.74,23.773,24.47,437031,0
2017-09-27,24.59,24.98,24.52,24.78,229866,0
2017-09-28,24.84,24.96,24.58,24.59,227608,0
2017-09-29,24.8,25.6499,24.72,25.3,767861,0
2017-10-02,25.25,25.29,24.72,24.94,396833,0
2017-10-03,25.16,25.34,24.87,25.11,612264,0
2017-10-04,25.12,25.12,24.75,24.79,466327,0
2017-10-05,24.84,24.94,24.58,24.8,309440,0
2017-10-06,24.85,25.05,24.7001,24.77,233427,0
2017-10-09,24.74,24.74,24.3,24.49,377547,0
2017-10-10,24.63,24.77,24.16,24.4,418991,0
2017-10-11,24.34,24.56,24.32,24.4,280686,0
2017-10-12,24.37,24.96,24.34,24.82,726233,0
2017-10-13,24.94,24.95,24.08,24.3,445076,0
2017-10-16,24.4,24.46,23.31,23.77,716216,0
2017-10-17,24.09,24.81,23.84,24.53,1063373,0
2017-10-18,24.72,24.92,24.4399,24.69,614032,0
2017-10-19,24.64,24.9,24.38,24.87,370609,0
2017-10-20,25.2,25.73,25.2,25.72,520887,0
2017-10-23,25.9,25.9,25.55,25.7,189344,0
2017-10-24,27.6,28.32,25.72,26.41,1356869,0
2017-10-25,26.49,26.72,26.145,26.37,854354,0
2017-10-26,26.59,27.84,26.3883,27.22,983250,0
2017-10-27,27.395,27.89,26.48,26.83,462201,0
2017-10-30,26.57,26.62,25.79,26,414495,0
2017-10-31,25.96,26.375,25.96,26.19,262904,0
2017-11-01,26.38,26.5,25.74,25.97,205918,0
2017-11-02,25.97,26.34,25.71,25.78,527946,0
2017-11-03,25.78,25.92,25.46,25.49,429258,0
2017-11-06,25.44,25.95,25.23,25.5,1223075,0
2017-11-07,25,25,23.5,24.8,1440189,0
2017-11-08,25.84,25.84,24.5,25.01,971193,0
2017-11-09,24.65,25.35,23.79,25.07,2810540,0
2017-11-10,25.13,25.4,24.77,24.82,497859,0
2017-11-15,24.50,24.69,23.95,24.01,351900,0
2017-11-16,24.24,24.71,24.15,24.53,663900,0
2017-11-17,24.39,24.39,23.86,23.99,435500,0
2017-11-20,24.07,24.47,23.98,24.41,283600,0
2017-11-21,24.56,24.93,24.38,24.69,361200,0
2017-11-22,24.72,24.99,24.72,24.87,200600,0
2017-11-24,24.97,26.07,24.80,24.88,366700,0
2017-11-27,24.81,25.17,24.71,24.94,406400,0
2017-11-28,25.02,25.70,25.02,25.54,554900,0
2017-11-29,25.62,26.11,25.25,25.88,555600,0
2017-11-30,26.05,26.49,25.80,26.23,705200,0
2017-12-01,26.31,26.66,25.66,26.55,473300,0
2017-12-04,27.02,27.83,26.67,26.76,808200,0
2017-12-05,26.72,27.00,26.41,26.43,597700,0
2017-12-06,26.35,26.85,26.35,26.64,371900,0
2017-12-07,26.58,27.46,26.58,27.17,631300,0
2017-12-08,27.36,27.36,26.77,27.02,322100,0
2017-12-11,27.02,27.14,26.57,26.61,296600,0
2017-12-12,26.60,27.03,26.56,26.67,364100,0
2017-12-13,26.79,27.58,26.79,27.41,501300,0
2017-12-14,27.50,27.59,26.72,26.85,414500,0
2017-12-15,26.96,27.50,26.90,27.42,1477000,0
2017-12-18,27.57,28.04,27.24,27.55,533100,0
2017-12-19,27.68,27.87,27.50,27.86,422100,0
2017-12-20,28.00,28.87,27.93,28.22,2050900,0
2017-12-21,28.41,28.53,27.41,27.89,1607700,0
2017-12-22,28.04,28.78,27.72,28.44,1135600,0
2017-12-26,28.47,28.82,28.06,28.50,1942300,0
2017-12-27,28.58,29.36,28.41,28.96,916100,0
2017-12-28,28.85,28.85,28.35,28.54,430500,0
2017-12-29,28.75,28.93,28.42,28.56,525200,0
2018-01-02,28.80,28.98,28.06,28.75,773800,0
2018-01-03,28.69,28.69,27.99,28.31,656300,0
2018-01-04,27.87,28.56,27.30,27.84,1353100,0
2018-01-05,28.07,28.46,27.37,27.70,903700,0
2018-01-08,27.72,28.34,27.65,28.27,1383600,0
2018-01-09,28.38,28.50,28.06,28.32,793500,0
2018-01-10,28.29,28.85,28.21,28.37,556500,0
2018-01-11,28.56,29.27,28.48,29.08,760200,0
2018-01-12,29.08,29.10,28.67,28.98,476700,0
2018-01-16,29.18,29.18,27.69,27.97,743700,0
2018-01-17,28.14,28.33,27.70,28.05,530800,0
2018-01-18,28.11,28.61,28.05,28.42,449300,0
2018-01-19,28.54,29.22,28.42,29.21,601500,0
2018-01-22,29.20,29.77,29.14,29.76,396200,0
2018-01-23,29.83,29.92,29.49,29.52,290800,0
2018-01-24,29.52,29.67,29.00,29.10,451000,0
2018-01-25,29.09,29.25,28.64,28.90,201900,0
2018-01-26,28.97,29.36,28.86,29.24,294300,0
2018-01-29,29.07,29.56,29.07,29.28,345900,0
2018-01-30,28.92,29.07,28.18,28.39,392900,0
2018-01-31,28.79,29.35,28.61,29.28,621400,0
2018-02-01,29.06,30.00,28.89,29.99,1124500,0
2018-02-02,29.00,29.72,28.26,29.08,1180600,0
2018-02-05,28.65,28.72,26.96,27.15,3857100,0
2018-02-06,26.72,27.57,26.55,27.14,940700,0
2018-02-07,27.06,28.41,27.06,27.96,1557300,0
2018-02-08,27.92,28.11,26.77,26.78,1098700,0
2018-02-09,26.98,27.01,25.69,26.66,942100,0
2018-02-12,26.88,27.00,26.04,26.44,605500,0
2018-02-13,26.38,27.48,26.08,27.40,775600,0
2018-02-14,27.07,27.35,26.74,26.88,490600,0
2018-02-15,27.19,27.19,26.02,26.81,594600,0
2018-02-16,26.66,27.28,26.65,26.81,388200,0
2018-02-20,26.53,26.70,26.27,26.42,408400,0
2018-02-21,26.44,27.06,26.23,26.64,353800,0
2018-02-22,26.83,27.19,26.83,26.98,295700,0
2018-02-23,27.20,27.40,26.78,26.96,277100,0
2018-02-26,27.17,27.41,26.84,27.33,316100,0
2018-02-27,27.45,27.61,26.59,26.60,398900,0
2018-02-28,26.61,26.65,25.83,25.86,631300,0
2018-03-01,25.97,26.50,25.39,25.96,565700,0
2018-03-02,25.76,26.11,25.53,25.83,625600,0
2018-03-05,25.69,25.79,25.22,25.61,818600,0
2018-03-06,25.70,26.29,25.62,26.22,573100,0
2018-03-07,26.02,26.92,25.80,26.84,794200,0
2018-03-08,26.94,27.29,26.67,26.98,721800,0
2018-03-09,27.24,27.88,27.13,27.48,474400,0
2018-03-12,27.49,27.93,26.99,27.03,317300,0
2018-03-13,27.26,27.75,27.11,27.18,339500,0
2018-03-14,27.18,27.50,26.76,26.81,340800,0
2018-03-15,27.04,27.26,26.69,27.09,458500,0
2018-03-16,27.14,27.59,27.00,27.42,565500,0
2018-03-19,27.38,27.61,27.08,27.27,332100,0
2018-03-20,27.24,27.42,27.12,27.38,495300,0
2018-03-21,27.27,27.82,27.06,27.36,514900,0
2018-03-22,27.07,27.40,26.63,26.96,512000,0
2018-03-23,26.95,27.12,26.54,26.60,617800,0
2018-03-26,27.00,27.00,25.57,26.01,710100,0
2018-03-27,26.17,26.17,25.02,25.39,571800,0
2018-03-28,25.40,25.97,24.88,25.81,815400,0
2018-03-29,25.99,26.50,25.46,26.06,920000,0
2018-04-02,26.19,26.53,25.02,25.37,1015200,0
2018-04-03,25.80,26.35,25.67,26.04,843800,0
2018-04-04,25.65,25.89,25.36,25.81,417100,0
2018-04-05,25.86,26.00,25.18,25.84,603300,0
2018-04-06,25.83,25.83,24.66,24.90,1118600,0
2018-04-09,25.05,25.46,24.69,25.10,798056,0