Date,Open,High,Low,Close,Volume,OpenInt
2016-10-18,25.954,25.966,25.94,25.966,1012,0
2016-10-20,26.21,26.21,26.073,26.073,662,0
2016-11-07,26.191,26.228,26.191,26.228,709,0
2016-11-09,25.352,26.611,25.352,26.611,1010,0
2016-11-14,28.353,28.353,28.353,28.353,3,0
2016-11-21,28.593,28.593,28.593,28.593,226,0
2016-11-22,28.821,28.821,28.741,28.741,5217,0
2016-11-23,28.851,28.851,28.851,28.851,206,0
2016-11-28,28.751,28.751,28.748,28.748,1215,0
2016-11-29,28.761,28.761,28.761,28.761,100,0
2016-11-30,28.9,28.997,28.9,28.997,969,0
2016-12-01,29.254,29.254,29.254,29.254,344,0
2016-12-06,29.454,29.454,29.438,29.438,303,0
2016-12-07,29.641,30.126,29.641,30.086,9439,0
2016-12-08,30.333,30.437,30.243,30.437,5930,0
2016-12-09,30.491,30.491,30.289,30.303,1968,0
2016-12-14,30.194,30.194,30.163,30.163,1382,0
2016-12-15,30.154,30.278,30.154,30.274,2125,0
2016-12-19,30.163,30.163,30.163,30.163,1179,0
2016-12-21,30.152,30.223,30.152,30.208,1193,0
2016-12-22,30,30.005,30,30.005,1449,0
2016-12-29,29.876,29.876,29.806,29.806,384,0
2016-12-30,29.753,29.753,29.753,29.753,354,0
2017-01-03,29.995,30.075,29.866,30.015,4046,0
2017-01-04,30.362,30.362,30.358,30.358,1915,0
2017-01-09,30.183,30.183,29.955,30.041,586,0
2017-01-10,30.193,30.193,30.193,30.193,619,0
2017-01-11,30.163,30.163,30.075,30.085,6900,0
2017-01-12,30.011,30.011,30.011,30.011,201,0
2017-01-13,30.075,30.075,30.075,30.075,100,0
2017-01-17,30.005,30.005,29.8,29.82,1758,0
2017-01-18,29.866,29.9,29.866,29.9,216,0
2017-01-19,29.84,29.846,29.84,29.846,1835,0
2017-01-20,29.896,29.896,29.896,29.896,100,0
2017-01-23,29.786,29.786,29.588,29.588,302,0
2017-01-24,30.005,30.005,30.005,30.005,100,0
2017-01-25,30.24,30.24,30.223,30.223,226,0
2017-01-26,30.193,30.233,30.193,30.193,2272,0
2017-01-27,29.945,29.957,29.945,29.957,1125,0
2017-01-30,29.955,29.955,29.955,29.955,167,0
2017-01-31,29.776,29.786,29.697,29.786,901,0
2017-02-01,29.826,29.842,29.816,29.842,1291,0
2017-02-02,29.726,29.756,29.726,29.756,1784,0
2017-02-03,30.075,30.105,30.075,30.105,2168,0
2017-02-06,30.132,30.135,30.12,30.135,12180,0
2017-02-07,30.253,30.253,30.015,30.015,2393,0
2017-02-08,29.947,30.005,29.947,30.005,328,0
2017-02-13,30.687,30.687,30.687,30.687,111,0
2017-02-14,30.955,30.978,30.955,30.978,404,0
2017-02-16,31.265,31.265,31.151,31.151,5477,0
2017-02-17,31.107,31.186,31.107,31.148,1851,0
2017-02-21,31.473,31.473,31.393,31.393,985,0
2017-02-23,31.652,31.652,31.486,31.486,768,0
2017-02-27,31.384,31.473,31.384,31.473,1067,0
2017-02-28,31.414,31.414,31.285,31.285,367,0
2017-03-01,31.761,31.895,31.761,31.895,640,0
2017-03-02,31.771,31.771,31.633,31.633,704,0
2017-03-03,31.612,31.612,31.513,31.513,1523,0
2017-03-06,31.593,31.593,31.26,31.26,3803,0
2017-03-07,31.175,31.225,31.175,31.176,2025,0
2017-03-08,31.354,31.354,31.295,31.295,505,0
2017-03-09,31.324,31.324,31.255,31.255,675,0
2017-03-10,31.275,31.275,31.146,31.235,1716,0
2017-03-13,31.235,31.235,31.235,31.235,131,0
2017-03-15,31.126,31.203,31.126,31.203,352,0
2017-03-20,31.131,31.131,30.832,30.832,4083,0
2017-03-21,30.753,30.753,30.226,30.226,2266,0
2017-03-22,30.018,30.147,30.018,30.113,1243,0
2017-03-23,30.276,30.276,30.276,30.276,134,0
2017-03-24,30.276,30.276,30.17,30.17,1157,0
2017-03-27,29.987,30.093,29.978,30.093,1140,0
2017-03-28,30.425,30.435,30.415,30.434,9764,0
2017-03-31,30.674,30.674,30.636,30.636,320,0
2017-04-03,30.634,30.634,30.346,30.346,509,0
2017-04-04,30.407,30.415,30.405,30.405,1966,0
2017-04-05,30.475,30.475,30.475,30.475,266,0
2017-04-07,30.405,30.421,30.405,30.421,2460,0
2017-04-11,30.346,30.356,30.346,30.356,1288,0
2017-04-13,30.326,30.326,30.326,30.326,106,0
2017-04-17,30.147,30.166,30.068,30.161,1158,0
2017-04-18,29.984,29.984,29.984,29.984,100,0
2017-04-20,30.196,30.196,30.196,30.196,231,0
2017-04-21,27.394,30.166,27.394,30.166,714,0
2017-04-24,30.684,30.684,30.684,30.684,201,0
2017-04-25,30.842,30.842,30.802,30.802,619,0
2017-04-27,30.773,30.773,30.773,30.773,568,0
2017-04-28,30.842,30.842,30.763,30.763,510,0
2017-05-02,30.644,30.644,30.638,30.638,2777,0
2017-05-03,30.664,30.733,30.664,30.733,13195,0
2017-05-08,30.862,30.867,30.846,30.846,814,0
2017-05-11,30.852,30.852,30.852,30.852,100,0
2017-05-12,30.832,30.832,30.704,30.704,1179,0
2017-05-16,30.783,30.803,30.681,30.704,5176,0
2017-05-17,30.485,30.485,29.999,30.068,14441,0
2017-05-18,30.068,30.284,30.068,30.156,4617,0
2017-05-19,30.356,30.525,30.296,30.415,6816,0
2017-05-22,30.575,30.575,30.445,30.525,15112,0
2017-05-23,30.634,30.709,30.505,30.654,8019,0
2017-05-24,30.763,30.763,30.642,30.733,5786,0
2017-05-25,30.892,30.892,30.743,30.812,10324,0
2017-05-26,30.802,30.837,30.724,30.822,6350,0
2017-05-30,30.822,30.822,30.724,30.733,8064,0
2017-05-31,30.812,30.812,30.465,30.541,8173,0
2017-06-01,30.788,31.016,30.788,31.011,4076,0
2017-06-02,31.001,31.081,30.937,31.001,6432,0
2017-06-05,31.001,31.059,31.001,31.031,8442,0
2017-06-06,30.952,30.952,30.808,30.852,7955,0
2017-06-07,30.936,30.977,30.921,30.977,1916,0
2017-06-08,31.061,31.27,31.061,31.171,6613,0
2017-06-09,31.29,31.508,31.29,31.458,5613,0
2017-06-12,31.588,31.647,31.419,31.514,9237,0
2017-06-13,31.568,31.655,31.568,31.655,1252,0
2017-06-14,31.677,31.707,31.431,31.683,6656,0
2017-06-15,31.528,31.558,31.349,31.488,9928,0
2017-06-16,31.283,31.293,31.243,31.243,915,0
2017-06-19,31.522,31.582,31.403,31.542,3622,0
2017-06-20,31.542,31.542,31.303,31.303,4539,0
2017-06-21,31.176,31.223,31.134,31.154,8408,0
2017-06-22,31.134,31.174,31.069,31.124,7611,0
2017-06-23,31.064,31.094,31.029,31.029,4242,0
2017-06-26,31.044,31.303,31.044,31.303,5697,0
2017-06-27,31.253,31.516,31.253,31.353,7338,0
2017-06-28,31.612,31.721,31.612,31.69,790,0
2017-06-29,31.9,31.903,31.517,31.739,2279,0
2017-06-30,31.612,31.791,31.612,31.761,4829,0
2017-07-03,31.96,32.179,31.96,32.039,1998,0
2017-07-05,32.129,32.129,31.9,32.01,5336,0
2017-07-06,31.851,31.95,31.751,31.751,4783,0
2017-07-07,31.89,31.91,31.741,31.87,4293,0
2017-07-10,31.89,31.89,31.821,31.821,1349,0
2017-07-11,31.696,31.721,31.66,31.66,2543,0
2017-07-12,31.841,31.841,31.751,31.821,9981,0
2017-07-13,31.875,31.97,31.875,31.948,2024,0
2017-07-14,31.96,32.109,31.91,32.05,3507,0
2017-07-17,32.05,32.134,32.041,32.041,4540,0
2017-07-18,31.96,31.96,31.884,31.92,9808,0
2017-07-19,31.95,32.02,31.95,32,4201,0
2017-07-20,32.109,32.109,32.046,32.046,694,0
2017-07-21,32.01,32.03,31.985,32.01,3567,0
2017-07-24,31.89,32.079,31.89,32.067,1821,0
2017-07-25,32.338,32.396,32.328,32.388,5383,0
2017-07-26,32.259,32.259,32.138,32.149,3785,0
2017-07-27,32.159,32.184,31.971,32.104,8801,0
2017-07-28,31.97,32.129,31.95,32.129,3416,0
2017-07-31,32.298,32.338,32.234,32.308,8244,0
2017-08-01,32.308,32.368,32.288,32.352,1863,0
2017-08-02,32.272,32.343,32.272,32.297,592,0
2017-08-04,32.298,32.298,32.249,32.249,636,0
2017-08-07,32.328,32.328,32.259,32.288,24118,0
2017-08-08,32.249,32.488,32.249,32.249,4947,0
2017-08-09,32.179,32.179,32.04,32.129,18488,0
2017-08-10,31.91,31.91,31.741,31.801,11232,0
2017-08-11,31.622,31.622,31.545,31.582,6685,0
2017-08-14,31.671,31.902,31.671,31.902,731,0
2017-08-15,31.791,31.853,31.791,31.851,4462,0
2017-08-16,31.758,31.758,31.709,31.709,1507,0
2017-08-17,31.602,31.629,31.263,31.263,3106,0
2017-08-18,31.204,31.283,31.116,31.164,4999,0
2017-08-21,31.223,31.223,31.074,31.078,1170,0
2017-08-22,31.134,31.343,31.134,31.343,1922,0
2017-08-23,31.383,31.393,31.365,31.393,1902,0
2017-08-24,31.353,31.433,31.303,31.303,1071,0
2017-08-25,31.452,31.522,31.403,31.492,1441,0
2017-08-28,31.353,31.353,31.293,31.303,854,0
2017-08-29,31.253,31.293,31.134,31.293,3913,0
2017-08-30,31.288,31.403,31.288,31.343,898,0
2017-08-31,31.462,31.502,31.449,31.502,3526,0
2017-09-01,31.784,31.784,31.771,31.771,1094,0
2017-09-05,31.542,31.542,31.264,31.278,4221,0
2017-09-06,31.403,31.512,31.363,31.47,4077,0
2017-09-07,31.283,31.283,31.186,31.214,875,0
2017-09-08,31.273,31.343,31.273,31.333,1958,0
2017-09-11,31.612,31.771,31.612,31.761,1739,0
2017-09-12,31.87,32.04,31.87,32,881,0
2017-09-13,32.04,32.079,32.04,32.054,6214,0
2017-09-14,31.94,31.94,31.94,31.94,100,0
2017-09-15,31.96,31.96,31.96,31.96,190,0
2017-09-18,32.2,32.2,32.1932,32.1932,778,0
2017-09-19,32.2,32.2305,32.17,32.19,4703,0
2017-09-20,32.14,32.24,32.14,32.1999,5551,0
2017-09-21,32.2033,32.249,32.2033,32.249,368,0
2017-09-22,32.2078,32.2078,32.1675,32.197,744,0
2017-09-25,32.4,32.4,32.4,32.4,379,0
2017-09-26,32.465,32.5,32.405,32.4624,10903,0
2017-09-27,32.62,32.7232,32.568,32.6503,1528,0
2017-09-28,32.62,32.6614,32.55,32.65,1666,0
2017-09-29,32.74,32.7615,32.67,32.67,2055,0
2017-10-02,32.869,32.98,32.8632,32.98,3586,0
2017-10-03,32.99,33.18,32.99,33.18,5780,0
2017-10-04,33.31,33.31,33.19,33.2,3987,0
2017-10-05,33.28,33.42,33.2676,33.3598,1830,0
2017-10-06,33.37,33.3701,33.26,33.28,7181,0
2017-10-09,33.06,33.06,33.06,33.06,365,0
2017-10-10,33.25,33.25,33.1236,33.1324,3044,0
2017-10-11,33.2,33.26,33.2,33.22,748,0
2017-10-12,33.11,33.1341,33.078,33.078,1100,0
2017-10-13,33.07,33.07,32.93,33.0325,3795,0
2017-10-16,33.05,33.09,32.94,32.985,8692,0
2017-10-17,32.99,33.06,32.94,32.94,3149,0
2017-10-18,33.07,33.12,33.05,33.05,9413,0
2017-10-19,32.9,33.0874,32.87,33.0874,46439,0
2017-10-20,33.25,33.45,33.25,33.43,241422,0
2017-10-23,33.6,33.6,33.41,33.43,3157,0
2017-10-24,33.59,33.59,33.5383,33.5383,513,0
2017-10-25,33.79,33.79,33.2816,33.5,12397,0
2017-10-26,33.61,33.639,33.4686,33.4686,3859,0
2017-10-27,33.2361,33.28,33.2361,33.28,1248,0
2017-10-30,33.15,33.175,33.085,33.15,5157,0
2017-10-31,33.1424,33.1634,33.12,33.12,2128,0
2017-11-01,33.34,33.35,33.23,33.28,4237,0
2017-11-02,33.3913,33.4125,33.3913,33.4125,364,0
2017-11-03,33.3,33.3067,33.3,33.3067,1616,0
2017-11-06,33.3017,33.3017,33.2723,33.2723,631,0
2017-11-07,33.16,33.2926,33.1,33.1,4869,0
2017-11-08,32.94,33.075,32.94,33.03,602,0
2017-11-09,32.95,32.9733,32.809,32.809,5077,0
2017-11-10,33.07,33.08,33.04,33.045,5614,0
2017-11-15,32.8500,32.9100,32.7500,32.9100,4500,0
2017-11-16,33.0700,33.3280,33.0700,33.2900,11400,0
2017-11-17,33.2590,33.3480,33.2590,33.3480,500,0
2017-11-20,33.3100,33.4100,33.2920,33.3900,2500,0
2017-11-21,33.4750,33.5000,33.4500,33.4500,6400,0
2017-11-22,33.4500,33.4600,33.4300,33.4300,1700,0
2017-11-24,33.3950,33.3950,33.3950,33.3950,100,0
2017-11-27,33.3800,33.4400,33.2500,33.3100,8700,0
2017-11-28,33.6600,33.6640,33.6400,33.6640,1700,0
2017-11-29,34.1500,34.4300,34.1500,34.4300,2300,0
2017-11-30,34.7400,34.9200,34.6700,34.7200,4600,0
2017-12-01,34.8000,34.8000,34.3500,34.5880,1700,0
2017-12-04,35.0400,35.1400,34.9900,34.9900,13200,0
2017-12-05,34.8280,34.9220,34.8280,34.8580,500,0
2017-12-06,34.6700,34.7100,34.6150,34.6300,5700,0
2017-12-07,34.6000,34.7440,34.5970,34.7440,3300,0
2017-12-08,34.8210,34.9800,34.8200,34.9800,2200,0
2017-12-11,35.1000,35.1000,35.0200,35.0200,900,0
2017-12-12,35.1000,35.1000,35.1000,35.1000,100,0
2017-12-13,35.1500,35.2500,35.0560,35.0560,2500,0
2017-12-14,35.1900,35.1900,34.7800,34.7830,1000,0
2017-12-15,35.1550,35.2000,35.0900,35.0900,3200,0
2017-12-18,34.8200,34.8600,34.7890,34.8200,900,0
2017-12-19,34.9500,34.9500,34.8600,34.8650,1700,0
2017-12-20,34.8800,34.8900,34.8500,34.8900,400,0
2017-12-21,35.0000,35.0900,35.0000,35.0100,8500,0
2017-12-22,34.9500,34.9500,34.8900,34.9500,1100,0
2017-12-26,35.0050,35.0080,34.9480,34.9480,1400,0
2017-12-27,34.9090,34.9090,34.8500,34.8590,5700,0
2017-12-28,34.8930,34.9150,34.8700,34.9150,3500,0
2017-12-29,34.9700,35.1100,34.7600,34.7600,32100,0
2018-01-02,34.8500,35.0080,34.8500,34.9890,4600,0
2018-01-03,35.0000,35.2050,35.0000,35.2000,46900,0
2018-01-04,35.4400,35.5100,35.3250,35.4520,36200,0
2018-01-05,35.4900,35.5800,35.4800,35.5800,64800,0
2018-01-08,35.7200,35.7200,35.4800,35.6400,11900,0
2018-01-09,35.7100,35.8490,35.6700,35.7650,13000,0
2018-01-10,35.8550,36.0090,35.8500,35.8500,2800,0
2018-01-11,36.1400,36.2700,36.0390,36.2300,36100,0
2018-01-12,36.5000,36.7000,36.4600,36.7000,9100,0
2018-01-16,36.8750,36.8800,36.5100,36.5750,9700,0
2018-01-17,36.5600,36.8500,36.5270,36.7650,14300,0
2018-01-18,36.7900,36.8200,36.7100,36.7120,2900,0
2018-01-19,36.9400,36.9400,36.7000,36.7700,1500,0
2018-01-22,37.0300,37.0900,36.9800,37.0700,1100,0
2018-01-23,37.3100,37.3100,37.0610,37.2000,9400,0
2018-01-24,37.4400,37.4400,37.2000,37.2100,10200,0
2018-01-25,37.4800,37.4800,37.0400,37.0500,1300,0
2018-01-26,37.1700,37.3150,37.1500,37.2900,4700,0
2018-01-29,37.5300,37.5300,37.3310,37.3310,10500,0
2018-01-30,36.8400,36.8600,36.6500,36.7700,7500,0
2018-01-31,36.8050,36.8100,36.7550,36.7560,6300,0
2018-02-01,36.6100,36.6700,36.4400,36.5500,2200,0
2018-02-02,36.3400,36.3400,35.8250,35.8250,5500,0
2018-02-05,35.3300,35.7100,34.1200,34.2800,24300,0
2018-02-06,33.8200,34.8800,32.8100,34.8400,34800,0
2018-02-07,34.9500,35.4000,34.9200,34.9200,7800,0
2018-02-08,34.9050,34.9050,33.6500,33.6500,7800,0
2018-02-09,34.1800,34.1800,32.9800,33.9200,33900,0
2018-02-12,34.2700,34.5400,34.0700,34.3900,6200,0
2018-02-13,34.2600,34.5000,34.2000,34.5000,3000,0
2018-02-14,34.5700,35.1000,34.5700,35.0300,12200,0
2018-02-15,35.4500,35.4500,35.0400,35.3100,3800,0
2018-02-16,35.5100,35.5200,35.4300,35.4300,1300,0
2018-02-20,35.1000,35.1300,35.0400,35.0400,4600,0
2018-02-21,35.1600,35.2100,34.8100,34.8100,2300,0
2018-02-22,34.9280,35.1100,34.8600,34.8600,3000,0
2018-02-23,34.9620,35.0250,34.9600,35.0250,2400,0
2018-02-26,35.5000,35.6700,35.3400,35.6200,2200,0
2018-02-27,35.8900,35.8950,35.5650,35.6400,4900,0
2018-02-28,35.4150,35.4150,35.1900,35.3300,1400,0
2018-03-01,34.9000,34.9000,34.3580,34.3800,2800,0
2018-03-02,34.2500,34.6700,33.9600,34.6600,14400,0
2018-03-05,34.4500,35.0550,34.4500,35.0550,1900,0
2018-03-06,35.0290,35.1650,34.9150,35.1370,9800,0
2018-03-07,34.9000,34.9600,34.9000,34.9600,500,0
2018-03-08,34.9200,34.9200,34.9200,34.9200,1600,0
2018-03-09,35.4990,35.6700,35.4990,35.6700,1600,0
2018-03-12,35.6700,35.6700,35.6700,35.6700,200,0
2018-03-13,35.9480,35.9480,35.9480,35.9480,300,0
2018-03-14,35.5800,35.5800,35.5800,35.5800,100,0
2018-03-15,35.2900,35.2900,35.0800,35.0800,1900,0
2018-03-16,35.3150,35.3800,35.3000,35.3000,600,0
2018-03-19,34.8800,34.9400,34.8800,34.9400,500,0
2018-03-20,34.6820,34.6820,34.6300,34.6300,300,0
2018-03-21,34.8000,34.9800,34.6990,34.6990,6900,0
2018-03-22,34.3840,34.3840,34.0000,34.0000,3500,0
2018-03-23,33.6670,33.7300,32.9070,32.9070,15100,0
2018-03-26,33.4320,33.6590,33.0870,33.6590,6300,0
2018-03-27,33.8420,33.8420,33.8420,33.8420,300,0
2018-03-28,33.3200,33.4100,33.2000,33.3240,5800,0
2018-03-29,33.6700,33.8100,33.6510,33.8050,1900,0
2018-04-02,33.6200,33.6200,32.5800,32.7000,7100,0
2018-04-03,32.9900,33.2800,32.9900,33.2400,4800,0
2018-04-04,33.0900,33.5580,33.0900,33.4650,1800,0
2018-04-05,34.1000,34.2500,33.9510,34.1400,8100,0
2018-04-06,33.9400,33.9490,33.1600,33.1600,1400,0
2018-04-09,33.6810,33.9728,33.6810,33.9728,1150,0