Date,Open,High,Low,Close,Volume,OpenInt
2017-03-09,47.229,47.27,47.229,47.27,469,0
2017-03-10,47.416,47.429,47.408,47.429,503,0
2017-03-17,47.678,47.678,47.678,47.678,100,0
2017-03-20,47.678,47.678,47.678,47.678,0,0
2017-03-31,47.738,47.738,47.707,47.707,1401,0
2017-04-03,47.599,47.599,47.599,47.599,129,0
2017-04-07,47.679,47.679,47.679,47.679,415,0
2017-04-19,47.49,47.49,47.49,47.49,100,0
2017-04-24,48.086,48.086,47.818,47.818,308,0
2017-04-26,48.244,48.244,48.244,48.244,202,0
2017-04-27,48.303,48.323,48.303,48.323,403,0
2017-05-01,48.323,48.323,48.323,48.323,212,0
2017-05-08,48.522,48.522,48.522,48.522,144,0
2017-05-10,48.452,48.452,48.452,48.452,133,0
2017-05-16,48.671,48.671,48.671,48.671,145,0
2017-05-25,49.013,49.013,49.013,49.013,100,0
2017-06-08,49.404,49.444,49.402,49.402,532,0
2017-06-13,49.286,49.286,49.286,49.286,100,0
2017-06-14,49.384,49.504,49.384,49.504,792,0
2017-06-16,49.136,49.136,49.136,49.136,123,0
2017-06-19,49.384,49.384,49.384,49.384,100,0
2017-06-28,49.418,49.418,49.418,49.418,100,0
2017-07-11,49.136,49.136,49.136,49.136,104,0
2017-07-14,49.654,49.654,49.654,49.654,236,0
2017-07-18,49.823,49.823,49.766,49.766,201,0
2017-07-19,50.015,50.015,50.015,50.015,1006,0
2017-07-21,50.112,50.112,50.112,50.112,300,0
2017-07-27,50.335,50.335,50.318,50.318,404,0
2017-08-03,49.933,49.974,49.933,49.974,732,0
2017-08-21,49.126,49.179,49.126,49.179,1005,0
2017-09-14,50.788,50.788,50.778,50.778,259,0
2017-10-02,51.15,51.1896,51.15,51.1896,424,0
2017-10-10,51.57,51.685,51.57,51.685,416,0
2017-10-16,51.855,51.855,51.855,51.855,460,0
2017-10-20,52.2,52.22,52.2,52.22,461,0
2017-10-24,52.08,52.08,51.95,52.0046,1200,0
2017-11-03,52.5,52.5,52.5,52.5,1000,0
2017-11-08,52.773,52.773,52.72,52.72,440,0
2017-11-15,52.42,52.42,52.42,52.42,-,0
2017-11-16,52.43,52.65,52.43,52.58,9800,0
2017-11-17,52.52,52.52,52.46,52.49,400,0
2017-11-20,52.49,52.49,52.49,52.49,-,0
2017-11-21,52.49,52.49,52.49,52.49,-,0
2017-11-22,52.49,52.49,52.49,52.49,-,0
2017-11-24,52.49,52.49,52.49,52.49,-,0
2017-11-27,52.49,52.49,52.49,52.49,-,0
2017-11-28,52.49,52.49,52.49,52.49,-,0
2017-11-29,52.49,52.49,52.49,52.49,-,0
2017-11-30,52.49,52.49,52.49,52.49,-,0
2017-12-01,52.49,52.49,52.49,52.49,-,0
2017-12-04,52.49,52.49,52.49,52.49,-,0
2017-12-05,52.49,52.49,52.49,52.49,-,0
2017-12-06,52.49,52.49,52.49,52.49,-,0
2017-12-07,52.49,52.49,52.49,52.49,-,0
2017-12-08,52.49,52.49,52.49,52.49,-,0
2017-12-11,52.49,52.49,52.49,52.49,-,0
2017-12-12,52.49,52.49,52.49,52.49,-,0
2017-12-13,52.49,52.49,52.49,52.49,-,0
2017-12-14,52.49,52.49,52.49,52.49,-,0
2017-12-15,52.49,52.49,52.49,52.49,-,0
2017-12-18,52.49,52.49,52.49,52.49,-,0
2017-12-19,54.50,54.50,54.50,54.50,200,0
2017-12-20,54.50,54.50,54.50,54.50,100,0
2017-12-21,54.50,54.50,54.50,54.50,-,0
2017-12-22,54.50,54.50,54.50,54.50,-,0
2017-12-26,54.50,54.50,54.50,54.50,-,0
2017-12-27,54.50,54.50,54.50,54.50,-,0
2017-12-28,54.50,54.50,54.50,54.50,-,0
2017-12-29,54.28,54.32,54.28,54.28,600,0
2018-01-02,54.28,54.28,54.28,54.28,-,0
2018-01-03,54.18,54.79,54.18,54.79,400,0
2018-01-04,54.97,54.97,54.97,54.97,300,0
2018-01-05,55.60,55.60,55.60,55.60,400,0
2018-01-08,55.82,55.82,55.82,55.82,100,0
2018-01-09,55.82,55.82,55.82,55.82,-,0
2018-01-10,55.82,55.82,55.82,55.82,-,0
2018-01-11,55.98,55.98,55.98,55.98,200,0
2018-01-12,56.01,56.01,56.01,56.01,500,0
2018-01-16,56.01,56.01,56.01,56.01,-,0
2018-01-17,56.01,56.01,56.01,56.01,-,0
2018-01-18,56.01,56.01,56.01,56.01,-,0
2018-01-19,56.01,56.01,56.01,56.01,-,0
2018-01-22,56.01,56.01,56.01,56.01,-,0
2018-01-23,56.01,56.01,56.01,56.01,-,0
2018-01-24,56.01,56.01,56.01,56.01,-,0
2018-01-25,56.01,56.01,56.01,56.01,-,0
2018-01-26,56.01,56.01,56.01,56.01,-,0
2018-01-29,56.01,56.01,56.01,56.01,-,0
2018-01-30,56.01,56.01,56.01,56.01,-,0
2018-01-31,56.01,56.01,56.01,56.01,-,0
2018-02-01,56.01,56.01,56.01,56.01,-,0
2018-02-02,56.01,56.01,56.01,56.01,-,0
2018-02-05,56.01,56.01,56.01,56.01,-,0
2018-02-06,53.90,54.43,53.90,54.43,600,0
2018-02-07,54.43,54.43,54.43,54.43,-,0
2018-02-08,54.43,54.43,54.43,54.43,-,0
2018-02-09,54.43,54.43,54.43,54.43,-,0
2018-02-12,54.43,54.43,54.43,54.43,-,0
2018-02-13,54.43,54.43,54.43,54.43,-,0
2018-02-14,54.43,54.43,54.43,54.43,-,0
2018-02-15,55.32,55.34,55.26,55.34,400,0
2018-02-16,55.49,55.49,55.49,55.49,200,0
2018-02-20,55.49,55.49,55.49,55.49,-,0
2018-02-21,55.49,55.49,55.49,55.49,-,0
2018-02-22,55.49,55.49,55.49,55.49,-,0
2018-02-23,55.49,55.49,55.49,55.49,-,0
2018-02-26,55.49,55.49,55.49,55.49,-,0
2018-02-27,55.49,55.49,55.49,55.49,-,0
2018-02-28,55.49,55.49,55.49,55.49,-,0
2018-03-01,55.49,55.49,55.49,55.49,-,0
2018-03-02,54.57,54.57,54.57,54.57,100,0
2018-03-05,54.57,54.57,54.57,54.57,-,0
2018-03-06,54.57,54.57,54.57,54.57,-,0
2018-03-07,55.17,55.17,55.17,55.17,300,0
2018-03-08,55.17,55.17,55.17,55.17,-,0
2018-03-09,56.41,56.41,56.41,56.41,600,0
2018-03-12,56.41,56.41,56.41,56.41,-,0
2018-03-13,56.41,56.41,56.41,56.41,200,0
2018-03-14,56.41,56.41,56.41,56.41,-,0
2018-03-15,56.41,56.41,56.41,56.41,-,0
2018-03-16,56.41,56.41,56.41,56.41,-,0
2018-03-19,55.55,55.55,55.55,55.55,300,0
2018-03-20,55.55,55.55,55.55,55.55,-,0
2018-03-21,55.55,55.55,55.55,55.55,-,0
2018-03-22,55.55,55.55,55.55,55.55,-,0
2018-03-23,55.55,55.55,55.55,55.55,-,0
2018-03-26,53.59,53.59,53.59,53.59,500,0
2018-03-27,53.91,53.91,53.91,53.91,100,0
2018-03-28,52.71,52.71,52.71,52.71,300,0
2018-03-29,52.71,52.71,52.71,52.71,-,0
2018-04-02,52.71,52.71,52.71,52.71,-,0
2018-04-03,52.71,52.71,52.71,52.71,-,0
2018-04-04,52.71,52.71,52.71,52.71,-,0
2018-04-05,52.71,52.71,52.71,52.71,-,0
2018-04-06,52.71,52.71,52.71,52.71,-,0
2018-04-09,52.99,52.99,52.99,52.99,189,0