Date,Open,High,Low,Close,Volume,OpenInt
2017-07-14,25.198,25.32,25.198,25.28,6885,0
2017-07-17,25.4,25.4,25.37,25.38,1301,0
2017-07-18,25.25,25.25,25.172,25.1894,5161,0
2017-07-19,25.42,25.42,25.4167,25.4167,500,0
2017-07-20,25.51,25.51,25.5,25.5,2042,0
2017-07-21,25.52,25.52,25.1934,25.21,6956,0
2017-07-24,25.205,25.2058,25.19,25.19,1500,0
2017-07-25,25.5125,25.52,25.48,25.48,2530,0
2017-07-26,25.41,25.41,25.3,25.3,4000,0
2017-07-27,25.09,25.09,25.06,25.06,4700,0
2017-07-28,25.08,25.08,24.9276,24.97,15602,0
2017-07-31,24.96,25.01,24.9104,25.01,3018,0
2017-08-01,24.96,25.08,24.8976,25.06,7629,0
2017-08-02,24.9,24.9,24.701,24.701,4066,0
2017-08-03,24.66,24.66,24.644,24.644,600,0
2017-08-04,24.56,24.6,24.53,24.6,3100,0
2017-08-07,24.59,24.6372,24.5775,24.6372,2000,0
2017-08-08,24.6,24.89,24.5872,24.62,6300,0
2017-08-09,24.27,24.29,24.12,24.19,4870,0
2017-08-10,23.946,23.946,23.7962,23.7962,3172,0
2017-08-11,23.42,23.87,23.42,23.79,6500,0
2017-08-14,23.96,24.09,23.96,24.09,3301,0
2017-08-15,23.89,23.9,23.8188,23.85,2900,0
2017-08-16,23.92,23.92,23.88,23.88,2000,0
2017-08-17,23.59,23.59,23.55,23.55,4820,0
2017-08-18,23.34,23.34,23.325,23.325,2000,0
2017-08-21,23.366,23.366,23.366,23.366,500,0
2017-08-23,23.47,23.47,23.4578,23.4578,1700,0
2017-08-25,23.61,23.61,23.5912,23.5912,600,0
2017-08-29,23.91,23.91,23.8975,23.8975,1000,0
2017-08-31,24.53,24.53,24.53,24.53,1616,0
2017-09-01,24.21,24.21,24.1891,24.1891,2000,0
2017-09-05,24.2,24.2,23.95,23.95,2500,0
2017-09-06,24.21,24.21,24.081,24.081,2345,0
2017-09-07,24.04,24.08,24.04,24.05,4565,0
2017-09-08,23.98,24.02,23.966,24.02,1100,0
2017-09-11,24.3,24.3,24.3,24.3,400,0
2017-09-12,24.53,24.53,24.53,24.53,500,0
2017-09-14,24.57,24.57,24.55,24.55,293,0
2017-09-18,24.84,24.84,24.84,24.84,400,0
2017-09-19,24.78,24.78,24.78,24.78,207,0
2017-09-20,24.89,24.89,24.89,24.89,110,0
2017-09-25,25.15,25.15,25.1325,25.14,1100,0
2017-09-26,25.26,25.26,25.237,25.237,2080,0
2017-09-28,25.97,25.97,25.97,25.97,100,0
2017-09-29,25.95,25.95,25.8799,25.89,3191,0
2017-10-02,26.1,26.1,26.1,26.1,182,0
2017-10-03,26.16,26.17,26.16,26.17,11950,0
2017-10-05,26.39,26.39,26.39,26.39,200,0
2017-10-06,26.32,26.32,26.3199,26.3199,1400,0
2017-10-09,26.18,26.18,26.18,26.18,1355,0
2017-10-10,26.2,26.2,26.2,26.2,800,0
2017-10-11,26.35,26.35,26.26,26.26,1087,0
2017-10-12,26.29,26.29,26.29,26.29,175,0
2017-10-18,26.43,26.43,26.4198,26.4198,1000,0
2017-10-23,26.48,26.48,26.46,26.46,680,0
2017-10-24,26.31,26.31,26.28,26.28,356,0
2017-10-31,26.148,26.148,26.14,26.14,2700,0
2017-11-01,25.82,25.88,25.73,25.73,12637,0
2017-11-02,26.07,26.07,26.07,26.07,400,0
2017-11-03,25.93,25.93,25.93,25.93,100,0
2017-11-06,25.92,26,25.89,25.99,2800,0
2017-11-10,25.69,25.69,25.69,25.69,100,0
2017-11-13,25.69,25.69,25.69,25.69,-,0
2017-11-14,25.69,25.69,25.69,25.69,-,0
2017-11-15,25.69,25.69,25.69,25.69,-,0
2017-11-16,25.69,25.69,25.69,25.69,-,0
2017-11-17,25.69,25.69,25.69,25.69,-,0
2017-11-20,25.69,25.69,25.69,25.69,-,0
2017-11-21,25.69,25.69,25.69,25.69,-,0
2017-11-22,26.57,26.57,26.57,26.57,200,0
2017-11-24,26.57,26.57,26.57,26.57,-,0
2017-11-27,26.57,26.57,26.57,26.57,-,0
2017-11-28,26.57,26.57,26.57,26.57,-,0
2017-11-29,26.57,26.57,26.57,26.57,-,0
2017-11-30,27.28,27.28,27.15,27.15,1000,0
2017-12-01,27.05,27.05,26.55,26.90,7300,0
2017-12-04,27.29,27.46,27.17,27.18,1800,0
2017-12-05,27.05,27.05,27.05,27.05,200,0
2017-12-06,27.05,27.05,27.05,27.05,-,0
2017-12-07,26.90,26.90,26.88,26.88,500,0
2017-12-08,26.88,26.88,26.88,26.88,-,0
2017-12-11,26.88,26.88,26.88,26.88,-,0
2017-12-12,26.88,26.88,26.88,26.88,-,0
2017-12-13,26.88,26.88,26.88,26.88,-,0
2017-12-14,26.88,26.88,26.88,26.88,-,0
2017-12-15,26.88,26.88,26.88,26.88,-,0
2017-12-18,27.38,27.38,27.38,27.38,800,0
2017-12-19,27.24,27.25,27.24,27.25,400,0
2017-12-20,27.25,27.25,27.25,27.25,100,0
2017-12-21,27.25,27.25,27.25,27.25,-,0
2017-12-22,27.25,27.25,27.25,27.25,-,0
2017-12-26,27.31,27.31,27.31,27.31,100,0
2017-12-27,27.31,27.31,27.31,27.31,-,0
2017-12-28,27.31,27.31,27.31,27.31,-,0
2017-12-29,27.24,27.24,27.24,27.24,700,0
2018-01-02,27.10,27.39,27.10,27.29,3000,0
2018-01-03,27.39,27.39,27.39,27.39,500,0
2018-01-04,27.34,27.34,27.34,27.34,300,0
2018-01-05,27.34,27.34,27.34,27.34,100,0
2018-01-08,27.34,27.34,27.34,27.34,-,0
2018-01-09,27.34,27.34,27.34,27.34,-,0
2018-01-10,27.15,27.15,27.15,27.15,200,0
2018-01-11,27.15,27.15,27.15,27.15,-,0
2018-01-12,28.25,28.25,28.23,28.23,300,0
2018-01-16,28.33,28.33,28.23,28.23,800,0
2018-01-17,28.23,28.23,28.23,28.23,-,0
2018-01-18,27.90,27.90,27.90,27.90,100,0
2018-01-19,27.94,28.26,27.92,28.26,1400,0
2018-01-22,28.16,28.16,28.13,28.13,900,0
2018-01-23,28.13,28.13,28.13,28.13,-,0
2018-01-24,28.13,28.13,28.13,28.13,-,0
2018-01-25,28.00,28.02,28.00,28.02,2300,0
2018-01-26,28.02,28.02,28.02,28.02,-,0
2018-01-29,28.02,28.02,28.02,28.02,-,0
2018-01-30,27.78,27.78,27.78,27.78,200,0
2018-01-31,27.81,27.81,27.59,27.59,700,0
2018-02-01,27.59,27.59,27.59,27.59,-,0
2018-02-02,27.59,27.59,27.59,27.59,-,0
2018-02-05,26.78,26.80,26.70,26.70,3500,0
2018-02-06,26.12,26.12,26.12,26.12,300,0
2018-02-07,26.12,26.12,26.12,26.12,-,0
2018-02-08,26.00,26.00,26.00,26.00,1000,0
2018-02-09,26.00,26.00,26.00,26.00,-,0
2018-02-12,26.00,26.00,26.00,26.00,-,0
2018-02-13,26.20,26.20,26.20,26.20,400,0
2018-02-14,26.20,26.20,26.20,26.20,-,0
2018-02-15,26.20,26.20,26.20,26.20,-,0
2018-02-16,27.19,27.19,27.19,27.19,200,0
2018-02-20,27.19,27.19,27.19,27.19,-,0
2018-02-21,27.29,27.29,27.18,27.18,400,0
2018-02-22,27.18,27.18,27.18,27.18,-,0
2018-02-23,27.18,27.18,27.18,27.18,-,0
2018-02-26,27.32,27.32,27.32,27.32,300,0
2018-02-27,27.32,27.32,27.32,27.32,-,0
2018-02-28,27.32,27.32,27.32,27.32,-,0
2018-03-01,27.32,27.32,27.32,27.32,-,0
2018-03-02,27.32,27.32,27.32,27.32,-,0
2018-03-05,27.32,27.32,27.32,27.32,-,0
2018-03-06,27.32,27.32,27.32,27.32,-,0
2018-03-07,27.32,27.32,27.32,27.32,-,0
2018-03-08,27.32,27.32,27.32,27.32,-,0
2018-03-09,27.32,27.32,27.32,27.32,-,0
2018-03-12,27.32,27.32,27.32,27.32,-,0
2018-03-13,27.99,27.99,27.99,27.99,200,0
2018-03-14,27.99,27.99,27.99,27.99,-,0
2018-03-15,27.62,27.62,27.62,27.62,600,0
2018-03-16,27.62,27.62,27.62,27.62,-,0
2018-03-19,27.62,27.62,27.62,27.62,-,0
2018-03-20,27.62,27.62,27.62,27.62,-,0
2018-03-21,27.82,27.82,27.82,27.82,300,0
2018-03-22,27.82,27.82,27.82,27.82,-,0
2018-03-23,27.82,27.82,27.82,27.82,-,0
2018-03-26,27.82,27.82,27.82,27.82,-,0
2018-03-27,27.82,27.82,27.82,27.82,-,0
2018-03-28,26.89,26.89,26.89,26.89,100,0
2018-03-29,26.89,26.89,26.89,26.89,-,0
2018-04-02,26.89,26.89,26.89,26.89,-,0
2018-04-03,26.89,26.89,26.89,26.89,-,0
2018-04-04,27.05,27.05,27.05,27.05,100,0
2018-04-05,27.05,27.05,27.05,27.05,-,0
2018-04-06,27.05,27.05,27.05,27.05,-,0