Date,Open,High,Low,Close,Volume,OpenInt
2017-05-03,9.81,9.85,9.8,9.81,1352665,0
2017-05-04,9.87,9.9,9.81,9.85,72853,0
2017-05-05,9.85,9.8952,9.8398,9.88,34811,0
2017-05-08,9.9,9.97,9.87,9.97,57530,0
2017-05-09,9.96,9.96,9.8979,9.91,61174,0
2017-05-10,9.9,9.92,9.8932,9.9,39937,0
2017-05-11,9.9,9.92,9.88,9.9,118837,0
2017-05-12,9.92,9.93,9.9,9.9,27061,0
2017-05-15,9.94,9.94,9.9,9.92,147692,0
2017-05-16,9.9173,9.92,9.85,9.92,808611,0
2017-05-17,9.92,9.92,9.86,9.9,33888,0
2017-05-18,9.91,9.92,9.89,9.92,101336,0
2017-05-19,9.92,9.92,9.8939,9.91,15944,0
2017-05-22,9.9164,9.93,9.91,9.91,21912,0
2017-05-23,9.92,9.92,9.9001,9.91,17392,0
2017-05-24,9.916,9.92,9.86,9.86,19721,0
2017-05-25,9.88,9.91,9.88,9.91,16992,0
2017-05-26,9.88,9.93,9.88,9.9,20692,0
2017-05-30,9.92,9.97,9.92,9.95,23492,0
2017-05-31,9.9,9.94,9.8799,9.89,32970,0
2017-06-01,9.925,9.98,9.925,9.98,118102,0
2017-06-02,9.92,10.01,9.92,9.96,19692,0
2017-06-05,9.93,10,9.93,9.96,34392,0
2017-06-06,9.95,9.96,9.935,9.96,18804,0
2017-06-07,9.98,10,9.92,9.98,93937,0
2017-06-08,9.98,9.98,9.92,9.98,52266,0
2017-06-09,9.98,10,9.98,10,16092,0
2017-06-12,9.98,9.98,9.98,9.98,1212,0
2017-06-13,9.97,9.97,9.96,9.96,13846,0
2017-06-14,9.93,9.98,9.92,9.98,62867,0
2017-06-15,9.97,9.97,9.97,9.97,10141,0
2017-06-16,9.97,10,9.97,10,3150,0
2017-06-19,9.97,9.9836,9.95,9.9836,23850,0
2017-06-20,9.95,9.95,9.95,9.95,4500,0
2017-06-21,10,10.25,9.95,10.1,161995,0
2017-06-22,10.1119,10.25,10.1119,10.2262,419906,0
2017-06-23,10.2,10.28,10.2,10.28,128135,0
2017-06-26,10.23,10.24,10.2034,10.24,167970,0
2017-06-27,10.2,10.25,10.1,10.24,32837,0
2017-06-28,10.23,10.3,10.2299,10.25,16741,0
2017-06-29,10.19,10.35,10.15,10.3,26336,0
2017-06-30,10.24,10.3,10.13,10.13,4357,0
2017-07-03,10.1,10.13,10.09,10.09,5505,0
2017-07-05,10.15,10.3,10.11,10.14,13725,0
2017-07-06,10.107,10.2,10.107,10.15,2130,0
2017-07-07,10.1895,10.2,10.16,10.16,2043,0
2017-07-10,10.22,10.22,10.13,10.15,20700,0
2017-07-11,10.138,10.23,10.11,10.14,27482,0
2017-07-12,10.2,10.2,10.15,10.15,5400,0
2017-07-13,10.16,10.185,10.15,10.185,7200,0
2017-07-14,10.18,10.22,10.11,10.18,18300,0
2017-07-17,10.18,10.21,10.18,10.18,1250,0
2017-07-18,10.1387,10.18,10.12,10.16,32946,0
2017-07-19,10.1403,10.16,10.1264,10.15,700,0
2017-07-20,10.1699,10.17,10.11,10.11,11900,0
2017-07-21,10.11,10.11,10.11,10.11,100,0
2017-07-24,10.11,10.14,10.11,10.13,11790,0
2017-07-25,10.13,10.19,10.1,10.1,5873,0
2017-07-26,10.09,10.14,10.09,10.14,7800,0
2017-07-27,10.14,10.14,10.13,10.13,350,0
2017-07-28,10.1,10.13,10.0999,10.13,22731,0
2017-07-31,10.13,10.14,10.1,10.14,312195,0
2017-08-01,10.15,10.15,10.15,10.15,1433,0
2017-08-02,10.1,10.15,10.1,10.15,27570,0
2017-08-03,10.185,10.25,10.14,10.2,144702,0
2017-08-04,10.1501,10.18,10.15,10.18,7881,0
2017-08-07,10.24,10.24,10.24,10.24,100,0
2017-08-08,10.1764,10.23,10.1764,10.23,957,0
2017-08-09,10.2,10.24,10.1,10.19,484961,0
2017-08-10,10.103,10.19,10.1,10.19,8882,0
2017-08-11,10.19,10.19,10.09,10.15,272979,0
2017-08-14,10.09,10.2,10.09,10.2,25013,0
2017-08-15,10.2048,10.2048,10.17,10.18,57677,0
2017-08-16,10.16,10.19,10.16,10.19,6656,0
2017-08-17,10.35,10.38,10.1,10.2,7549067,0
2017-08-18,10.21,10.25,10.18,10.21,509026,0
2017-08-21,10.25,10.25,10.2,10.23,241083,0
2017-08-22,10.22,10.25,10.2,10.23,305874,0
2017-08-23,10.25,10.25,10.2,10.22,242421,0
2017-08-24,10.23,10.23,10.16,10.2,2147684,0
2017-08-25,10.2,10.24,10.18,10.21,185451,0
2017-08-28,10.2,10.24,10.2,10.23,126665,0
2017-08-29,10.2,10.23,10.16,10.17,809079,0
2017-08-30,10.18,10.18,10.15,10.18,47919,0
2017-08-31,10.18,10.2,10.12,10.19,941439,0
2017-09-01,10.19,10.21,10.16,10.19,653200,0
2017-09-05,10.2,10.2197,10.15,10.17,1124979,0
2017-09-06,10.2,10.2,10.15,10.19,827386,0
2017-09-07,10.2,10.22,10.18,10.2,3409036,0
2017-09-08,10.21,10.24,10.18,10.21,1377329,0
2017-09-11,10.2,10.25,10.17,10.23,1973284,0
2017-09-12,10.23,10.24,10.15,10.17,875249,0
2017-09-13,10.17,10.22,10.15,10.22,2150511,0
2017-09-14,10.25,10.25,10.19,10.23,820447,0
2017-09-15,10.21,10.23,10.17,10.18,451864,0
2017-09-18,10.23,10.23,10.17,10.18,1332128,0
2017-09-19,10.2,10.2,10.16,10.17,1081079,0
2017-09-20,10.16,10.22,10.14,10.14,3059554,0
2017-09-21,10.13,10.31,10.11,10.2,595453,0
2017-09-22,10.25,10.25,10.15,10.16,241845,0
2017-09-25,10.15,10.21,10.15,10.19,1079197,0
2017-09-26,10.19,10.2,10.16,10.17,362103,0
2017-09-27,10.18,10.19,10.14,10.18,3595196,0
2017-09-28,10.16,10.21,10.16,10.2,3021962,0
2017-09-29,10.19,10.2,10.17,10.18,4436090,0
2017-10-02,10.1704,10.1899,10.15,10.18,4174080,0
2017-10-03,10.22,10.3,10.16,10.23,1966298,0
2017-10-04,10.25,10.28,10.22,10.28,1724886,0
2017-10-05,10.25,10.27,10.23,10.24,188825,0
2017-10-06,10.25,10.26,10.1896,10.21,297046,0
2017-10-09,10.21,10.27,10.21,10.26,1556414,0
2017-10-10,10.26,10.28,10.25,10.25,511672,0
2017-10-11,10.26,10.28,10.24,10.27,1265376,0
2017-10-12,10.25,10.29,10.23,10.24,1845864,0
2017-10-13,10.25,10.271,10.22,10.23,257825,0
2017-10-16,10.21,10.24,10.13,10.14,804164,0
2017-10-17,10.17,10.17,10.1,10.11,605756,0
2017-10-18,10.11,10.16,10.08,10.09,1812649,0
2017-10-19,10.0927,10.13,10.09,10.12,98829,0
2017-10-20,10.1,10.11,10.08,10.11,139074,0
2017-10-23,10.09,10.1,10,10.03,1710488,0
2017-10-24,10,10.07,10,10.03,151421,0
2017-10-25,10.01,10.08,10,10.02,1047617,0
2017-10-26,10.02,10.02,9.98,9.99,1358616,0
2017-10-27,9.9864,10.04,9.98,10,522736,0
2017-10-30,9.99,10.01,9.98,9.98,56072,0
2017-10-31,9.99,10.02,9.97,9.98,506830,0
2017-11-01,9.99,10,9.95,9.99,734568,0
2017-11-02,10,10,9.96,9.98,680482,0
2017-11-03,9.98,10,9.96,9.98,467278,0
2017-11-06,10,10.09,9.98,10.01,687298,0
2017-11-07,9.99,10.04,9.99,10.03,184104,0
2017-11-08,10.01,10.05,10.01,10.03,60412,0
2017-11-09,10.01,10.02,9.9,9.98,162978,0
2017-11-10,9.9899,10.01,9.97,10.01,30902,0
2017-09-20,10.16,10.22,10.14,10.14,3059600,0
2017-09-21,10.13,10.31,10.11,10.20,595500,0
2017-09-22,10.25,10.25,10.15,10.16,241800,0
2017-09-25,10.15,10.21,10.15,10.19,1079200,0
2017-09-26,10.19,10.20,10.16,10.18,363200,0
2017-09-27,10.18,10.19,10.14,10.18,3595200,0
2017-09-28,10.16,10.21,10.16,10.21,3023500,0
2017-09-29,10.19,10.20,10.17,10.18,4436100,0
2017-10-02,10.17,10.19,10.15,10.18,4174100,0
2017-10-03,10.22,10.30,10.16,10.23,2016300,0
2017-10-04,10.25,10.28,10.22,10.28,1724900,0
2017-10-05,10.25,10.27,10.23,10.24,188800,0
2017-10-06,10.25,10.26,10.19,10.21,297000,0
2017-10-09,10.21,10.27,10.21,10.26,1556400,0
2017-10-10,10.26,10.28,10.25,10.25,511700,0
2017-10-11,10.26,10.28,10.24,10.27,1265400,0
2017-10-12,10.25,10.29,10.23,10.24,1845800,0
2017-10-13,10.25,10.27,10.22,10.23,257800,0
2017-10-16,10.21,10.24,10.13,10.14,804200,0
2017-10-17,10.17,10.17,10.10,10.11,605800,0
2017-10-18,10.11,10.16,10.08,10.09,1812700,0
2017-10-19,10.09,10.13,10.09,10.12,98800,0
2017-10-20,10.10,10.11,10.08,10.11,139100,0
2017-10-23,10.09,10.10,10.00,10.03,1710500,0
2017-10-24,10.00,10.07,10.00,10.03,151400,0
2017-10-25,10.01,10.08,10.00,10.02,1047600,0
2017-10-26,10.02,10.02,9.98,9.99,1358600,0
2017-10-27,10.00,10.04,9.98,10.00,522800,0
2017-10-30,9.99,10.01,9.98,9.98,56100,0
2017-10-31,9.99,10.02,9.97,9.98,506800,0
2017-11-01,9.99,10.00,9.95,9.99,734600,0
2017-11-02,10.00,10.00,9.96,9.98,680500,0
2017-11-03,9.98,10.00,9.96,9.98,467300,0
2017-11-06,10.00,10.09,9.98,10.02,689000,0
2017-11-07,9.99,10.04,9.99,10.03,184100,0
2017-11-08,10.01,10.05,10.01,10.03,60400,0
2017-11-09,10.01,10.02,9.90,9.98,163000,0
2017-11-10,9.99,10.01,9.97,10.01,30900,0
2017-11-13,10.01,10.01,9.96,9.98,74900,0
2017-11-14,9.99,9.99,9.90,9.95,485600,0
2017-11-15,9.94,9.98,9.91,9.95,207300,0
2017-11-16,9.99,9.99,9.94,9.97,25600,0
2017-11-17,9.95,9.97,9.89,9.91,264800,0
2017-11-20,9.93,9.93,9.88,9.89,601700,0
2017-11-21,9.90,9.95,9.87,9.95,104000,0
2017-11-22,9.93,9.95,9.90,9.95,946900,0
2017-11-24,9.95,9.96,9.94,9.96,69800,0
2017-11-27,9.90,9.98,9.90,9.96,219400,0
2017-11-28,9.94,9.97,9.94,9.95,258000,0
2017-11-29,9.95,9.95,9.86,9.89,1915300,0
2017-11-30,9.90,9.97,9.90,9.97,106700,0
2017-12-01,9.92,9.97,9.87,9.95,189300,0
2017-12-04,9.93,9.95,9.85,9.88,358100,0
2017-12-05,9.73,9.87,9.73,9.84,155500,0
2017-12-06,9.75,9.90,9.75,9.79,1864800,0
2017-12-07,9.77,9.85,9.65,9.77,1624300,0
2017-12-08,9.75,9.79,9.75,9.77,353700,0
2017-12-11,9.80,9.80,9.74,9.76,285500,0
2017-12-12,9.80,9.82,9.76,9.81,105500,0
2017-12-13,9.82,9.82,9.77,9.81,88000,0
2017-12-14,9.82,9.85,9.80,9.83,40500,0
2017-12-15,9.84,9.86,9.81,9.86,218300,0
2017-12-18,9.86,9.91,9.81,9.88,22300,0
2017-12-19,9.87,9.87,9.81,9.82,92600,0
2017-12-20,9.84,9.89,9.80,9.83,312900,0
2017-12-21,9.82,9.90,9.81,9.83,23500,0
2017-12-22,9.83,9.90,9.81,9.82,74900,0
2017-12-26,9.83,9.89,9.81,9.87,31900,0
2017-12-27,9.87,9.90,9.85,9.87,3600,0
2017-12-28,9.84,9.91,9.84,9.91,40300,0
2017-12-29,9.89,9.95,9.88,9.91,176000,0
2018-01-02,9.88,10.00,9.88,9.94,469800,0
2018-01-03,9.92,10.00,9.91,9.97,365200,0
2018-01-04,9.91,10.00,9.91,9.94,1325600,0
2018-01-05,9.97,9.98,9.94,9.94,749200,0
2018-01-08,9.98,9.98,9.95,9.97,222000,0
2018-01-09,9.97,9.99,9.92,9.94,800000,0
2018-01-10,9.97,9.98,9.94,9.94,411600,0
2018-01-11,10.00,10.15,9.95,10.08,4382700,0
2018-01-12,10.12,10.70,10.05,10.11,4444400,0
2018-01-16,10.10,10.16,10.07,10.10,1654700,0
2018-01-17,10.10,10.12,10.08,10.11,3408100,0
2018-01-18,10.12,10.18,10.11,10.18,3681100,0
2018-01-19,10.17,10.20,10.15,10.18,2650900,0
2018-01-22,10.20,10.25,10.18,10.23,9200800,0
2018-01-23,10.21,10.27,10.19,10.25,8970300,0
2018-01-24,10.28,10.36,10.25,10.33,7630100,0
2018-01-25,10.38,10.69,10.35,10.55,8865300,0
2018-01-26,10.64,10.68,10.45,10.65,3277600,0
2018-01-29,10.75,10.79,10.64,10.73,5426800,0
2018-01-30,10.70,10.74,10.48,10.50,2543200,0
2018-01-31,10.60,10.63,10.16,10.22,4877500,0
2018-02-01,10.25,10.50,10.20,10.39,3948300,0
2018-02-02,10.44,10.45,10.15,10.17,2243600,0
2018-02-05,10.13,10.30,9.94,9.95,2302000,0
2018-02-06,9.99,10.19,9.91,9.98,3591600,0
2018-02-07,10.05,10.05,9.84,9.91,2618100,0
2018-02-08,9.96,9.96,9.45,9.46,2563900,0
2018-02-09,9.54,9.61,8.01,8.94,5024300,0
2018-03-23,9.54,9.61,8.01,8.94,5024301,0