Date,Open,High,Low,Close,Volume,OpenInt
2017-05-16,3.3691,3.3691,3.1697,3.2993,171569,0
2017-05-17,3.3392,3.3392,3.1996,3.2494,168509,0
2017-05-18,3.2494,3.2494,3.0202,3.0202,131396,0
2017-05-19,2.9903,3.1099,2.9803,3.0202,117986,0
2017-05-22,3.0102,3.2395,3.0102,3.1797,157185,0
2017-05-23,3.1697,3.1896,2.8707,2.9305,534583,0
2017-05-24,2.9405,3.0003,2.7909,2.9704,346146,0
2017-05-25,2.9205,2.9405,2.7909,2.8707,482638,0
2017-05-26,3.0202,3.1049,2.971,3.07,277740,0
2017-05-30,3.0501,3.0501,2.8607,2.8806,259096,0
2017-05-31,2.8408,2.9405,2.7311,2.8906,427999,0
2017-06-01,2.8906,2.8906,2.8109,2.8408,249416,0
2017-06-02,2.8408,2.9006,2.8109,2.8707,207395,0
2017-06-05,2.8707,3.2395,2.8557,3.2395,195011,0
2017-06-06,3.0102,3.0999,2.9604,3.08,365054,0
2017-06-07,3.08,3.15,2.9899,3.05,144778,0
2017-06-08,3.02,3.02,2.89,2.94,140879,0
2017-06-09,2.91,2.915,2.84,2.84,180243,0
2017-06-12,2.83,2.97,2.83,2.9201,163337,0
2017-06-13,2.93,3.05,2.89,2.99,181582,0
2017-06-14,3.07,3.1,2.875,2.93,269393,0
2017-06-15,2.9,2.99,2.87,2.94,260460,0
2017-06-16,2.94,3.05,2.93,3.02,452214,0
2017-06-19,3.1,3.1,2.85,2.9,482039,0
2017-06-20,2.9,2.934,2.8,2.9,277267,0
2017-06-21,2.9,2.9654,2.87,2.9,260582,0
2017-06-22,2.98,3.0459,2.93,2.99,351205,0
2017-06-23,3.05,3.1,2.97,3.09,302247,0
2017-06-26,3.09,3.25,3.01,3.23,358337,0
2017-06-27,3.27,3.2856,3.15,3.25,231273,0
2017-06-28,3.28,3.31,3.17,3.2904,211675,0
2017-06-29,3.33,3.33,3.23,3.29,381144,0
2017-06-30,3.23,3.28,3.16,3.21,330781,0
2017-07-03,3.18,3.18,3.06,3.06,143553,0
2017-07-05,2.99,3.05,2.92,2.96,428987,0
2017-07-06,2.95,2.95,2.77,2.79,452423,0
2017-07-07,2.79,2.8451,2.71,2.79,390534,0
2017-07-10,2.74,2.91,2.73,2.85,537014,0
2017-07-11,2.83,2.88,2.77,2.85,191723,0
2017-07-12,2.87,2.91,2.82,2.825,209491,0
2017-07-13,2.86,2.87,2.75,2.77,170964,0
2017-07-14,2.82,2.9,2.8,2.82,282735,0
2017-07-17,2.85,2.95,2.85,2.91,156201,0
2017-07-18,2.94,2.97,2.9144,2.93,208616,0
2017-07-19,2.96,2.98,2.93,2.935,203830,0
2017-07-20,2.95,2.98,2.895,2.95,205014,0
2017-07-21,2.96,2.97,2.885,2.9,103135,0
2017-07-24,2.9,3,2.79,2.84,238213,0
2017-07-25,2.83,2.86,2.77,2.83,237016,0
2017-07-26,2.81,2.8773,2.75,2.85,321463,0
2017-07-27,2.85,2.88,2.7799,2.8,455070,0
2017-07-28,2.83,2.915,2.83,2.87,228234,0
2017-07-31,2.91,2.98,2.89,2.93,155921,0
2017-08-01,2.93,2.96,2.88,2.89,226925,0
2017-08-02,2.89,2.89,2.77,2.79,212081,0
2017-08-03,2.83,2.84,2.725,2.73,304723,0
2017-08-04,2.82,2.83,2.73,2.8,218951,0
2017-08-07,2.75,2.85,2.73,2.77,199921,0
2017-08-08,2.81,2.82,2.68,2.72,333317,0
2017-08-09,2.74,2.78,2.6741,2.76,198455,0
2017-08-10,2.8,2.82,2.75,2.79,307720,0
2017-08-11,2.77,2.84,2.74,2.75,136633,0
2017-08-14,2.74,2.79,2.68,2.74,121293,0
2017-08-15,2.69,2.78,2.66,2.74,118934,0
2017-08-16,2.74,2.82,2.65,2.8051,328822,0
2017-08-17,2.83,2.83,2.74,2.76,235343,0
2017-08-18,2.76,2.8,2.6999,2.72,234107,0
2017-08-21,2.72,2.77,2.72,2.75,118551,0
2017-08-22,2.73,2.76,2.71,2.71,48986,0
2017-08-23,2.73,2.73,2.66,2.7,126260,0
2017-08-24,2.72,2.8,2.69,2.78,249950,0
2017-08-25,2.77,2.835,2.73,2.8,121393,0
2017-08-28,2.83,3.11,2.83,3.1,904217,0
2017-08-29,3.15,3.2,2.95,2.95,444932,0
2017-08-30,3,3.03,2.92,2.96,163431,0
2017-08-31,2.91,3.15,2.91,3.13,273202,0
2017-09-01,3.09,3.16,3.08,3.14,218130,0
2017-09-05,3.16,3.42,3.14,3.4,844643,0
2017-09-06,3.42,3.42,3.25,3.28,270705,0
2017-09-07,3.25,3.42,3.25,3.385,262152,0
2017-09-08,3.43,3.43,3.21,3.27,351620,0
2017-09-11,3.24,3.29,3.15,3.18,262071,0
2017-09-12,3.19,3.27,3.15,3.24,135248,0
2017-09-13,3.24,3.24,3.03,3.07,322163,0
2017-09-14,3.08,3.19,3.08,3.14,168070,0
2017-09-15,3.13,3.17,2.98,2.99,389656,0
2017-09-18,2.95,2.99,2.85,2.91,406022,0
2017-09-19,2.9,2.99,2.9,2.94,207075,0
2017-09-20,2.94,2.98,2.8301,2.88,317994,0
2017-09-21,2.8,2.88,2.77,2.8,355315,0
2017-09-22,2.79,2.91,2.79,2.89,191361,0
2017-09-25,2.86,2.97,2.8501,2.97,285378,0
2017-09-26,2.9,2.92,2.76,2.79,398348,0
2017-09-27,2.76,2.79,2.71,2.71,209870,0
2017-09-28,2.73,2.792,2.72,2.73,118584,0
2017-09-29,2.73,2.75,2.66,2.7,169122,0
2017-10-02,2.67,2.72,2.64,2.68,363245,0
2017-10-03,2.66,2.8,2.66,2.76,253817,0
2017-10-04,2.75,2.81,2.74,2.8,179144,0
2017-10-05,2.78,2.8,2.71,2.71,208491,0
2017-10-06,2.73,2.8,2.66,2.79,289817,0
2017-10-09,2.81,2.83,2.78,2.805,94731,0
2017-10-10,2.83,2.86,2.72,2.75,256609,0
2017-10-11,2.73,2.78,2.65,2.78,260980,0
2017-10-12,2.77,2.79,2.71,2.75,253449,0
2017-10-13,2.74,2.78,2.72,2.769,166744,0
2017-10-16,2.77,2.7734,2.68,2.69,269242,0
2017-10-17,2.65,2.69,2.65,2.68,180664,0
2017-10-18,2.65,2.72,2.65,2.68,99033,0
2017-10-19,2.67,2.6799,2.59,2.62,458235,0
2017-10-20,2.58,2.66,2.48,2.59,527720,0
2017-10-23,2.57,2.63,2.53,2.62,173697,0
2017-10-24,2.62,2.64,2.57,2.6,130643,0
2017-10-25,2.57,2.64,2.57,2.59,150940,0
2017-10-26,2.59,2.59,2.45,2.46,243969,0
2017-10-27,2.4,2.48,2.4,2.43,267323,0
2017-10-30,2.42,2.56,2.42,2.55,229564,0
2017-10-31,2.53,2.54,2.42,2.54,746007,0
2017-11-01,2.57,2.6112,2.5087,2.6,200251,0
2017-11-02,2.6,2.63,2.5,2.51,144054,0
2017-11-03,2.51,2.55,2.46,2.5,223542,0
2017-11-06,2.5,2.63,2.5,2.59,323045,0
2017-11-07,2.6,2.62,2.491,2.54,299010,0
2017-11-08,2.6,2.6088,2.55,2.57,226568,0
2017-11-09,2.52,2.57,2.51,2.55,166537,0
2017-11-10,2.55,2.55,2.46,2.47,237598,0
2017-11-14,2.44,2.49,2.41,2.43,211600,0
2017-11-15,2.43,2.43,2.31,2.35,431300,0
2017-11-16,2.32,2.43,2.32,2.41,192700,0
2017-11-17,2.42,2.45,2.40,2.44,134100,0
2017-11-20,2.43,2.50,2.42,2.49,203800,0
2017-11-21,2.46,2.61,2.46,2.58,309300,0
2017-11-22,2.57,2.63,2.51,2.51,191400,0
2017-11-24,2.57,2.62,2.51,2.53,200400,0
2017-11-27,2.60,2.60,2.50,2.53,135700,0
2017-11-28,2.51,2.51,2.45,2.48,193600,0
2017-11-29,2.43,2.46,2.38,2.44,263100,0
2017-11-30,2.47,2.47,2.39,2.44,211600,0
2017-12-01,2.40,2.45,2.37,2.38,187800,0
2017-12-04,2.33,2.38,2.28,2.30,277900,0
2017-12-05,2.30,2.30,2.17,2.26,315600,0
2017-12-06,2.24,2.27,2.16,2.20,190400,0
2017-12-07,2.17,2.25,2.12,2.18,244400,0
2017-12-08,2.19,2.26,2.18,2.22,148700,0
2017-12-11,2.22,2.29,2.21,2.26,173200,0
2017-12-12,2.28,2.31,2.23,2.29,216900,0
2017-12-13,2.32,2.57,2.31,2.54,441300,0
2017-12-14,2.56,2.56,2.47,2.52,152500,0
2017-12-15,2.60,2.60,2.49,2.53,177500,0
2017-12-18,2.53,2.60,2.53,2.58,164400,0
2017-12-19,2.60,2.61,2.51,2.54,160100,0
2017-12-20,2.58,2.66,2.55,2.60,226500,0
2017-12-21,2.61,2.67,2.58,2.63,309400,0
2017-12-22,2.62,2.74,2.62,2.69,465500,0
2017-12-26,2.69,2.86,2.69,2.78,328800,0
2017-12-27,2.83,2.83,2.71,2.73,252100,0
2017-12-28,2.72,2.80,2.67,2.70,337000,0
2017-12-29,2.68,2.72,2.61,2.62,637200,0
2018-01-02,2.67,2.89,2.66,2.87,701400,0
2018-01-03,2.89,2.90,2.76,2.78,557400,0
2018-01-04,2.82,2.90,2.77,2.86,392200,0
2018-01-05,2.86,2.87,2.77,2.84,278300,0
2018-01-08,2.85,2.85,2.72,2.73,433700,0
2018-01-09,2.73,2.73,2.53,2.67,431600,0
2018-01-10,2.70,2.79,2.66,2.78,319600,0
2018-01-11,2.80,2.83,2.75,2.82,232500,0
2018-01-12,2.86,2.94,2.84,2.92,468500,0
2018-01-16,2.94,2.99,2.86,2.90,392000,0
2018-01-17,2.88,2.93,2.82,2.84,269700,0
2018-01-18,2.82,2.84,2.71,2.83,410600,0
2018-01-19,2.80,2.80,2.72,2.72,285100,0
2018-01-22,2.72,2.79,2.67,2.70,322700,0
2018-01-23,2.66,2.79,2.63,2.77,256600,0
2018-01-24,2.85,2.94,2.81,2.88,579800,0
2018-01-25,2.90,2.90,2.70,2.73,449700,0
2018-01-26,2.78,2.82,2.71,2.73,313000,0
2018-01-29,2.66,2.74,2.56,2.60,499900,0
2018-01-30,2.62,2.66,2.56,2.61,217500,0
2018-01-31,2.69,2.69,2.57,2.65,311800,0
2018-02-01,2.59,2.68,2.59,2.63,171100,0
2018-02-02,2.58,2.59,2.49,2.53,388100,0
2018-02-05,2.51,2.59,2.45,2.56,496500,0
2018-02-06,2.53,2.59,2.48,2.49,271000,0
2018-02-07,2.47,2.54,2.41,2.48,344100,0
2018-02-08,2.47,2.53,2.42,2.43,314300,0
2018-02-09,2.43,2.56,2.18,2.37,609400,0
2018-02-12,2.37,2.60,2.37,2.57,403100,0
2018-02-13,2.56,2.62,2.53,2.61,259100,0
2018-02-14,2.60,2.76,2.59,2.71,665100,0
2018-02-15,2.75,2.75,2.59,2.64,265800,0
2018-02-16,2.57,2.67,2.54,2.57,494400,0
2018-02-20,2.51,2.60,2.46,2.49,298400,0
2018-02-21,2.54,2.71,2.47,2.59,584200,0
2018-02-22,2.60,2.66,2.54,2.54,300700,0
2018-02-23,2.57,2.63,2.50,2.63,279700,0
2018-02-26,2.66,2.67,2.59,2.64,408200,0
2018-02-27,2.60,2.63,2.52,2.52,350300,0
2018-02-28,2.53,2.58,2.50,2.54,217000,0
2018-03-01,2.50,2.58,2.46,2.55,348800,0
2018-03-02,2.55,2.62,2.48,2.48,297500,0
2018-03-05,2.48,2.51,2.41,2.47,366500,0
2018-03-06,2.51,2.63,2.50,2.56,393800,0
2018-03-07,2.56,2.57,2.47,2.48,282200,0
2018-03-08,2.48,2.52,2.45,2.47,141400,0
2018-03-09,2.46,2.57,2.46,2.54,246800,0
2018-03-12,2.48,2.59,2.48,2.56,179000,0
2018-03-13,2.57,2.61,2.51,2.53,175900,0
2018-03-14,2.51,2.53,2.47,2.49,150300,0
2018-03-15,2.48,2.60,2.43,2.57,1372700,0
2018-03-16,2.64,2.68,2.56,2.68,880500,0
2018-03-19,2.69,2.70,2.63,2.66,460600,0
2018-03-20,2.65,2.66,2.55,2.58,931800,0
2018-03-21,2.64,2.77,2.61,2.76,953200,0
2018-03-22,2.75,2.75,2.63,2.71,568100,0
2018-03-23,2.77,2.83,2.71,2.71,900900,0
2018-03-26,2.77,2.83,2.70,2.82,551600,0
2018-03-27,2.77,2.78,2.70,2.71,390000,0
2018-03-28,2.71,2.71,2.56,2.60,425900,0
2018-03-29,2.61,2.71,2.61,2.69,308000,0
2018-04-02,2.70,2.72,2.63,2.64,409100,0
2018-04-03,2.64,2.69,2.58,2.66,323800,0
2018-04-04,2.68,2.70,2.59,2.63,317000,0
2018-04-05,2.63,2.71,2.63,2.69,198700,0
2018-04-06,2.71,2.71,2.62,2.63,230700,0
2018-04-09,2.63,2.69,2.57,2.68,361853,0