Date,Open,High,Low,Close,Volume,OpenInt
2017-10-06,21.7,24.9,20.35,20.84,44425629,0
2017-10-09,19.8,19.83,19,19.01,9557383,0
2017-10-10,19.33,20,19.17,19.96,3458589,0
2017-10-11,20.2,20.21,18.82,19.08,3346080,0
2017-10-12,19.05,19.71,19.03,19.71,3536951,0
2017-10-13,19.72,19.86,19.4818,19.72,1641275,0
2017-10-16,19.76,19.95,19.5,19.88,1159155,0
2017-10-17,19.95,19.95,19.51,19.65,1065824,0
2017-10-18,19.65,19.69,19.1208,19.15,1210390,0
2017-10-19,19,19,18.57,18.58,1845348,0
2017-10-20,18.51,19.34,18.51,19.3,1719024,0
2017-10-23,19.32,19.44,18.65,18.74,1167432,0
2017-10-24,18.74,18.91,18.55,18.68,594725,0
2017-10-25,18.63,19.03,18.61,18.99,1010530,0
2017-10-26,18.92,18.999,18.57,18.62,635317,0
2017-10-27,18.67,19.04,18.61,18.99,567749,0
2017-10-30,18.88,19.5,18.8,19.35,767406,0
2017-10-31,19,19.2,18.84,19.13,1284646,0
2017-11-01,19.16,19.73,18.88,19,753265,0
2017-11-02,18.88,19.09,18.8,18.9,692755,0
2017-11-03,18.8,18.97,18.15,18.22,761181,0
2017-11-06,18.26,18.39,18.26,18.26,759600,0
2017-11-07,18.18,18.49,18.01,18.31,737377,0
2017-11-08,18.2,18.4,18.0439,18.35,795168,0
2017-11-09,18.26,18.77,18.225,18.46,1366046,0
2017-11-10,18.37,19.2,18.26,18.95,1069409,0
2017-11-14,18.39,19.47,18.16,18.95,3729400,0
2017-11-15,18.89,19.02,18.43,18.96,957100,0
2017-11-16,19.01,19.49,18.80,18.99,952600,0
2017-11-17,18.90,19.00,18.33,18.44,911600,0
2017-11-20,18.43,18.59,18.27,18.30,638300,0
2017-11-21,18.30,18.57,18.03,18.07,790800,0
2017-11-22,18.05,18.15,17.65,17.95,1070400,0
2017-11-24,17.93,18.04,17.75,17.87,194100,0
2017-11-27,17.86,17.96,17.30,17.63,1254900,0
2017-11-28,17.63,18.09,17.55,17.68,734000,0
2017-11-29,17.60,17.65,17.00,17.12,1467800,0
2017-11-30,17.13,17.48,17.05,17.14,1136700,0
2017-12-01,17.27,17.30,16.63,16.71,1024400,0
2017-12-04,16.84,16.96,16.23,16.25,989300,0
2017-12-05,16.30,16.47,15.77,16.30,1222600,0
2017-12-06,16.21,16.89,15.91,16.85,917600,0
2017-12-07,16.77,17.14,16.24,17.00,646200,0
2017-12-08,17.00,17.47,17.00,17.45,812600,0
2017-12-11,17.46,17.72,17.21,17.30,766700,0
2017-12-12,17.23,17.52,16.93,17.07,700600,0
2017-12-13,17.18,17.39,16.99,17.07,652300,0
2017-12-14,17.01,17.38,16.64,16.71,1035100,0
2017-12-15,16.70,17.22,16.70,17.10,3956200,0
2017-12-18,17.15,17.16,16.61,16.81,902400,0
2017-12-19,16.73,17.27,16.65,17.01,1184500,0
2017-12-20,16.75,17.59,16.70,17.10,1155900,0
2017-12-21,17.11,17.59,17.11,17.57,878600,0
2017-12-22,17.51,18.18,17.51,18.10,892400,0
2017-12-26,18.05,18.31,17.68,17.84,1336200,0
2017-12-27,17.85,18.43,17.70,18.01,1055000,0
2017-12-28,17.99,18.34,17.72,18.12,954100,0
2017-12-29,18.25,18.57,18.01,18.19,1942000,0
2018-01-02,18.25,18.32,17.15,17.16,2064300,0
2018-01-03,17.15,17.51,16.73,17.28,1214300,0
2018-01-04,17.24,17.49,17.12,17.27,460800,0
2018-01-05,17.23,17.59,17.17,17.57,486300,0
2018-01-08,17.70,18.10,17.70,17.99,515500,0
2018-01-09,17.95,18.08,17.69,17.76,370000,0
2018-01-10,17.73,17.80,17.11,17.11,642100,0
2018-01-11,17.17,17.31,16.90,17.26,826800,0
2018-01-12,17.34,17.36,17.02,17.25,370800,0
2018-01-16,17.21,17.53,16.95,17.40,665300,0
2018-01-17,17.45,17.55,17.08,17.27,513000,0
2018-01-18,17.30,17.39,17.00,17.02,342400,0
2018-01-19,16.68,16.99,16.46,16.74,1169100,0
2018-01-22,16.68,16.94,16.43,16.46,508100,0
2018-01-23,16.38,16.68,16.30,16.46,636800,0
2018-01-24,16.55,16.79,16.22,16.51,614700,0
2018-01-25,16.65,16.97,16.41,16.50,563400,0
2018-01-26,16.63,16.77,16.48,16.70,521000,0
2018-01-29,16.70,16.74,16.18,16.60,1013500,0
2018-01-30,16.45,16.62,16.16,16.33,641100,0
2018-01-31,16.31,16.43,16.03,16.22,649600,0
2018-02-01,16.22,16.60,16.11,16.53,595400,0
2018-02-02,16.50,16.59,15.60,15.90,1481000,0
2018-02-05,15.85,15.90,15.55,15.55,594900,0
2018-02-06,15.29,15.65,14.98,15.10,1318600,0
2018-02-07,15.20,15.34,14.89,14.95,742600,0
2018-02-08,15.04,15.20,14.81,14.83,660500,0
2018-02-09,15.00,15.00,14.06,14.77,1239500,0
2018-02-12,14.92,15.81,14.74,15.64,682000,0
2018-02-13,15.65,16.10,15.36,15.74,840400,0
2018-02-14,15.65,15.99,15.44,15.81,801100,0
2018-02-15,15.92,15.98,15.70,15.86,743100,0
2018-02-16,15.85,15.87,15.29,15.44,506900,0
2018-02-20,15.41,15.62,15.36,15.46,312500,0
2018-02-21,15.51,15.60,14.69,14.79,581000,0
2018-02-22,15.20,15.20,14.35,14.38,1099600,0
2018-02-23,14.57,14.94,14.19,14.70,907100,0
2018-02-26,14.72,15.19,14.66,14.99,911900,0
2018-02-27,15.00,15.13,14.54,14.54,319500,0
2018-02-28,14.53,14.73,13.75,13.81,985800,0
2018-03-01,13.80,14.23,13.54,13.98,706400,0
2018-03-02,13.94,14.04,13.56,13.65,467600,0
2018-03-05,13.54,14.73,13.34,14.49,1442000,0
2018-03-06,14.59,15.02,14.41,14.90,874300,0
2018-03-07,14.81,15.14,14.64,14.78,776800,0
2018-03-08,14.86,15.45,14.86,15.12,697600,0
2018-03-09,15.26,15.40,15.01,15.24,491900,0
2018-03-12,15.59,15.68,15.11,15.26,668700,0
2018-03-13,15.42,15.43,14.80,14.94,492000,0
2018-03-14,14.98,15.25,14.90,14.98,453300,0
2018-03-15,14.97,15.81,14.97,15.60,976600,0
2018-03-16,15.60,16.06,15.55,16.00,1146700,0
2018-03-19,15.97,16.11,15.55,15.81,775100,0
2018-03-20,15.87,16.23,15.61,15.69,366900,0
2018-03-21,15.66,16.04,15.55,15.86,449900,0
2018-03-22,15.73,15.97,15.64,15.76,446300,0
2018-03-23,15.76,15.79,15.20,15.22,499800,0
2018-03-26,15.48,15.65,15.07,15.60,648800,0
2018-03-27,15.62,16.09,15.56,15.72,757300,0
2018-03-28,15.77,15.82,15.43,15.45,894200,0
2018-03-29,15.53,16.00,15.35,15.91,824200,0
2018-04-02,15.96,16.23,15.61,15.85,1636600,0
2018-04-03,14.50,14.74,13.24,13.37,8158200,0
2018-04-04,13.23,14.42,13.10,14.00,2515900,0
2018-04-05,14.15,15.01,14.02,14.81,1369200,0
2018-04-06,14.67,15.25,14.54,14.64,1445900,0
2018-04-09,14.67,15.04,14.48,14.79,1129773,0