Date,Open,High,Low,Close,Volume,OpenInt
2017-08-23,88.556,89.802,88.556,89.802,362,0
2017-08-31,91.63,91.63,91.63,91.63,110,0
2017-09-20,86.5,86.5,86.5,86.5,115,0
2017-09-26,84.2123,84.2123,84.2123,84.2123,174,0
2017-09-27,84.21,84.21,83.84,83.84,651,0
2017-10-04,84.9014,85.7867,84.7967,85.7867,540,0
2017-10-06,82.35,82.35,82.34,82.34,300,0
2017-10-10,82.9256,86.2,82.9256,85.7839,730,0
2017-10-19,84.7978,84.7978,84.7978,84.7978,100,0
2017-10-25,84.4,84.4,84.4,84.4,200,0
2017-11-01,85.8499,85.8499,85.8499,85.8499,250,0
2017-11-07,85.85,85.85,85.85,85.85,111,0
2017-11-08,83.2,83.2,83.2,83.2,200,0
2017-11-15,83.20,83.20,83.20,83.20,-,0
2017-11-16,83.20,83.20,83.20,83.20,-,0
2017-11-17,83.20,83.20,83.20,83.20,-,0
2017-11-20,83.20,83.20,83.20,83.20,-,0
2017-11-21,83.20,83.20,83.20,83.20,-,0
2017-11-22,83.20,83.20,83.20,83.20,-,0
2017-11-24,83.20,83.20,83.20,83.20,100,0
2017-11-27,83.20,83.20,83.20,83.20,-,0
2017-11-28,83.20,83.20,83.20,83.20,-,0
2017-11-29,79.84,79.84,79.84,79.84,200,0
2017-11-30,79.84,79.84,79.84,79.84,-,0
2017-12-01,79.84,79.84,79.84,79.84,-,0
2017-12-04,79.84,79.84,79.84,79.84,-,0
2017-12-05,79.85,79.85,79.85,79.85,100,0
2017-12-06,79.85,79.85,79.85,79.85,-,0
2017-12-07,80.39,80.39,80.39,80.39,200,0
2017-12-08,80.39,80.39,80.39,80.39,-,0
2017-12-11,80.39,80.39,80.39,80.39,-,0
2017-12-12,82.04,82.04,81.00,81.00,700,0
2017-12-13,82.00,82.00,82.00,82.00,300,0
2017-12-14,86.00,86.00,83.60,83.75,800,0
2017-12-15,86.00,86.00,82.91,82.91,2800,0
2017-12-18,83.11,83.11,83.10,83.10,700,0
2017-12-19,83.10,83.10,83.10,83.10,-,0
2017-12-20,83.10,83.10,83.10,83.10,-,0
2017-12-21,87.83,87.83,87.83,87.83,200,0
2017-12-22,84.45,84.45,84.04,84.04,300,0
2017-12-26,84.04,84.04,84.04,84.04,-,0
2017-12-27,84.04,84.04,84.04,84.04,-,0
2017-12-28,84.00,84.00,84.00,84.00,100,0
2017-12-29,83.99,83.99,83.99,83.99,200,0
2018-01-02,83.99,83.99,83.99,83.99,-,0
2018-01-03,83.99,83.99,83.99,83.99,-,0
2018-01-04,83.99,83.99,83.99,83.99,-,0
2018-01-05,83.99,83.99,83.99,83.99,-,0
2018-01-08,85.01,85.04,85.01,85.04,200,0
2018-01-09,85.02,85.05,85.02,85.05,900,0
2018-01-10,85.05,85.05,85.05,85.05,-,0
2018-01-11,85.05,85.05,85.05,85.05,-,0
2018-01-12,85.05,85.05,85.05,85.05,-,0
2018-01-16,87.00,87.00,87.00,87.00,400,0
2018-01-17,88.00,88.00,88.00,88.00,200,0
2018-01-18,88.00,88.00,88.00,88.00,-,0
2018-01-19,88.00,88.00,88.00,88.00,-,0
2018-01-22,88.00,88.00,88.00,88.00,-,0
2018-01-23,88.00,88.00,88.00,88.00,-,0
2018-01-24,88.00,88.00,88.00,88.00,-,0
2018-01-25,87.00,87.00,87.00,87.00,200,0
2018-01-26,87.00,87.00,87.00,87.00,-,0
2018-01-29,87.00,87.00,87.00,87.00,-,0
2018-01-30,87.00,87.00,87.00,87.00,-,0
2018-01-31,88.00,88.00,88.00,88.00,200,0
2018-02-01,87.00,87.00,87.00,87.00,200,0
2018-02-02,87.00,87.00,87.00,87.00,-,0
2018-02-05,87.00,87.00,87.00,87.00,-,0
2018-02-06,82.00,82.00,80.03,82.00,1600,0
2018-02-07,82.00,82.00,82.00,82.00,-,0
2018-02-08,81.00,81.00,80.84,81.00,300,0
2018-02-09,81.00,81.00,81.00,81.00,-,0
2018-02-12,81.00,81.00,81.00,81.00,-,0
2018-02-13,85.50,85.50,82.75,82.75,300,0
2018-02-14,82.75,82.75,82.75,82.75,-,0
2018-02-15,82.75,82.75,82.75,82.75,-,0
2018-02-16,83.50,85.20,83.50,85.20,500,0
2018-02-20,85.20,85.20,85.20,85.20,-,0
2018-02-21,78.90,78.90,78.90,78.90,500,0
2018-02-22,78.90,78.90,78.90,78.90,-,0
2018-02-23,81.25,81.25,81.25,81.25,100,0
2018-02-26,81.50,81.50,81.50,81.50,200,0
2018-02-27,81.50,81.50,81.50,81.50,-,0
2018-02-28,79.50,79.50,79.50,79.50,100,0
2018-03-01,79.50,79.50,79.50,79.50,-,0
2018-03-02,79.50,79.50,79.50,79.50,-,0
2018-03-05,79.50,79.50,79.50,79.50,-,0
2018-03-06,79.50,79.50,79.50,79.50,-,0
2018-03-07,79.50,79.50,79.50,79.50,-,0
2018-03-08,79.50,79.50,79.50,79.50,-,0
2018-03-09,79.50,79.50,79.50,79.50,-,0
2018-03-12,79.50,79.50,79.50,79.50,-,0
2018-03-13,81.51,81.51,81.51,81.51,100,0
2018-03-14,84.50,84.55,82.00,82.00,800,0
2018-03-15,82.00,82.00,82.00,82.00,-,0
2018-03-16,82.50,82.50,82.50,82.50,200,0
2018-03-19,82.50,82.50,82.50,82.50,-,0
2018-03-20,82.50,82.50,82.50,82.50,-,0
2018-03-21,82.50,82.50,82.50,82.50,-,0
2018-03-22,82.50,82.50,82.50,82.50,-,0
2018-03-23,82.50,82.50,82.50,82.50,-,0
2018-03-26,82.50,82.50,82.50,82.50,-,0
2018-03-27,82.50,82.50,82.50,82.50,100,0
2018-03-28,82.50,82.50,82.50,82.50,-,0
2018-03-29,82.50,82.50,82.50,82.50,-,0
2018-04-02,80.22,80.22,80.22,80.22,100,0
2018-04-03,82.00,82.00,80.00,80.00,200,0
2018-04-04,80.00,80.00,80.00,80.00,100,0
2018-04-05,78.00,78.00,78.00,78.00,100,0
2018-04-06,78.00,78.00,78.00,78.00,200,0
2018-04-06,78.00,78.00,78.00,78.00,1,0