Date,Open,High,Low,Close,Volume,OpenInt
2017-02-17,24.909,24.928,24.89,24.89,855,0
2017-02-21,25.058,25.277,25.058,25.277,908,0
2017-02-22,25.365,25.396,25.365,25.386,1894,0
2017-02-23,25.272,25.296,25.237,25.277,1612,0
2017-02-24,25.277,25.277,25.277,25.277,0,0
2017-02-27,25.401,25.441,25.401,25.441,566,0
2017-02-28,25.416,25.416,25.277,25.277,562,0
2017-03-01,25.76,25.76,25.76,25.76,277,0
2017-03-02,25.501,25.501,25.501,25.501,141,0
2017-03-03,25.257,25.257,25.207,25.207,445,0
2017-03-06,25.198,25.217,25.16,25.16,10279,0
2017-03-07,25.168,25.168,25.108,25.128,2901,0
2017-03-08,24.968,24.968,24.869,24.869,214,0
2017-03-09,24.939,24.939,24.939,24.939,100,0
2017-03-10,24.659,24.659,24.659,24.659,225,0
2017-03-13,24.859,24.859,24.849,24.849,1771,0
2017-03-14,24.919,24.919,24.645,24.661,1971,0
2017-03-15,24.939,24.939,24.859,24.859,392,0
2017-03-16,25.008,25.028,25.008,25.028,595,0
2017-03-17,25.209,25.209,25.182,25.182,603,0
2017-03-20,25.158,25.158,25.043,25.043,2362,0
2017-03-21,25.038,25.038,24.958,24.958,1717,0
2017-03-22,24.759,24.759,24.759,24.759,744,0
2017-03-23,24.849,24.859,24.849,24.849,20353,0
2017-03-24,24.879,24.879,24.777,24.795,7888,0
2017-03-27,24.795,24.795,24.795,24.795,0,0
2017-03-28,24.73,24.894,24.73,24.894,8398,0
2017-03-29,24.909,25.018,24.909,25.018,806,0
2017-03-30,24.958,25.054,24.958,25.054,554,0
2017-03-31,25.146,25.346,25.146,25.346,1709,0
2017-04-03,25.168,25.168,25.168,25.168,373,0
2017-04-05,25.168,25.168,25.168,25.168,0,0
2017-04-06,25.079,25.079,25.079,25.079,993,0
2017-04-07,25.267,25.267,25.184,25.184,608,0
2017-04-10,25.043,25.043,25.043,25.043,191,0
2017-04-11,25.336,25.336,25.336,25.336,583,0
2017-04-12,25.064,25.108,25.054,25.054,705,0
2017-04-13,25.098,25.098,24.849,24.849,1941,0
2017-04-17,24.991,24.991,24.991,24.991,578,0
2017-04-18,25.207,25.207,25.113,25.138,1068,0
2017-04-19,25.188,25.188,25.169,25.169,715,0
2017-04-20,26.38,26.38,25.178,25.296,1671,0
2017-04-21,25.436,25.436,25.346,25.363,3866,0
2017-04-24,25.685,25.744,25.666,25.713,2472,0
2017-04-25,26.719,26.719,26.719,26.719,0,0
2017-04-26,26.122,26.122,26.122,26.122,110,0
2017-04-27,26.042,26.042,26.042,26.042,201,0
2017-04-28,26.032,26.032,25.645,25.645,611,0
2017-05-01,25.461,25.48,25.426,25.48,574,0
2017-05-02,25.416,25.416,25.416,25.416,201,0
2017-05-03,25.242,25.311,25.242,25.291,1347,0
2017-05-04,26.351,26.351,26.351,26.351,0,0
2017-05-05,26.351,26.351,26.351,26.351,17,0
2017-05-08,26.351,26.351,26.351,26.351,0,0
2017-05-09,25.048,25.296,25.048,25.263,9089,0
2017-05-10,25.257,25.257,25.257,25.257,0,0
2017-05-11,25.028,25.028,24.979,25.018,1961,0
2017-05-12,25.108,25.108,25.108,25.108,100,0
2017-05-15,25.222,25.267,25.222,25.267,303,0
2017-05-16,25.217,25.286,25.217,25.237,1266,0
2017-05-17,25.028,25.028,24.998,25.028,360,0
2017-05-18,24.889,24.889,24.769,24.769,932,0
2017-05-19,24.769,24.769,24.769,24.769,0,0
2017-05-22,24.769,24.769,24.769,24.769,0,0
2017-05-23,25.168,25.207,25.168,25.207,1188,0
2017-05-24,25.346,25.346,25.346,25.346,680,0
2017-05-25,25.326,25.326,25.286,25.286,216,0
2017-05-26,25.178,25.178,25.178,25.178,1106,0
2017-05-30,25.655,25.655,25.655,25.655,103,0
2017-05-31,25.336,25.336,25.207,25.261,1243,0
2017-06-01,25.605,25.605,25.605,25.605,563,0
2017-06-02,25.804,25.863,25.804,25.804,232,0
2017-06-05,25.804,25.804,25.804,25.804,0,0
2017-06-06,25.804,25.804,25.804,25.804,0,0
2017-06-07,25.575,25.575,25.466,25.466,385,0
2017-06-08,25.734,25.734,25.466,25.466,100,0
2017-06-09,25.918,25.918,25.918,25.918,100,0
2017-06-12,25.953,26.121,25.953,26.121,905,0
2017-06-13,26.121,26.121,26.121,26.121,0,0
2017-06-14,26.121,26.121,26.121,26.121,0,0
2017-06-15,26.121,26.121,26.121,26.121,0,0
2017-06-16,26.121,26.121,26.121,26.121,0,0
2017-06-19,26.121,26.121,26.121,26.121,0,0
2017-06-20,26.102,26.102,25.892,26.102,200,0
2017-06-21,26.102,26.102,26.102,26.102,1,0
2017-06-22,26.102,26.102,26.102,26.102,0,0
2017-06-23,25.803,25.842,25.803,25.842,5967,0
2017-06-26,25.932,25.932,25.842,25.842,200,0
2017-06-27,26.182,26.182,26.182,26.182,110,0
2017-06-28,25.888,25.888,25.888,25.888,301,0
2017-06-29,25.888,25.888,25.888,25.888,0,0
2017-06-30,26.042,26.042,26.042,26.042,692,0
2017-07-03,26.042,26.042,26.042,26.042,0,0
2017-07-05,25.882,25.882,25.839,25.839,370,0
2017-07-06,25.839,25.839,25.839,25.839,0,0
2017-07-07,25.773,25.773,25.773,25.773,192,0
2017-07-10,25.987,25.987,25.987,25.987,148,0
2017-07-11,25.902,25.902,25.902,25.902,253,0
2017-07-12,26.152,26.152,26.152,26.152,169,0
2017-07-13,26.152,26.152,26.152,26.152,0,0
2017-07-14,26.152,26.152,26.152,26.152,0,0
2017-07-17,26.411,26.411,26.152,26.152,200,0
2017-07-18,26.152,26.152,26.152,26.152,0,0
2017-07-19,26.152,26.152,26.152,26.152,0,0
2017-07-20,26.761,26.761,26.761,26.761,930,0
2017-07-21,26.761,26.761,26.761,26.761,0,0
2017-07-24,26.989,26.989,26.644,26.644,727,0
2017-07-25,26.791,26.791,26.711,26.791,1231,0
2017-07-26,26.741,26.741,26.741,26.741,501,0
2017-07-27,26.541,26.541,26.401,26.431,1250,0
2017-07-28,26.431,26.431,26.431,26.431,0,0
2017-07-31,26.701,26.701,26.701,26.701,0,0
2017-08-01,26.681,26.701,26.681,26.701,100,0
2017-08-02,26.571,26.571,26.571,26.571,118,0
2017-08-03,26.202,26.342,26.202,26.202,7414,0
2017-08-04,26.202,26.202,26.202,26.202,0,0
2017-08-07,26.202,26.202,26.202,26.202,0,0
2017-08-08,26.601,26.601,26.601,26.601,0,0
2017-08-09,26.362,26.362,26.288,26.288,4178,0
2017-08-10,26.288,26.288,26.288,26.288,0,0
2017-08-11,26.288,26.288,26.288,26.288,0,0
2017-08-14,25.952,25.952,25.952,25.952,207,0
2017-08-15,26.212,26.212,26.212,26.212,100,0
2017-08-16,26.212,26.212,26.212,26.212,0,0
2017-08-17,26.212,26.212,26.212,26.212,0,0
2017-08-18,25.603,25.733,25.603,25.733,643,0
2017-08-21,25.733,25.733,25.733,25.733,0,0
2017-08-22,25.768,25.768,25.768,25.768,250,0
2017-08-23,25.713,25.713,25.713,25.713,0,0
2017-08-24,25.713,25.713,25.713,25.713,0,0
2017-08-25,25.813,25.882,25.813,25.882,606,0
2017-08-28,25.882,25.882,25.882,25.882,0,0
2017-08-29,25.882,25.882,25.882,25.882,0,0
2017-08-30,25.882,25.882,25.882,25.882,0,0
2017-08-31,26.042,26.215,26.042,26.215,701,0
2017-09-01,26.215,26.215,26.215,26.215,0,0
2017-09-05,26.272,26.272,26.272,26.272,0,0
2017-09-06,26.33,26.33,26.33,26.33,175,0
2017-09-07,26.33,26.33,26.33,26.33,0,0
2017-09-08,26.33,26.33,26.33,26.33,0,0
2017-09-11,26.801,26.801,26.761,26.761,795,0
2017-09-12,26.771,26.771,26.771,26.771,100,0
2017-09-13,26.771,26.771,26.771,26.771,0,0
2017-09-14,26.731,26.731,26.731,26.731,0,0
2017-09-15,26.821,26.821,26.821,26.821,439,0
2017-09-18,27,27,27,27,0,0
2017-09-19,27.083,27.18,27.083,27.18,325,0
2017-09-20,27.18,27.18,27.18,27.18,0,0
2017-09-21,27.18,27.18,27.18,27.18,0,0
2017-09-22,27.18,27.18,27.18,27.18,0,0
2017-09-25,28.1,28.1,28.1,28.1,0,0
2017-09-26,28.03,28.03,28.03,28.03,251,0
2017-09-27,28,28,27.9664,27.9664,436,0
2017-09-28,27.9664,27.9664,27.9664,27.9664,0,0
2017-09-29,27.9664,27.9664,27.9664,27.9664,0,0
2017-10-02,28.24,28.24,28.24,28.24,0,0
2017-10-03,28.24,28.24,28.24,28.24,0,0
2017-10-04,28.24,28.24,28.24,28.24,0,0
2017-10-05,28.24,28.24,28.24,28.24,0,0
2017-10-06,28.24,28.24,28.24,28.24,0,0
2017-10-09,28.718,28.718,28.718,28.718,215,0
2017-10-10,28.86,28.86,28.86,28.86,83,0
2017-10-11,28.86,28.86,28.86,28.86,114,0
2017-10-12,28.77,28.77,28.77,28.77,110,0
2017-10-13,28.77,28.77,28.77,28.77,121,0
2017-10-16,28.77,28.77,28.77,28.77,116,0
2017-10-17,28.78,28.78,28.78,28.78,49,0
2017-10-18,28.78,28.78,28.78,28.78,0,0
2017-10-19,28.78,28.78,28.78,28.78,4,0
2017-10-20,28.9116,28.9116,28.88,28.88,305,0
2017-10-23,28.98,28.98,28.98,28.98,49,0
2017-10-24,28.98,28.98,28.98,28.98,61,0
2017-10-25,28.4,28.4,28.4,28.4,205,0
2017-10-26,28.6599,28.6599,28.5956,28.5956,200,0
2017-10-27,28.5956,28.5956,28.5956,28.5956,238,0
2017-10-30,28.95,28.95,28.42,28.42,5236,0
2017-10-31,28.5644,28.5644,28.5644,28.5644,101,0
2017-11-01,28.4963,28.4963,28.4963,28.4963,100,0
2017-11-02,28.4963,28.4963,28.4963,28.4963,231,0
2017-11-03,28.4963,28.4963,28.4963,28.4963,34,0
2017-11-06,28.79,28.79,28.79,28.79,14,0
2017-11-07,28.69,28.69,28.69,28.69,207,0
2017-11-08,28.59,28.59,28.59,28.59,144,0
2017-11-09,28.59,28.59,28.59,28.59,157,0
2017-11-10,28.59,28.59,28.59,28.59,27,0
2017-11-15,28.6000,28.6000,28.6000,28.6000,1500,0
2017-11-16,28.7800,28.7800,28.7800,28.7800,1000,0
2017-11-17,28.7800,28.7800,28.7800,28.7800,100,0
2017-11-20,28.7800,28.7800,28.7800,28.7800,-,0
2017-11-21,28.7800,28.7800,28.7800,28.7800,-,0
2017-11-22,29.3900,29.3900,29.3900,29.3900,300,0
2017-11-24,29.3900,29.3900,29.3900,29.3900,100,0
2017-11-27,29.5800,29.5800,29.4320,29.4320,300,0
2017-11-28,29.6100,29.6200,29.6100,29.6200,300,0
2017-11-29,29.8300,29.8690,29.8300,29.8300,600,0
2017-11-30,30.0200,30.0200,30.0200,30.0200,200,0
2017-12-01,29.8300,29.8300,29.8300,29.8300,800,0
2017-12-04,29.8300,29.8300,29.8300,29.8300,100,0
2017-12-05,29.7000,29.7000,29.7000,29.7000,600,0
2017-12-06,29.7000,29.7000,29.7000,29.7000,-,0
2017-12-07,29.7000,29.7000,29.7000,29.7000,-,0
2017-12-08,29.7900,29.7900,29.7900,29.7900,100,0
2017-12-11,29.8100,29.8100,29.8100,29.8100,100,0
2017-12-12,29.5000,29.5000,29.5000,29.5000,100,0
2017-12-13,29.3900,29.6000,29.3900,29.5720,2300,0
2017-12-14,29.6500,29.6500,29.6500,29.6500,100,0
2017-12-15,29.7400,29.7400,29.7400,29.7400,200,0
2017-12-18,30.4900,30.4900,30.4900,30.4900,300,0
2017-12-19,29.9300,29.9300,29.5500,29.5500,1200,0
2017-12-20,29.7200,29.7200,29.7200,29.7200,100,0
2017-12-21,29.8300,29.8300,29.8300,29.8300,100,0
2017-12-22,29.6340,29.7300,29.6340,29.7300,900,0
2017-12-26,29.8680,29.8680,29.7060,29.7700,600,0
2017-12-27,29.9400,29.9800,29.8800,29.8800,2100,0
2017-12-28,29.9600,29.9600,29.6750,29.7500,1800,0
2017-12-29,29.8100,29.9200,29.8100,29.8100,1100,0
2018-01-02,30.1500,30.1500,29.7000,29.7000,5000,0
2018-01-03,29.8300,29.8300,29.5320,29.6010,1500,0
2018-01-04,29.7500,29.8000,29.7000,29.7050,1200,0
2018-01-05,29.7100,29.7500,29.5900,29.7200,1600,0
2018-01-08,30.0600,30.0600,29.7400,29.9700,1700,0
2018-01-09,30.0700,30.1600,29.8700,29.8700,3100,0
2018-01-10,29.7500,29.7500,29.5400,29.5900,5900,0
2018-01-11,29.7500,29.9300,29.7500,29.9190,1900,0
2018-01-12,29.9690,30.0100,29.9030,29.9040,1300,0
2018-01-16,30.1500,30.1500,29.6800,29.9310,1400,0
2018-01-17,30.1300,30.1300,30.1300,30.1300,300,0
2018-01-18,30.1100,30.1100,29.9900,30.0000,1300,0
2018-01-19,30.4600,30.4600,30.0800,30.3800,1800,0
2018-01-22,30.8400,30.8400,30.1900,30.2700,5000,0
2018-01-23,30.3500,30.4200,30.2290,30.2590,800,0
2018-01-24,30.3400,30.3400,30.3400,30.3400,1500,0
2018-01-25,30.4500,30.4600,30.3400,30.4100,2900,0
2018-01-26,30.4800,30.5900,30.3910,30.5600,1300,0
2018-01-29,30.6200,30.6200,30.3200,30.3800,1500,0
2018-01-30,30.3800,30.3800,30.0000,30.1400,2900,0
2018-01-31,30.0300,30.0500,29.8400,29.9100,4100,0
2018-02-01,30.0700,30.2500,30.0700,30.0800,1100,0
2018-02-02,29.8900,29.8900,29.7800,29.7800,500,0
2018-02-05,29.3600,29.5450,29.1230,29.1230,1300,0
2018-02-06,28.2300,28.4400,28.2010,28.2860,1900,0
2018-02-07,28.4600,28.7100,28.4500,28.7100,1000,0
2018-02-08,28.5000,28.5000,27.8500,28.0000,3600,0
2018-02-09,27.6500,28.1200,27.5900,27.5900,1700,0
2018-02-12,28.4200,28.5500,28.4200,28.5500,1000,0
2018-02-13,28.5500,28.7000,28.5500,28.6200,500,0
2018-02-14,28.7200,28.7200,28.7200,28.7200,500,0
2018-02-15,28.7200,28.7200,28.7200,28.7200,100,0
2018-02-16,29.6640,29.6640,29.5100,29.6640,600,0
2018-02-20,29.4470,29.4470,29.2400,29.2400,1400,0
2018-02-21,29.5620,29.5620,29.3200,29.5620,500,0
2018-02-22,29.5800,29.5800,29.3310,29.3310,3400,0
2018-02-23,29.5200,29.6600,29.5200,29.5200,300,0
2018-02-26,29.8100,29.8100,29.6600,29.6600,300,0
2018-02-27,29.6600,29.6600,29.5900,29.6600,400,0
2018-02-28,29.5100,29.5100,29.0600,29.5100,500,0
2018-03-01,29.0450,29.0600,28.8100,28.9000,700,0
2018-03-02,28.6900,28.7700,28.6900,28.6900,800,0
2018-03-05,28.7500,28.9800,28.7500,28.7500,600,0
2018-03-06,29.3800,29.3800,29.0100,29.1860,800,0
2018-03-07,29.4800,29.4800,29.1800,29.1800,200,0
2018-03-08,29.7100,29.7100,29.3800,29.5370,1800,0
2018-03-09,30.0500,30.0500,29.9900,29.9900,400,0
2018-03-12,30.1500,30.1500,29.9900,29.9900,800,0
2018-03-13,30.1000,30.1000,29.8100,29.8100,700,0
2018-03-14,29.8100,29.8100,29.7100,29.7300,400,0
2018-03-15,29.8500,29.8500,29.6690,29.6690,1000,0
2018-03-16,29.2800,29.8200,29.2800,29.8110,800,0
2018-03-19,29.7890,29.8100,29.7860,29.7860,700,0
2018-03-20,30.1000,30.1000,29.8300,29.9000,1400,0
2018-03-21,29.7200,29.8000,29.7200,29.7200,400,0
2018-03-22,29.6000,29.6000,29.1500,29.6000,500,0
2018-03-23,29.1300,29.1300,28.8700,28.8700,600,0
2018-03-26,29.0600,29.0900,28.9800,28.9800,600,0
2018-03-27,29.3400,29.3400,29.3400,29.3400,100,0
2018-03-28,28.5400,28.6330,28.5400,28.6330,400,0
2018-03-29,28.9600,28.9700,28.9600,28.9600,400,0
2018-04-02,28.8450,28.8450,28.2100,28.4100,500,0
2018-04-03,28.5200,28.6600,28.4070,28.4700,1200,0
2018-04-04,28.4710,28.8300,28.4710,28.4710,600,0
2018-04-05,29.1700,29.2200,28.9200,28.9200,700,0
2018-04-06,28.5800,29.1800,28.5800,29.1800,300,0
2018-04-09,28.7650,28.7650,28.5300,28.7589,953,0