Date,Open,High,Low,Close,Volume,OpenInt
2017-04-21,15.3,15.3,15.1105,15.168,25650,0
2017-04-24,15.6,15.6,15.3202,15.3598,5000,0
2017-04-25,15.55,15.55,15.4244,15.44,27151,0
2017-04-26,15.48,15.52,15.4159,15.47,3540,0
2017-04-27,15.55,15.55,15.3225,15.3997,8820,0
2017-04-28,15.5,15.5,15.3057,15.3057,15381,0
2017-05-01,15.41,15.41,15.2999,15.35,24003,0
2017-05-02,15.35,15.35,15.25,15.34,2440,0
2017-05-03,15.34,15.34,15.28,15.28,1004,0
2017-05-04,15.4,15.4,15.3,15.3,22981,0
2017-05-05,15.48,15.48,15.25,15.37,5689,0
2017-05-08,15.4096,15.4096,15.2638,15.271,3879,0
2017-05-09,15.37,15.41,15.3341,15.3341,3895,0
2017-05-10,15.3024,15.38,15.3024,15.365,600,0
2017-05-11,15.49,15.49,15.298,15.368,4766,0
2017-05-12,15.3089,15.36,15.2101,15.34,3086,0
2017-05-15,15.35,15.56,15.35,15.52,2648,0
2017-05-16,15.44,15.485,15.44,15.485,579,0
2017-05-17,15.4,15.4,15.11,15.11,5610,0
2017-05-18,15.11,15.11,15.1,15.1,1205,0
2017-05-19,15.25,15.3,15.24,15.3,848,0
2017-05-22,15.46,15.46,15.3529,15.3529,306,0
2017-05-23,15.39,15.39,15.3248,15.3248,8112,0
2017-05-24,15.3932,15.4199,15.3932,15.4,1879,0
2017-05-25,15.45,15.46,15.43,15.46,2701,0
2017-05-26,15.47,15.5299,15.47,15.4953,663,0
2017-05-30,15.53,15.53,15.46,15.47,1402,0
2017-05-31,15.3004,15.4299,15.3,15.4111,710,0
2017-06-01,15.55,15.74,15.526,15.74,2059,0
2017-06-02,15.6807,15.7143,15.6807,15.7143,421,0
2017-06-05,15.715,15.7499,15.715,15.7392,878,0
2017-06-06,15.68,15.68,15.5901,15.6592,1736,0
2017-06-07,15.61,15.84,15.61,15.84,800,0
2017-06-08,15.9001,15.9001,15.9001,15.9001,135,0
2017-06-09,16.125,16.2,16.12,16.12,2888,0
2017-06-12,16.124,16.2046,16.124,16.2046,1280,0
2017-06-13,16.3,16.3499,16.2497,16.2708,1692,0
2017-06-14,16.27,16.3547,16.1908,16.3547,1037,0
2017-06-15,16.3003,16.3393,16.3003,16.3393,1030,0
2017-06-16,16.45,16.45,16.3017,16.32,3703,0
2017-06-19,16.48,16.49,16.42,16.47,2019,0
2017-06-20,16.4743,16.4743,16.4,16.42,3592,0
2017-06-21,16.34,16.34,16.2569,16.2569,2069,0
2017-06-22,16.22,16.3199,16.22,16.31,11489,0
2017-06-23,16.28,16.28,16.22,16.22,867,0
2017-06-26,16.22,16.36,16.22,16.34,3723,0
2017-06-27,16.365,16.48,16.365,16.4102,6646,0
2017-06-28,16.54,16.63,16.5339,16.62,3657,0
2017-06-29,16.6403,16.65,16.54,16.55,2636,0
2017-06-30,16.54,16.55,16.536,16.54,3475,0
2017-07-03,16.71,16.71,16.71,16.71,400,0
2017-07-05,16.78,16.78,16.78,16.78,1861,0
2017-07-06,16.68,16.68,16.609,16.61,776,0
2017-07-07,16.65,16.74,16.65,16.74,1297,0
2017-07-10,16.79,16.83,16.7403,16.77,945,0
2017-07-11,16.75,16.75,16.68,16.6844,1474,0
2017-07-12,16.75,16.75,16.7145,16.7145,507,0
2017-07-13,16.71,16.8,16.71,16.8,4628,0
2017-07-14,16.7399,16.759,16.738,16.759,697,0
2017-07-17,16.6964,16.7599,16.6964,16.7599,2861,0
2017-07-18,16.76,16.76,16.64,16.7472,7174,0
2017-07-19,16.84,16.84,16.65,16.6674,1841,0
2017-07-20,16.75,16.75,16.7281,16.73,1068,0
2017-07-21,16.7604,16.7672,16.7604,16.7672,363,0
2017-07-24,16.7794,16.7794,16.7794,16.7794,346,0
2017-07-25,16.9486,16.9822,16.9486,16.9822,554,0
2017-07-26,17.0656,17.0656,16.96,16.96,2033,0
2017-07-27,16.7676,16.8099,16.6485,16.7,22737,0
2017-07-28,16.79,16.79,16.5601,16.6574,1138,0
2017-07-31,16.72,16.819,16.72,16.819,13469,0
2017-08-01,16.86,16.86,16.85,16.85,398,0
2017-08-02,16.94,16.94,16.6964,16.7246,4739,0
2017-08-03,16.739,16.74,16.718,16.74,2667,0
2017-08-04,16.8,16.8,16.7599,16.7599,6712,0
2017-08-07,16.7747,16.783,16.76,16.783,728,0
2017-08-08,16.7615,16.79,16.66,16.67,9599,0
2017-08-09,16.6,16.6456,16.6,16.6456,2300,0
2017-08-10,16.55,16.5504,16.3601,16.3601,7629,0
2017-08-11,16.4055,16.4202,16.3999,16.4,2148,0
2017-08-14,16.41,16.65,16.41,16.56,41785,0
2017-08-15,16.58,16.58,16.535,16.535,302,0
2017-08-16,16.6692,16.71,16.6692,16.71,610,0
2017-08-17,16.466,16.466,16.2572,16.2572,2268,0
2017-08-18,16.24,16.261,16.16,16.261,1754,0
2017-08-21,16.38,16.38,16.17,16.2551,13138,0
2017-08-22,16.39,16.39,16.29,16.37,2265,0
2017-08-23,16.3903,16.3903,16.3903,16.3903,170,0
2017-08-24,16.441,16.446,16.441,16.443,841,0
2017-08-25,16.519,16.519,16.519,16.519,205,0
2017-08-28,16.5563,16.5563,16.5563,16.5563,407,0
2017-08-29,16.29,16.3751,16.29,16.37,2409,0
2017-08-30,16.29,16.4,16.29,16.4,799,0
2017-08-31,16.5,16.555,16.5,16.555,736,0
2017-09-01,16.63,16.63,16.63,16.63,317,0
2017-09-05,16.435,16.435,16.34,16.3532,490,0
2017-09-06,16.405,16.405,16.3,16.3,245,0
2017-09-07,16.32,16.32,16.179,16.1902,8778,0
2017-09-08,16.1,16.36,16.1,16.36,6721,0
2017-09-11,16.52,16.52,16.52,16.52,370,0
2017-09-12,16.62,16.66,16.6075,16.6543,982,0
2017-09-13,16.59,16.59,16.585,16.585,250,0
2017-09-14,16.67,16.67,16.6548,16.6548,200,0
2017-09-15,16.54,16.6452,16.54,16.6451,2260,0
2017-09-18,16.65,16.75,16.65,16.75,409,0
2017-09-19,16.8,16.85,16.8,16.8399,1053,0
2017-09-20,16.81,16.9,16.81,16.9,709,0
2017-09-21,16.86,16.9797,16.86,16.9697,8355,0
2017-09-22,17.019,17.019,17.005,17.005,573,0
2017-09-25,17.009,17.009,17.009,17.009,192,0
2017-09-26,17.06,17.11,17.06,17.0701,1431,0
2017-09-27,17.2236,17.2236,17.21,17.22,1823,0
2017-09-28,17.309,17.31,17.28,17.3099,1278,0
2017-09-29,17.34,17.4351,17.34,17.4351,347,0
2017-10-02,17.53,17.5899,17.53,17.5899,205,0
2017-10-03,17.5439,17.63,17.5439,17.63,277,0
2017-10-04,17.62,17.7264,17.62,17.7264,1136,0
2017-10-05,17.7588,17.86,17.7588,17.86,455,0
2017-10-06,17.82,17.82,17.76,17.76,417,0
2017-10-10,17.78,17.78,17.78,17.78,276,0
2017-10-11,17.9,17.91,17.7543,17.91,9569,0
2017-10-12,17.96,18.03,17.955,17.97,4361,0
2017-10-13,18.08,18.08,17.8932,17.94,4418,0
2017-10-16,17.9442,17.98,17.85,17.8743,858,0
2017-10-17,17.99,17.99,17.7,17.7,5272,0
2017-10-18,17.79,17.82,17.79,17.82,697,0
2017-10-19,17.7,17.7699,17.7,17.7699,666,0
2017-10-20,17.88,17.96,17.88,17.923,4019,0
2017-10-23,17.87,17.9,17.87,17.87,3883,0
2017-10-24,17.9241,17.9241,17.905,17.905,489,0
2017-10-25,17.89,17.89,17.64,17.729,2083,0
2017-10-26,17.8206,17.96,17.8206,17.96,4604,0
2017-10-27,17.78,17.939,17.78,17.884,1425,0
2017-10-30,17.7404,17.7404,17.7,17.7,209,0
2017-10-31,17.65,17.65,17.6252,17.6421,617,0
2017-11-01,17.7,17.71,17.66,17.66,421,0
2017-11-02,17.65,17.862,17.65,17.862,767,0
2017-11-03,17.8252,17.872,17.8252,17.872,589,0
2017-11-06,17.8556,17.88,17.8556,17.88,314,0
2017-11-07,17.98,17.98,17.98,17.98,145,0
2017-11-08,17.735,17.7821,17.735,17.7821,249,0
2017-11-09,17.59,17.69,17.59,17.69,653,0
2017-11-10,17.7999,17.7999,17.74,17.74,615,0
2017-11-14,17.67,17.69,17.67,17.69,300,0
2017-11-15,17.69,17.69,17.52,17.67,900,0
2017-11-16,17.80,17.85,17.80,17.80,1500,0
2017-11-17,17.80,17.83,17.80,17.83,1300,0
2017-11-20,17.90,18.00,17.90,17.98,4100,0
2017-11-21,18.03,18.09,18.03,18.09,700,0
2017-11-22,18.07,18.09,18.05,18.05,2400,0
2017-11-24,18.05,18.05,18.05,18.05,300,0
2017-11-27,18.16,18.16,18.02,18.04,1700,0
2017-11-28,18.12,18.36,18.12,18.36,3800,0
2017-11-29,18.60,18.60,18.46,18.48,11800,0
2017-11-30,18.59,18.80,18.59,18.64,2600,0
2017-12-01,18.65,18.72,18.65,18.72,1200,0
2017-12-04,19.03,19.05,18.96,18.98,3500,0
2017-12-05,19.03,19.07,18.92,18.92,24600,0
2017-12-06,18.92,18.94,18.83,18.85,83600,0
2017-12-07,18.86,18.93,18.80,18.93,1600,0
2017-12-08,19.04,19.04,18.89,19.03,3900,0
2017-12-11,19.14,19.14,18.98,19.05,2000,0
2017-12-12,19.05,19.17,19.05,19.17,1600,0
2017-12-13,19.09,19.17,19.09,19.13,3900,0
2017-12-14,18.99,18.99,18.84,18.84,1400,0
2017-12-15,19.05,19.11,19.01,19.08,3600,0
2017-12-18,19.18,19.18,19.15,19.15,1400,0
2017-12-19,19.18,19.18,19.11,19.12,800,0
2017-12-20,19.11,19.11,19.02,19.02,1000,0
2017-12-21,19.18,19.20,19.13,19.17,3400,0
2017-12-22,19.16,19.16,19.10,19.16,1900,0
2017-12-26,19.03,19.03,18.96,18.97,1200,0
2017-12-27,18.91,19.00,18.91,18.99,2000,0
2017-12-28,19.08,19.08,18.99,19.03,4600,0
2017-12-29,19.07,19.08,19.04,19.05,5000,0
2018-01-02,19.00,19.02,18.92,18.95,4500,0
2018-01-03,18.97,19.07,18.97,19.07,4100,0
2018-01-04,19.17,19.28,18.98,19.28,1600,0
2018-01-05,19.31,19.40,19.31,19.40,1600,0
2018-01-08,19.41,19.54,19.36,19.49,4300,0
2018-01-09,19.64,19.73,19.64,19.69,1100,0
2018-01-10,19.72,19.95,19.72,19.90,4100,0
2018-01-11,19.89,19.95,19.89,19.95,1000,0
2018-01-12,20.13,20.26,20.13,20.23,5400,0
2018-01-16,20.45,20.48,20.12,20.15,4900,0
2018-01-17,20.21,20.34,20.21,20.32,1100,0
2018-01-18,20.37,20.37,20.21,20.27,3600,0
2018-01-19,20.37,20.43,20.32,20.43,500,0
2018-01-22,20.35,20.44,20.32,20.44,3000,0
2018-01-23,20.48,20.50,20.46,20.46,2900,0
2018-01-24,20.58,20.65,20.48,20.53,2200,0
2018-01-25,20.48,20.48,20.42,20.44,900,0
2018-01-26,20.51,20.63,20.51,20.63,1400,0
2018-01-29,20.60,20.60,20.43,20.43,4000,0
2018-01-30,20.31,20.31,20.22,20.23,43800,0
2018-01-31,20.23,20.27,20.22,20.24,2900,0
2018-02-01,20.13,20.42,20.13,20.42,500,0
2018-02-02,20.34,20.34,19.94,19.99,11000,0
2018-02-05,19.94,19.96,19.14,19.43,10700,0
2018-02-06,18.64,19.28,18.64,19.18,11300,0
2018-02-07,19.50,19.62,19.45,19.56,3300,0
2018-02-08,19.61,19.67,19.19,19.23,6400,0
2018-02-09,19.25,19.50,18.89,19.50,5100,0
2018-02-12,19.69,19.86,19.58,19.80,9800,0
2018-02-13,19.79,19.81,19.75,19.81,1300,0
2018-02-14,19.75,20.23,19.75,20.19,2500,0
2018-02-15,20.27,20.37,20.17,20.37,1400,0
2018-02-16,20.42,20.44,20.40,20.40,600,0
2018-02-20,20.40,20.59,20.40,20.47,4500,0
2018-02-21,20.58,20.74,20.44,20.44,5800,0
2018-02-22,20.42,20.42,20.22,20.22,1100,0
2018-02-23,20.33,20.47,20.33,20.47,900,0
2018-02-26,20.43,20.65,20.43,20.65,3300,0
2018-02-27,20.83,20.83,20.73,20.76,3500,0
2018-02-28,20.75,20.81,20.50,20.51,7200,0
2018-03-01,20.40,20.52,20.17,20.20,8500,0
2018-03-02,20.03,20.36,20.03,20.35,6600,0
2018-03-05,20.31,21.13,20.25,20.70,5800,0
2018-03-06,20.75,20.91,20.68,20.91,3100,0
2018-03-07,20.77,20.81,20.77,20.81,500,0
2018-03-08,21.00,21.04,20.91,21.04,2300,0
2018-03-09,21.10,21.56,21.08,21.53,6700,0
2018-03-12,21.57,21.58,21.40,21.42,11600,0
2018-03-13,21.64,21.64,21.15,21.15,15600,0
2018-03-14,21.14,21.17,21.00,21.02,19300,0
2018-03-15,21.16,21.16,20.93,21.00,11100,0
2018-03-16,21.02,21.15,21.02,21.13,5000,0
2018-03-19,21.08,21.08,20.75,20.97,6700,0
2018-03-20,20.99,21.13,20.98,21.09,5700,0
2018-03-21,21.16,21.27,21.10,21.20,3600,0
2018-03-22,21.00,21.00,20.40,20.40,6800,0
2018-03-23,20.44,20.65,20.11,20.11,4300,0
2018-03-26,20.28,20.69,20.28,20.66,2700,0
2018-03-27,20.74,20.79,20.26,20.26,3300,0
2018-03-28,20.24,20.30,20.16,20.30,1700,0
2018-03-29,20.33,20.63,20.29,20.56,4900,0
2018-04-02,20.44,20.44,19.89,19.96,6600,0
2018-04-03,20.15,20.31,20.10,20.31,3900,0
2018-04-04,19.87,20.47,19.87,20.46,8000,0
2018-04-05,20.59,20.66,20.50,20.61,6600,0
2018-04-06,20.44,20.44,20.00,20.09,5500,0
2018-04-09,20.14,20.51,20.14,20.25,2638,0