Date,Open,High,Low,Close,Volume,OpenInt
2017-05-09,24.86,24.95,24.85,24.85,1700,0
2017-05-10,24.41,24.41,24.41,24.41,201,0
2017-05-12,23.847,23.847,23.847,23.847,500,0
2017-05-15,24.3801,24.52,24.38,24.3999,2650,0
2017-05-23,23.61,23.61,23.5825,23.5825,200,0
2017-05-24,23.99,23.9981,23.99,23.9981,200,0
2017-05-26,25.18,25.19,25.18,25.19,213,0
2017-05-31,24.9756,24.9756,24.9756,24.9756,200,0
2017-06-01,25.26,25.26,25.26,25.26,500,0
2017-06-05,26.469,26.47,26.31,26.3106,1157,0
2017-06-07,25.989,25.989,25.989,25.989,134,0
2017-06-14,27.53,27.53,26.77,26.77,5010,0
2017-06-15,26.87,26.87,26.8298,26.87,1601,0
2017-06-16,26.92,26.92,26.91,26.91,4001,0
2017-06-19,27.3028,27.3693,27.3028,27.3693,2102,0
2017-06-20,26.36,26.43,26.36,26.4,1095,0
2017-06-21,26.23,26.23,26.09,26.14,2791,0
2017-06-23,27.12,27.12,27.12,27.12,502,0
2017-06-28,28.1599,28.1599,28.1599,28.1599,154,0
2017-06-29,27.7984,27.7984,27.7984,27.7984,101,0
2017-07-05,28.8801,29.32,28.8099,29.1364,1226,0
2017-07-06,29.5,29.5,28.565,28.94,1383,0
2017-07-07,29.3143,29.5687,29.3143,29.5687,455,0
2017-07-10,30,30,29.29,29.38,5898,0
2017-07-12,29.475,29.64,29.475,29.56,5427,0
2017-07-13,30,30,29.59,29.59,8609,0
2017-07-14,29.92,29.92,29.92,29.92,500,0
2017-07-17,29.94,29.94,29.2899,29.2899,567,0
2017-07-18,29,29,29,29,1175,0
2017-07-19,28.29,28.44,28.185,28.38,17111,0
2017-07-20,27.55,27.6,27.4835,27.6,3739,0
2017-07-21,27.43,27.43,27.41,27.41,975,0
2017-07-24,27.1696,27.17,27.1188,27.1188,560,0
2017-07-25,27.39,27.7901,27.39,27.7,5135,0
2017-07-26,27.02,27.699,27.02,27.699,916,0
2017-07-27,25.76,25.76,24.7,24.7,2744,0
2017-07-28,25.14,25.14,24.8399,24.8399,2336,0
2017-07-31,25.42,25.42,24.89,24.89,1240,0
2017-08-01,25.09,25.09,24.5,24.5,458,0
2017-08-02,24.66,24.8499,24.66,24.8499,2384,0
2017-08-03,24.9388,25.11,24.8852,25.11,4686,0
2017-08-04,25.27,25.67,25.2325,25.67,6060,0
2017-08-07,25.67,25.85,25.67,25.85,8460,0
2017-08-08,25.315,26.0126,25.22,25.22,3082,0
2017-08-09,25,25.28,24.9844,25.181,4790,0
2017-08-10,25,25.0495,24.48,24.486,3755,0
2017-08-14,25.933,26.2901,25.933,26.1301,1533,0
2017-08-15,26.28,26.4994,26.28,26.4994,1701,0
2017-08-16,26.8202,27,26.62,26.62,5670,0
2017-08-17,25.06,25.072,24.84,24.93,8152,0
2017-08-18,24.06,24.43,24.06,24.43,2327,0
2017-08-22,24.7413,24.7413,24.66,24.6601,1100,0
2017-08-23,24.35,24.35,24.29,24.29,3902,0
2017-08-24,23.93,24.0745,23.47,23.47,615,0
2017-08-25,24,24.63,24,24.54,5468,0
2017-08-28,24.4215,24.4215,24.33,24.33,350,0
2017-08-29,24.32,25.21,24.32,25.21,6601,0
2017-08-30,25.8644,26,25.83,25.83,5506,0
2017-09-01,26.35,26.55,26.35,26.4928,4731,0
2017-09-05,25.51,25.83,25.47,25.53,5322,0
2017-09-06,25.79,26,25.79,25.97,6142,0
2017-09-08,26.06,26.49,26.06,26.49,4302,0
2017-09-11,27.48,27.48,26.84,27.27,6970,0
2017-09-12,27.62,27.8,27.62,27.8,5251,0
2017-09-14,27.86,27.8695,27.82,27.8695,2999,0
2017-09-18,27.719,27.74,27.719,27.74,436,0
2017-09-21,29.1231,29.1231,29.1231,29.1231,100,0
2017-09-22,28.8401,28.89,28.8401,28.89,2583,0
2017-09-27,30.24,30.6,30.24,30.6,4765,0
2017-09-28,30.63,30.9716,30.61,30.9067,3450,0
2017-09-29,31.255,31.29,31.045,31.16,2432,0
2017-10-02,31.2,31.2,30.6399,30.9475,2443,0
2017-10-03,31.19,31.5247,31.19,31.34,2000,0
2017-10-04,31.79,31.79,31.22,31.2709,3797,0
2017-10-05,31.3,31.3,30.9,31.155,1700,0
2017-10-06,31.21,31.2634,30.8,30.8,661,0
2017-10-09,30.6066,30.6066,30.49,30.49,753,0
2017-10-11,31.6373,31.64,31.6373,31.64,325,0
2017-10-12,32.18,32.18,31.625,31.6761,1209,0
2017-10-13,31.9,31.9,31.9,31.9,1082,0
2017-10-16,31.93,31.93,30.18,30.558,6548,0
2017-10-18,30.7299,30.73,30.6696,30.6832,2259,0
2017-10-19,30.25,30.7663,29.9,30.68,2776,0
2017-10-20,31.5468,31.59,31.42,31.42,6599,0
2017-10-23,31.2608,31.33,31.26,31.33,1512,0
2017-10-24,31.5035,31.5035,31.5035,31.5035,100,0
2017-10-26,30.7301,31.16,30.71,30.71,7325,0
2017-10-27,30.8,30.9207,30.8,30.9207,654,0
2017-10-30,30.84,30.84,29.82,29.85,2597,0
2017-10-31,29.764,29.8569,29.515,29.515,855,0
2017-11-01,29.45,29.599,29.45,29.599,3537,0
2017-11-02,29.3473,29.5,29.265,29.5,651,0
2017-11-03,29.4453,29.4453,29.4453,29.4453,100,0
2017-11-06,29.5,29.5,29.31,29.383,3762,0
2017-11-07,29.1537,29.1537,29.1537,29.1537,1087,0
2017-11-08,28.24,28.24,28.24,28.24,400,0
2017-11-09,28.039,28.039,27.26,27.35,9723,0
2017-11-10,27.35,27.35,27.1898,27.1898,2350,0
2017-11-16,27.17,28.03,27.17,27.99,9600,0
2017-11-17,27.42,27.65,27.01,27.12,12900,0
2017-11-20,27.13,27.44,26.92,27.44,5000,0
2017-11-21,27.81,28.26,27.76,28.24,4900,0
2017-11-22,28.33,28.57,28.29,28.42,6300,0
2017-11-24,28.40,28.40,28.24,28.25,1300,0
2017-11-27,28.22,28.23,27.80,28.08,4000,0
2017-11-28,28.28,29.41,28.28,29.37,34000,0
2017-11-29,29.90,32.39,29.90,32.38,34500,0
2017-11-30,33.02,35.04,32.84,34.27,40500,0
2017-12-01,34.27,34.45,31.77,33.47,42300,0
2017-12-04,35.24,36.51,35.15,35.30,55100,0
2017-12-05,35.99,35.99,33.69,33.69,39300,0
2017-12-06,33.81,34.00,33.29,33.70,23700,0
2017-12-07,33.43,35.14,33.43,35.14,11800,0
2017-12-08,36.50,36.50,35.47,35.47,7900,0
2017-12-11,35.50,35.51,34.92,35.09,11400,0
2017-12-12,35.00,35.46,34.99,35.15,11200,0
2017-12-13,33.97,33.97,32.20,32.41,19200,0
2017-12-14,32.58,32.96,31.63,31.73,36000,0
2017-12-15,32.34,32.82,32.20,32.33,17700,0
2017-12-18,33.33,33.72,33.28,33.72,21300,0
2017-12-19,34.12,34.12,33.11,33.75,7900,0
2017-12-20,34.50,34.95,34.22,34.62,16700,0
2017-12-21,35.55,35.55,34.21,34.56,31600,0
2017-12-22,34.64,35.04,34.45,34.95,5800,0
2017-12-26,35.70,35.70,34.96,35.01,21600,0
2017-12-27,34.96,35.15,34.96,35.10,7200,0
2017-12-28,34.45,34.69,34.31,34.69,19000,0
2017-12-29,35.15,35.15,34.51,34.51,67400,0
2018-01-02,34.43,35.98,34.43,35.85,68800,0
2018-01-03,36.67,36.67,35.75,36.30,14000,0
2018-01-04,36.83,37.31,36.23,36.83,20500,0
2018-01-05,37.00,37.99,36.60,37.18,27600,0
2018-01-08,37.53,38.24,37.51,38.24,20800,0
2018-01-09,38.46,38.72,37.86,38.39,24300,0
2018-01-10,38.05,39.16,38.05,38.37,14600,0
2018-01-11,38.88,41.13,38.80,41.13,61900,0
2018-01-12,41.79,42.13,41.15,42.06,43200,0
2018-01-16,43.00,43.11,39.83,40.43,65200,0
2018-01-17,40.93,41.04,40.30,40.73,37900,0
2018-01-18,41.25,41.49,40.59,40.69,34400,0
2018-01-19,41.10,41.27,40.12,41.18,22800,0
2018-01-22,41.20,41.98,40.60,41.60,20100,0
2018-01-23,41.80,41.90,40.89,41.71,12700,0
2018-01-24,40.98,40.98,38.94,39.84,49700,0
2018-01-25,40.20,40.20,37.56,38.09,42800,0
2018-01-26,38.02,39.21,38.02,39.09,25900,0
2018-01-29,39.12,40.02,38.51,39.02,33800,0
2018-01-30,38.22,38.87,37.42,37.73,15100,0
2018-01-31,38.51,39.14,37.39,37.63,12000,0
2018-02-01,36.33,37.91,36.24,36.64,17800,0
2018-02-02,36.08,36.19,34.49,34.55,13800,0
2018-02-05,33.85,35.43,31.70,31.70,92200,0
2018-02-06,30.42,33.48,30.24,32.77,11700,0
2018-02-07,34.00,34.16,33.06,33.51,26600,0
2018-02-08,33.76,33.78,29.82,29.82,10500,0
2018-02-09,29.24,29.73,26.71,29.24,21300,0
2018-02-12,29.45,31.28,29.45,30.80,15100,0
2018-02-13,30.08,31.72,29.80,31.51,41100,0
2018-02-14,30.71,32.47,30.71,32.38,24400,0
2018-02-15,31.88,32.91,31.50,32.81,30100,0
2018-02-16,32.43,33.72,32.43,32.85,16000,0
2018-02-20,32.80,32.80,30.91,31.20,13000,0
2018-02-21,31.84,32.91,31.49,31.49,7700,0
2018-02-22,31.41,32.91,31.41,32.00,13100,0
2018-02-23,32.32,33.21,32.32,33.21,10100,0
2018-02-26,33.48,35.32,33.48,35.00,29400,0
2018-02-27,35.40,35.53,32.88,32.88,12400,0
2018-02-28,32.88,32.88,31.52,31.57,14100,0
2018-03-01,31.07,32.48,30.32,31.09,16000,0
2018-03-02,30.00,31.23,29.60,31.19,10900,0
2018-03-05,30.11,31.23,29.56,31.23,10200,0
2018-03-06,31.89,31.92,31.14,31.79,16500,0
2018-03-07,31.26,31.68,30.92,31.56,5000,0
2018-03-08,31.97,32.24,31.40,32.12,6800,0
2018-03-09,32.51,34.78,32.51,34.78,21900,0
2018-03-12,34.77,34.86,34.09,34.71,9000,0
2018-03-13,34.97,35.66,34.72,34.86,20900,0
2018-03-14,34.97,34.97,33.79,33.88,6600,0
2018-03-15,33.00,33.62,32.87,33.22,13200,0
2018-03-16,33.70,34.42,33.70,34.30,7700,0
2018-03-19,33.35,34.12,32.88,33.71,6500,0
2018-03-20,33.99,34.35,33.99,34.20,5800,0
2018-03-21,34.38,35.01,33.78,33.78,5900,0
2018-03-22,32.24,32.96,30.86,30.86,11700,0
2018-03-23,31.03,31.03,28.97,29.08,18600,0
2018-03-26,30.59,30.87,29.71,30.87,6700,0
2018-03-27,31.56,31.56,28.85,29.17,10300,0
2018-03-28,29.15,30.00,28.99,29.28,5400,0
2018-03-29,30.58,31.70,30.58,31.11,6500,0
2018-04-02,31.16,31.16,28.36,29.22,9000,0
2018-04-03,29.92,30.90,29.50,30.87,6400,0
2018-04-04,29.53,31.00,29.43,30.91,8800,0
2018-04-05,30.99,31.24,30.74,31.18,2500,0
2018-04-06,30.18,30.18,27.89,28.75,9600,0
2018-04-09,29.36,29.50,28.62,28.62,4212,0