Date,Open,High,Low,Close,Volume,OpenInt
2017-07-20,19.275,19.492,19.03,19.256,5791252,0
2017-07-21,19.216,19.492,19.128,19.344,725322,0
2017-07-24,19.285,19.433,19.236,19.423,745603,0
2017-07-25,19.364,19.511,19.256,19.275,498503,0
2017-07-26,19.334,19.492,19.197,19.423,1210540,0
2017-07-27,19.384,19.444,19.374,19.433,213478,0
2017-07-28,19.325,19.502,19.325,19.502,220510,0
2017-07-31,19.502,19.659,19.423,19.57,165685,0
2017-08-01,19.521,19.637,19.521,19.57,108353,0
2017-08-02,19.57,19.659,19.325,19.561,172435,0
2017-08-03,19.57,19.63,19.57,19.62,228573,0
2017-08-04,19.57,19.669,19.433,19.649,164285,0
2017-08-07,19.58,19.669,19.334,19.551,232182,0
2017-08-08,19.62,19.62,19.325,19.561,115025,0
2017-08-09,19.521,19.58,19.423,19.521,130923,0
2017-08-10,19.482,19.57,19.374,19.502,185112,0
2017-08-11,19.521,19.561,19.472,19.521,63963,0
2017-08-14,19.659,19.659,19.367,19.541,122977,0
2017-08-15,19.62,19.62,19.354,19.502,169604,0
2017-08-16,19.551,19.57,19.275,19.344,98636,0
2017-08-17,19.374,19.423,19.098,19.177,209950,0
2017-08-18,19.187,19.305,19.108,19.187,175889,0
2017-08-21,19.197,19.207,18.4,18.774,193318,0
2017-08-22,18.725,19.084,18.656,18.902,257963,0
2017-08-23,18.853,19.128,18.853,18.921,157535,0
2017-08-24,18.823,19.325,18.823,19.187,151442,0
2017-08-25,19.305,19.57,19.285,19.423,127616,0
2017-08-28,19.393,19.57,19.325,19.502,131063,0
2017-08-29,19.334,19.58,19.334,19.57,56210,0
2017-08-30,19.58,19.669,19.502,19.61,88873,0
2017-08-31,19.57,20.131,19.551,19.895,239335,0
2017-09-01,19.954,20.161,19.856,20.052,159825,0
2017-09-05,20.052,20.357,19.824,20.131,217480,0
2017-09-06,20.141,20.167,19.777,19.934,154246,0
2017-09-07,19.915,20.151,19.856,19.974,82085,0
2017-09-08,19.964,20.151,19.944,20.043,83211,0
2017-09-11,20.072,20.102,19.905,20.062,101284,0
2017-09-12,20.161,20.161,19.984,20.062,144422,0
2017-09-13,20.023,20.097,19.767,19.846,183813,0
2017-09-14,19.718,19.964,19.433,19.649,139019,0
2017-09-15,19.718,19.787,19.226,19.226,1657131,0
2017-09-18,19.197,19.452,19.098,19.187,163904,0
2017-09-19,19.246,19.57,19.246,19.403,98491,0
2017-09-20,19.423,19.511,19.187,19.393,75910,0
2017-09-21,19.374,19.59,19.216,19.236,122810,0
2017-09-22,19.187,19.443,19.187,19.305,61937,0
2017-09-25,19.365,19.482,19.236,19.305,52540,0
2017-09-26,19.295,19.384,19.049,19.128,100175,0
2017-09-27,19.138,19.438,19.089,19.374,167441,0
2017-09-28,19.344,19.639,19.098,19.492,136993,0
2017-09-29,19.462,19.605,19.275,19.443,121319,0
2017-10-02,19.482,19.669,19.462,19.62,58861,0
2017-10-03,19.61,19.777,19.443,19.777,73982,0
2017-10-04,19.767,19.767,19.482,19.6,48130,0
2017-10-05,19.55,19.855,19.48,19.77,84895,0
2017-10-06,20,20.075,19.75,19.79,101319,0
2017-10-09,19.79,19.88,19.76,19.84,32579,0
2017-10-10,19.82,19.98,19.5,19.67,175561,0
2017-10-11,19.74,19.88,19.66,19.87,39803,0
2017-10-12,19.85,19.88,19.59,19.86,32756,0
2017-10-13,19.83,19.91,19.71,19.88,33342,0
2017-10-16,19.88,19.9688,19.81,19.88,36419,0
2017-10-17,19.89,19.91,19.68,19.71,59505,0
2017-10-18,19.71,19.8123,19.53,19.59,75982,0
2017-10-19,19.49,19.51,19.2,19.42,119018,0
2017-10-20,19.34,19.6,19.27,19.33,82595,0
2017-10-23,19.26,19.45,19.195,19.26,98655,0
2017-10-24,19.26,19.43,19.22,19.4,67873,0
2017-10-25,19.3,19.5301,19.29,19.47,63924,0
2017-10-26,19.53,19.53,19.14,19.15,80078,0
2017-10-27,19.33,19.43,19.17,19.31,65927,0
2017-10-30,19.3508,19.45,19.23,19.25,38268,0
2017-10-31,19.4,19.58,19.3,19.52,54696,0
2017-11-01,19.47,19.62,19.27,19.5,37441,0
2017-11-02,19.4453,19.5901,19.36,19.53,39082,0
2017-11-03,19.4025,19.45,19.4,19.44,52762,0
2017-11-06,19.38,19.49,19.26,19.33,35652,0
2017-11-07,19.17,19.54,19.17,19.28,47311,0
2017-11-08,19.26,19.5401,19.21,19.38,59167,0
2017-11-09,19.3,19.41,19.22,19.32,34719,0
2017-11-10,19.27,19.57,19.19,19.27,35243,0
2017-11-15,19.49,19.50,19.35,19.41,42900,0
2017-11-16,19.40,19.40,19.29,19.35,59900,0
2017-11-17,19.30,19.44,18.90,19.33,71700,0
2017-11-20,19.37,19.57,19.37,19.50,35400,0
2017-11-21,19.59,19.75,19.48,19.60,49700,0
2017-11-22,19.61,19.67,19.33,19.50,47500,0
2017-11-24,19.54,19.54,19.42,19.47,15700,0
2017-11-27,19.46,19.56,19.34,19.37,22700,0
2017-11-28,19.32,19.52,19.14,19.45,47700,0
2017-11-29,19.38,19.54,19.38,19.46,47900,0
2017-11-30,19.59,19.59,19.19,19.19,145400,0
2017-12-01,19.16,19.34,18.61,19.12,128400,0
2017-12-04,19.24,19.43,19.08,19.22,43800,0
2017-12-05,19.31,19.55,19.31,19.41,94600,0
2017-12-06,19.41,19.60,19.30,19.33,42200,0
2017-12-07,19.44,19.50,19.27,19.44,35500,0
2017-12-08,19.50,19.50,19.31,19.45,45000,0
2017-12-11,19.38,19.50,19.33,19.37,42600,0
2017-12-12,19.38,19.52,19.31,19.35,29200,0
2017-12-13,19.38,19.50,19.30,19.44,44200,0
2017-12-14,19.47,19.49,19.35,19.41,28600,0
2017-12-15,19.41,19.70,19.36,19.56,274200,0
2017-12-18,19.63,19.76,19.48,19.55,37600,0
2017-12-19,19.56,19.81,19.31,19.34,33600,0
2017-12-20,19.34,19.79,19.34,19.49,40200,0
2017-12-21,19.53,19.63,19.45,19.49,34000,0
2017-12-22,19.49,19.51,19.39,19.45,25400,0
2017-12-26,19.40,19.58,19.39,19.42,22400,0
2017-12-27,19.40,19.50,19.40,19.41,19900,0
2017-12-28,19.16,19.33,19.13,19.22,34200,0
2017-12-29,19.10,19.24,18.92,19.05,44600,0
2018-01-02,19.16,19.29,19.03,19.05,50300,0
2018-01-03,19.02,19.14,18.76,18.79,38400,0
2018-01-04,18.80,19.06,18.75,18.81,62700,0
2018-01-05,18.76,18.91,18.74,18.80,13500,0
2018-01-08,18.75,18.99,18.75,18.98,25900,0
2018-01-09,18.96,19.01,18.83,18.96,35200,0
2018-01-10,18.83,19.07,18.82,19.03,24700,0
2018-01-11,19.03,19.13,18.99,19.03,21600,0
2018-01-12,18.94,19.10,18.82,18.87,28600,0
2018-01-16,18.98,19.10,18.78,18.80,22300,0
2018-01-17,18.82,19.08,18.82,18.90,29600,0
2018-01-18,18.85,18.90,18.75,18.77,20600,0
2018-01-19,18.72,19.06,18.70,18.90,41400,0
2018-01-22,19.02,19.26,18.90,19.05,221400,0
2018-01-23,19.05,19.08,19.01,19.06,140800,0
2018-01-24,19.05,19.08,19.00,19.02,94700,0
2018-01-25,19.05,19.05,18.94,18.96,65100,0
2018-01-26,19.02,19.02,18.81,18.82,43600,0
2018-01-29,18.80,18.93,18.79,18.84,62100,0
2018-01-30,18.71,18.80,18.65,18.69,57800,0
2018-01-31,18.77,18.87,18.65,18.82,397400,0
2018-02-01,18.84,19.05,18.71,18.94,75200,0
2018-02-02,18.83,18.89,18.72,18.77,22700,0
2018-02-05,18.68,18.72,18.34,18.44,64600,0
2018-02-06,18.30,18.62,18.23,18.52,80400,0
2018-02-07,18.52,18.65,18.50,18.54,76000,0
2018-02-08,18.61,18.61,18.36,18.48,63000,0
2018-02-09,18.54,18.62,18.22,18.40,65200,0
2018-02-12,18.50,18.62,18.32,18.50,44400,0
2018-02-13,18.46,18.86,18.46,18.75,134800,0
2018-02-14,18.61,18.84,18.60,18.72,76700,0
2018-02-15,18.81,18.86,18.61,18.82,201200,0
2018-02-16,18.78,19.03,18.78,18.94,88900,0
2018-02-20,18.91,19.14,18.79,18.79,67800,0
2018-02-21,18.88,19.10,18.77,18.80,154200,0
2018-02-22,18.83,18.83,18.49,18.65,115200,0
2018-02-23,18.78,18.83,18.62,18.73,89800,0
2018-02-26,18.76,18.86,18.69,18.73,85000,0
2018-02-27,18.80,19.00,18.68,18.75,287500,0
2018-02-28,18.85,19.10,18.52,18.53,1017000,0
2018-03-01,18.60,19.00,18.60,18.80,378800,0
2018-03-02,18.77,19.16,18.63,18.79,332500,0
2018-03-05,18.76,19.06,18.57,18.98,857100,0
2018-03-06,19.01,19.15,18.88,19.00,596000,0
2018-03-07,18.90,19.18,18.84,18.91,536000,0
2018-03-08,18.98,19.34,18.81,19.32,393000,0
2018-03-09,19.38,19.64,19.32,19.54,298800,0
2018-03-12,19.58,20.11,19.58,19.79,264600,0
2018-03-13,19.89,19.96,19.75,19.88,338100,0
2018-03-14,19.93,20.15,19.84,19.89,594500,0
2018-03-15,19.95,20.11,19.90,19.96,520000,0
2018-03-16,19.95,19.98,19.75,19.87,1679600,0
2018-03-19,19.90,20.30,19.76,20.19,508700,0
2018-03-20,20.26,20.40,20.04,20.05,611100,0
2018-03-21,19.98,20.03,19.84,19.97,161900,0
2018-03-22,19.85,20.23,19.81,20.00,195100,0
2018-03-23,20.09,20.12,19.72,19.75,135000,0
2018-03-26,19.96,20.10,19.72,20.10,147400,0
2018-03-27,20.26,20.28,19.95,20.07,209500,0
2018-03-28,19.62,19.97,19.53,19.87,253600,0
2018-03-29,20.00,20.00,19.81,19.89,293600,0
2018-04-02,19.97,19.97,19.69,19.75,101000,0
2018-04-03,19.80,19.97,19.80,19.89,312400,0
2018-04-04,19.85,19.97,19.82,19.85,271300,0
2018-04-05,19.90,19.95,19.82,19.90,183500,0
2018-04-06,19.87,19.93,19.82,19.88,112400,0
2018-04-09,20.00,20.00,19.79,19.79,101633,0