Date,Open,High,Low,Close,Volume,OpenInt
2017-10-27,50.14,50.26,50.13,50.24,4309,0
2017-10-30,50.28,50.34,50.24,50.34,5088,0
2017-10-31,50.39,50.499,50.3732,50.499,50412,0
2017-11-01,50.89,50.89,50.74,50.78,110210,0
2017-11-02,50.7548,50.89,50.7548,50.89,55866,0
2017-11-03,50.82,50.895,50.655,50.75,63200,0
2017-11-06,50.6,50.74,50.6,50.72,15366,0
2017-11-07,50.72,50.72,50.59,50.59,13307,0
2017-11-08,50.67,50.73,50.61,50.72,53509,0
2017-11-09,50.36,50.44,50.17,50.44,4546,0
2017-11-10,50.27,50.279,50.2,50.27,1401,0
2017-11-15,49.35,49.59,49.30,49.53,4200,0
2017-11-16,49.85,50.02,49.85,49.94,3800,0
2017-11-17,49.76,49.90,49.75,49.81,3000,0
2017-11-20,49.88,49.89,49.86,49.86,3800,0
2017-11-21,50.18,50.24,50.18,50.20,2200,0
2017-11-22,50.37,50.43,50.21,50.34,4000,0
2017-11-24,50.76,50.77,50.69,50.72,1800,0
2017-11-27,50.58,50.58,50.38,50.39,447800,0
2017-11-28,50.52,50.56,50.51,50.56,2100,0
2017-11-29,50.69,50.69,50.51,50.52,2800,0
2017-11-30,50.90,50.90,50.62,50.65,201400,0
2017-12-01,50.53,50.53,50.40,50.50,4000,0
2017-12-04,50.55,50.55,50.31,50.31,85200,0
2017-12-05,50.33,50.39,50.24,50.26,52600,0
2017-12-06,49.95,50.05,49.95,49.99,7500,0
2017-12-07,50.08,50.22,50.08,50.14,10400,0
2017-12-08,50.14,50.14,50.14,50.14,-,0
2017-12-11,50.62,50.64,50.61,50.61,2300,0
2017-12-12,50.57,50.72,50.57,50.71,3400,0
2017-12-13,50.71,50.81,50.67,50.80,2400,0
2017-12-14,50.63,50.65,50.51,50.53,4800,0
2017-12-15,50.43,50.53,50.43,50.48,52500,0
2017-12-18,50.96,51.11,50.96,50.99,7400,0
2017-12-19,51.08,51.08,50.89,50.99,7800,0
2017-12-20,51.10,51.11,50.97,51.00,54800,0
2017-12-21,51.12,51.23,51.12,51.15,182900,0
2017-12-22,51.13,51.23,51.08,51.23,2700,0
2017-12-26,51.21,51.32,51.21,51.25,4000,0
2017-12-27,51.42,51.43,51.29,51.29,40600,0
2017-12-28,51.62,51.62,51.43,51.43,3500,0
2017-12-29,51.62,51.62,51.44,51.44,4200,0
2018-01-02,51.78,51.95,51.78,51.95,4500,0
2018-01-03,52.17,52.41,52.16,52.41,3600,0
2018-01-04,53.00,53.03,52.92,52.99,58800,0
2018-01-05,53.23,53.33,53.18,53.33,8300,0
2018-01-08,53.41,53.41,53.25,53.31,6300,0
2018-01-09,53.38,53.44,53.34,53.44,4700,0
2018-01-10,53.53,53.60,53.46,53.46,24200,0
2018-01-11,53.75,53.88,53.75,53.88,583100,0
2018-01-12,54.11,54.40,54.11,54.40,6900,0
2018-01-16,54.59,54.59,54.27,54.32,315400,0
2018-01-17,54.40,54.72,54.32,54.59,6100,0
2018-01-18,54.35,54.45,54.29,54.38,48100,0
2018-01-19,54.73,54.76,54.60,54.69,21300,0
2018-01-22,54.81,55.06,54.81,55.06,5800,0
2018-01-23,55.05,55.15,55.01,55.10,8700,0
2018-01-24,55.45,55.48,55.10,55.31,17700,0
2018-01-25,55.47,55.47,55.05,55.16,20200,0
2018-01-26,55.34,55.54,55.34,55.50,34000,0
2018-01-29,55.26,55.26,55.11,55.14,38700,0
2018-01-30,54.78,54.78,54.59,54.60,30000,0
2018-01-31,54.70,54.70,54.41,54.51,44600,0
2018-02-01,54.50,54.83,54.50,54.71,59600,0
2018-02-02,54.16,54.16,53.58,53.58,35200,0
2018-02-05,52.99,52.99,51.28,51.28,37900,0
2018-02-06,51.13,52.44,51.13,52.40,8300,0
2018-02-07,51.80,52.04,51.61,51.87,2700,0
2018-02-08,51.74,51.74,50.35,50.35,7400,0
2018-02-09,50.37,50.55,49.37,50.50,8000,0
2018-02-12,50.75,51.18,50.74,51.14,26400,0
2018-02-13,50.78,50.99,50.78,50.99,5100,0
2018-02-14,51.26,51.78,51.26,51.78,15300,0
2018-02-15,52.15,52.19,51.69,52.15,22600,0
2018-02-16,52.53,52.53,52.38,52.42,5600,0
2018-02-20,52.15,52.16,52.10,52.16,2100,0
2018-02-21,52.01,52.06,52.01,52.05,5500,0
2018-02-22,52.01,52.11,51.89,51.89,1400,0
2018-02-23,52.21,52.46,52.21,52.46,12700,0
2018-02-26,52.77,52.93,52.60,52.91,3700,0
2018-02-27,52.68,52.70,52.26,52.26,6300,0
2018-02-28,52.30,52.30,51.80,51.80,2200,0
2018-03-01,51.43,51.48,50.85,51.04,25200,0
2018-03-02,50.59,51.10,50.51,51.10,6100,0
2018-03-05,50.57,51.17,50.57,51.17,2400,0
2018-03-06,51.77,51.77,51.56,51.61,4900,0
2018-03-07,51.40,51.61,51.34,51.61,3300,0
2018-03-08,51.77,51.77,51.61,51.61,25200,0
2018-03-09,51.67,51.95,51.67,51.95,1500,0
2018-03-12,52.16,52.20,52.13,52.19,2700,0
2018-03-13,52.35,52.35,51.80,51.81,3700,0
2018-03-14,52.18,52.18,51.88,51.99,4500,0
2018-03-15,51.99,52.04,51.95,51.99,2500,0
2018-03-16,51.88,52.00,51.82,51.90,8200,0
2018-03-19,51.66,51.66,51.26,51.32,1800,0
2018-03-20,51.50,51.63,51.50,51.56,8800,0
2018-03-21,51.50,51.74,51.48,51.64,2700,0
2018-03-22,51.06,51.11,50.65,50.65,7400,0
2018-03-23,50.58,50.58,50.18,50.18,900,0
2018-03-26,50.72,50.94,50.40,50.92,5500,0
2018-03-27,51.27,51.27,50.37,50.37,714500,0
2018-03-28,50.72,50.97,50.71,50.71,6000,0
2018-03-29,51.17,51.35,51.15,51.33,24800,0
2018-04-02,51.00,51.00,50.16,50.42,31700,0
2018-04-03,50.78,50.94,50.60,50.93,357900,0
2018-04-04,50.61,50.95,50.56,50.95,4200,0
2018-04-05,51.35,51.40,51.27,51.32,3000,0
2018-04-06,51.25,51.35,50.82,50.82,3100,0
2018-04-09,51.40,51.65,51.29,51.29,2900,0