Date,Open,High,Low,Close,Volume,OpenInt
2017-05-04,13.28,14.18,13.01,13.98,1407288,0
2017-05-05,14.08,14.7,14,14,134174,0
2017-05-08,14.55,15.94,14.119,15.94,227632,0
2017-05-09,16.14,16.9,15.07,16.41,126086,0
2017-05-10,16.22,17.16,16.22,16.86,91233,0
2017-05-11,17.47,17.47,16.011,16.94,58329,0
2017-05-12,17.24,17.24,14.25,16.4,65245,0
2017-05-15,16.5,17.04,15.87,16.99,24742,0
2017-05-16,17.25,17.25,16.346,17.13,98276,0
2017-05-17,16.92,17.22,16.38,16.43,17204,0
2017-05-18,16.89,18,16.5,18,46550,0
2017-05-19,17.9,19.26,17.73,18.85,59018,0
2017-05-22,19.19,20.02,18.01,18.9,44173,0
2017-05-23,19.8705,19.8705,18.5,18.55,12960,0
2017-05-24,19,19,18.03,18.7,8675,0
2017-05-25,18.8,18.8007,18.02,18.41,13910,0
2017-05-26,18.41,18.48,17.88,18.48,41132,0
2017-05-30,18.75,19.6699,18.5,18.51,85352,0
2017-05-31,19.8,19.8,17.39,17.85,53607,0
2017-06-01,17.9,18.55,17.2,18.55,108661,0
2017-06-02,18.93,19.38,18.35,18.64,35087,0
2017-06-05,18.51,18.65,18.2,18.5,8766,0
2017-06-06,17.86,18.248,17.85,17.85,9399,0
2017-06-07,17.5,18,17.5,17.89,35563,0
2017-06-08,18.18,18.2237,17.5,17.51,8635,0
2017-06-09,17.78,17.99,16.13,16.4,20767,0
2017-06-12,16.35,16.68,15.7501,16.36,18185,0
2017-06-13,16.2,16.5,15.565,16.21,50430,0
2017-06-14,16.11,16.25,14.52,15.72,91440,0
2017-06-15,15.6,16.528,14.87,15.13,28211,0
2017-06-16,15.38,15.84,14.61,15.61,68131,0
2017-06-19,15.8,15.9,15.37,15.63,27843,0
2017-06-20,16.01,16.01,15.25,15.89,34013,0
2017-06-21,15.81,17.49,15.81,17.45,40494,0
2017-06-22,17.32,17.87,17.21,17.67,10087,0
2017-06-23,17.48,17.88,15.56,17.4,13732,0
2017-06-26,17.41,19.489,17.41,19.43,53696,0
2017-06-27,19.25,20.01,17.26,19.8,116871,0
2017-06-28,19.85,19.85,19.3,19.55,8568,0
2017-06-29,19.33,19.4,18.4,18.88,19720,0
2017-06-30,18.71,18.87,17.56,18.02,21047,0
2017-07-03,17.6,18.9,17.6,18.8,34702,0
2017-07-05,18.48,19.19,18.0116,18.5,27100,0
2017-07-06,18.41,19,18.41,18.75,4015,0
2017-07-07,18.22,19.44,17.915,19.44,31646,0
2017-07-10,19.54,19.6879,18.45,18.9,45594,0
2017-07-11,18.9,19.46,18.69,18.85,37542,0
2017-07-12,18.5,18.7,18.011,18.35,27589,0
2017-07-13,18.7137,19,18.085,18.47,36791,0
2017-07-14,18.3,18.3,17.58,17.7,29884,0
2017-07-17,17.655,18.329,17.655,18,22796,0
2017-07-18,18,18,17.77,17.8,2290,0
2017-07-19,17.64,18.155,17.64,18.12,19820,0
2017-07-20,18.25,19.5,18.04,18.39,41343,0
2017-07-21,18.2,18.6864,18.01,18.01,22251,0
2017-07-24,17.85,19,17.85,18.7,262990,0
2017-07-25,18.81,19.15,18.52,18.99,249314,0
2017-07-26,19.15,19.5,18.45,18.8,101934,0
2017-07-27,18.7,19.45,18.2,18.4,13532,0
2017-07-28,18.27,19.3,18.27,18.875,31504,0
2017-07-31,18.8,18.8,17.76,18.16,30565,0
2017-08-01,18.06,18.14,17.54,17.75,18902,0
2017-08-02,17.61,18.02,17.07,17.74,25353,0
2017-08-03,17.89,18.7075,17.85,18.63,93101,0
2017-08-04,18.63,19.25,18,18.53,52684,0
2017-08-07,18.12,18.86,17.43,18.8,11383,0
2017-08-08,18.71,18.71,18.04,18.2,20026,0
2017-08-09,18,18.6699,17.4,18.04,49523,0
2017-08-10,18.05,18.3,17.5,17.67,29274,0
2017-08-11,17.41,19,17.35,17.885,13793,0
2017-08-14,18,18.5,17.39,18.42,13551,0
2017-08-15,17.73,18.45,17.51,17.9,34641,0
2017-08-16,17.69,18.02,17.415,17.62,25948,0
2017-08-17,17.76,17.96,17.465,17.58,9180,0
2017-08-18,17.45,17.64,17.21,17.49,9952,0
2017-08-21,17.1,17.41,17.1,17.15,7382,0
2017-08-22,17.32,17.72,17.21,17.72,4232,0
2017-08-23,17.75,17.99,17.42,17.9499,8579,0
2017-08-24,18.05,18.0529,17.14,17.4,29405,0
2017-08-25,17.35,17.89,17.275,17.47,28315,0
2017-08-28,17.8666,18.49,17.46,18.04,36477,0
2017-08-29,18.5,19.9458,18.18,19.35,92508,0
2017-08-30,19.73,22.39,19.59,21.66,182464,0
2017-08-31,24.74,25.15,22.9534,23.85,201025,0
2017-09-01,26.75,28.62,23.37,25.29,163704,0
2017-09-05,25.75,25.89,23.79,25.68,84791,0
2017-09-06,26,27.54,25.72,27,43370,0
2017-09-07,27.85,29.8925,27.29,28.48,133041,0
2017-09-08,28.84,28.93,27.02,27.85,67978,0
2017-09-11,28.61,28.85,27.5661,28.24,24219,0
2017-09-12,28.2,28.78,27.6,28.53,20894,0
2017-09-13,28.79,31.69,28.79,30.59,92657,0
2017-09-14,31.37,32.95,30.01,32.72,97976,0
2017-09-15,33.29,33.769,31.77,32.69,62285,0
2017-09-18,33.23,33.23,31.7,32.05,53067,0
2017-09-19,32.3,32.3,30.14,31.92,102040,0
2017-09-20,32.25,32.25,29.18,30.06,95862,0
2017-09-21,29.81,29.81,28.19,29.51,34577,0
2017-09-22,29.31,30.98,29.31,30.49,26409,0
2017-09-25,29.96,31.93,29.96,31.05,24785,0
2017-09-26,31.5,32.489,30.2,31.18,38472,0
2017-09-27,31.2,31.67,30.31,30.7,21620,0
2017-09-28,31.01,32.9337,30.51,32.42,36659,0
2017-09-29,32.72,33.7,31.55,31.55,39047,0
2017-10-02,31.2899,33.17,31.2899,32.17,16179,0
2017-10-03,32.67,32.95,31.57,31.97,27928,0
2017-10-04,32.16,32.6999,30.211,30.88,34583,0
2017-10-05,30.68,32.2387,30.41,30.46,12629,0
2017-10-06,30.3,30.68,28.941,29.36,39729,0
2017-10-09,29.13,31.95,29.13,29.8,52109,0
2017-10-10,30.35,30.35,29.5,30.19,14536,0
2017-10-11,30.1,30.94,29.6953,30.75,15618,0
2017-10-12,30.63,30.74,29.3,29.8699,11196,0
2017-10-13,29.81,29.94,29,29,17300,0
2017-10-16,29.46,29.92,28.75,28.94,17636,0
2017-10-17,28.88,29.29,28.75,28.86,11920,0
2017-10-18,29.21,29.7116,27.778,27.93,35048,0
2017-10-19,27.34,27.92,26.761,27.46,27079,0
2017-10-20,27.5,27.5908,26.77,27.28,19984,0
2017-10-23,27.45,27.75,25.5567,27.34,64511,0
2017-10-24,27.38,30.39,27.01,29.45,51893,0
2017-10-25,30.28,30.28,27.56,28.55,38395,0
2017-10-26,28.29,28.29,26.5,27.55,36771,0
2017-10-27,27.56,28.85,26.52,28.42,20437,0
2017-10-30,28.4,32,28.4,30.66,52665,0
2017-10-31,30.66,32.8,26.5,31.73,154504,0
2017-11-01,31.7,32.22,29.72,32.08,136159,0
2017-11-02,31.68,33.979,31.53,33.79,58462,0
2017-11-03,33.91,38.38,33.81,36.82,157364,0
2017-11-06,36.8,37.36,31.6,36.82,378663,0
2017-11-07,36.8,37.44,35.5,37.15,235270,0
2017-11-08,37.73,38.56,36.74,38.2,355417,0
2017-11-09,38.25,39,37.27,38.26,141350,0
2017-11-10,38.55,41.4,38.24,41.04,150709,0
2017-11-13,41.51,44.63,41.37,43.26,154800,0
2017-11-14,43.50,43.50,41.05,42.18,127100,0
2017-11-15,41.10,42.20,39.52,41.56,116800,0
2017-11-16,41.00,41.69,39.81,40.25,276100,0
2017-11-17,39.69,42.16,39.69,41.00,176300,0
2017-11-20,39.66,42.67,39.65,41.80,349600,0
2017-11-21,41.50,41.85,40.50,40.91,115400,0
2017-11-22,40.90,40.93,40.13,40.18,113800,0
2017-11-24,40.30,41.89,40.11,40.94,46300,0
2017-11-27,42.00,42.59,40.57,40.78,164400,0
2017-11-28,40.95,41.01,40.18,40.43,402400,0
2017-11-29,40.25,40.50,39.50,40.11,81800,0
2017-11-30,40.13,40.60,40.03,40.37,187100,0
2017-12-01,40.15,40.48,38.90,39.65,86200,0
2017-12-04,40.31,41.25,39.72,40.43,212300,0
2017-12-05,40.22,40.77,37.62,38.61,109900,0
2017-12-06,38.03,38.93,37.50,37.55,98300,0
2017-12-07,37.51,40.00,37.51,39.26,62200,0
2017-12-08,39.38,39.38,38.21,38.46,33500,0
2017-12-11,38.95,39.49,37.27,37.71,150600,0
2017-12-12,37.39,38.95,37.39,38.55,203400,0
2017-12-13,38.58,38.58,36.73,36.80,137800,0
2017-12-14,36.85,37.90,36.66,37.10,83700,0
2017-12-15,37.28,38.00,37.11,37.94,79900,0
2017-12-18,38.48,39.93,38.06,39.78,191600,0
2017-12-19,39.60,39.80,38.06,38.53,41800,0
2017-12-20,38.12,38.40,37.64,37.87,23200,0
2017-12-21,37.19,39.50,37.19,38.49,133500,0
2017-12-22,38.41,38.78,37.74,38.77,27600,0
2017-12-26,38.61,38.68,37.19,37.58,163800,0
2017-12-27,37.50,38.50,37.30,38.34,135200,0
2017-12-28,38.50,38.72,37.71,38.25,39500,0
2017-12-29,38.44,38.44,37.21,37.21,51700,0
2018-01-02,38.32,39.46,37.53,38.64,96900,0
2018-01-03,39.08,46.68,39.08,44.58,268800,0
2018-01-04,44.59,44.59,41.56,42.85,141600,0
2018-01-05,42.50,46.08,41.65,43.97,98700,0
2018-01-08,44.80,44.85,41.95,43.00,83100,0
2018-01-09,43.50,44.67,42.74,43.44,25800,0
2018-01-10,43.17,44.20,42.16,43.67,20200,0
2018-01-11,44.03,44.89,43.63,44.02,45600,0
2018-01-12,44.02,45.18,43.35,44.16,28200,0
2018-01-16,44.47,46.51,43.98,45.05,155100,0
2018-01-17,44.00,44.25,42.50,43.26,171900,0
2018-01-18,42.92,43.99,40.98,42.46,155500,0
2018-01-19,43.12,43.40,41.50,43.00,622700,0
2018-01-22,43.15,51.38,43.15,50.02,474500,0
2018-01-23,50.00,50.00,48.43,49.10,192800,0
2018-01-24,48.61,51.24,47.81,50.40,145400,0
2018-01-25,50.64,56.56,50.64,55.47,195200,0
2018-01-26,54.43,55.46,52.00,53.84,190000,0
2018-01-29,53.87,54.62,50.56,50.78,153100,0
2018-01-30,50.00,52.00,48.50,49.76,135500,0
2018-01-31,51.03,53.51,48.61,49.12,83000,0
2018-02-01,49.19,50.68,49.08,49.91,70900,0
2018-02-02,49.31,49.60,47.60,48.18,54800,0
2018-02-05,47.07,48.07,44.63,45.22,74200,0
2018-02-06,44.96,51.11,44.15,51.00,209700,0
2018-02-07,50.92,51.00,48.47,50.11,147200,0
2018-02-08,49.84,50.84,47.56,48.89,140000,0
2018-02-09,49.09,49.26,46.20,47.60,114300,0
2018-02-12,47.50,50.73,47.12,50.00,107700,0
2018-02-13,49.74,50.00,47.58,49.58,127000,0
2018-02-14,49.53,51.30,49.00,50.64,180200,0
2018-02-15,51.61,51.61,48.61,50.08,175700,0
2018-02-16,50.12,50.41,46.79,47.92,114800,0
2018-02-20,48.54,50.40,46.81,50.00,257800,0
2018-02-21,50.33,52.70,49.87,50.93,119800,0
2018-02-22,50.70,51.98,49.26,49.83,93900,0
2018-02-23,50.00,50.99,48.70,50.91,57200,0
2018-02-26,50.74,52.19,49.20,50.32,93900,0
2018-02-27,50.50,50.89,49.11,49.86,52300,0
2018-02-28,49.06,53.78,49.00,52.66,171600,0
2018-03-01,52.31,53.27,51.16,53.12,118400,0
2018-03-02,52.59,54.79,51.51,54.13,102600,0
2018-03-05,54.43,57.75,53.50,56.67,205800,0
2018-03-06,56.86,57.25,54.66,56.62,87100,0
2018-03-07,55.06,56.81,54.62,55.50,42000,0
2018-03-08,55.46,56.81,55.01,56.00,56200,0
2018-03-09,56.35,57.86,55.57,57.07,68600,0
2018-03-12,57.44,58.66,56.33,56.94,60200,0
2018-03-13,57.44,58.66,55.58,55.58,102100,0
2018-03-14,55.99,58.12,54.02,57.54,80000,0
2018-03-15,57.47,57.47,54.02,56.38,156200,0
2018-03-16,56.77,57.09,53.59,54.19,97500,0
2018-03-19,52.86,54.31,51.06,53.24,88100,0
2018-03-20,53.40,54.64,50.01,53.20,62200,0
2018-03-21,53.06,54.46,52.81,53.76,58800,0
2018-03-22,53.31,55.92,51.13,54.30,100200,0
2018-03-23,53.65,54.51,50.01,50.65,49300,0
2018-03-26,51.00,55.14,51.00,54.55,154900,0
2018-03-27,54.45,54.45,52.00,52.42,111300,0
2018-03-28,52.40,52.69,48.37,49.88,150200,0
2018-03-29,50.43,51.29,48.20,49.69,130600,0
2018-04-02,49.81,50.14,47.38,48.35,63000,0
2018-04-03,53.51,61.77,51.19,59.80,629300,0
2018-04-04,60.00,65.49,59.64,63.23,296200,0
2018-04-05,63.26,65.89,58.29,59.56,171900,0
2018-04-06,60.93,62.07,58.60,59.08,202100,0
2018-04-09,59.08,64.12,59.08,60.10,166823,0