Date,Open,High,Low,Close,Volume,OpenInt
2017-06-30,24.728,24.818,24.728,24.818,1072,0
2017-07-03,24.85,24.923,24.85,24.858,4276,0
2017-07-05,24.808,24.848,24.803,24.838,13075,0
2017-07-06,24.768,24.768,24.599,24.599,988,0
2017-07-07,24.688,24.838,24.688,24.833,24606,0
2017-07-10,24.808,24.808,24.778,24.797,1021,0
2017-07-11,24.818,24.818,24.768,24.808,2757,0
2017-07-12,24.912,24.928,24.912,24.928,301,0
2017-07-13,24.948,24.968,24.918,24.968,1706,0
2017-07-14,25.059,25.059,25.059,25.059,201,0
2017-07-17,25.097,25.117,25.078,25.089,3239,0
2017-07-18,25.017,25.017,25.017,25.017,462,0
2017-07-19,25.017,25.017,25.017,25.017,0,0
2017-07-20,25.206,25.276,25.206,25.276,1505,0
2017-07-21,25.209,25.267,25.209,25.267,3913,0
2017-07-24,25.219,25.257,25.217,25.257,2584,0
2017-07-25,25.316,25.316,25.316,25.316,10033,0
2017-07-26,25.326,25.326,25.326,25.326,201,0
2017-07-27,25.187,25.187,25.187,25.187,201,0
2017-07-28,25.217,25.227,25.187,25.227,1405,0
2017-07-31,25.255,25.256,25.255,25.256,527,0
2017-08-01,25.306,25.365,25.306,25.365,1664,0
2017-08-02,25.366,25.366,25.366,25.366,100,0
2017-08-03,25.296,25.296,25.296,25.296,100,0
2017-08-04,25.296,25.296,25.296,25.296,0,0
2017-08-07,25.366,25.366,25.366,25.366,226,0
2017-08-08,25.386,25.386,25.326,25.326,360,0
2017-08-09,25.257,25.296,25.237,25.286,1154,0
2017-08-10,25.167,25.167,25.167,25.167,100,0
2017-08-11,24.977,25.119,24.977,25.067,5320,0
2017-08-14,25.067,25.067,25.067,25.067,0,0
2017-08-15,25.187,25.257,25.187,25.257,1003,0
2017-08-16,25.257,25.257,25.257,25.257,0,0
2017-08-17,25.065,25.065,25.065,25.065,251,0
2017-08-18,24.918,25.017,24.918,24.948,3804,0
2017-08-21,24.948,24.948,24.948,24.948,0,0
2017-08-22,24.948,24.948,24.948,24.948,0,0
2017-08-23,25.067,25.067,25.067,25.067,3010,0
2017-08-24,25.067,25.067,25.067,25.067,0,0
2017-08-25,25.067,25.067,25.067,25.067,0,0
2017-08-28,25.067,25.067,25.067,25.067,0,0
2017-08-29,25.067,25.067,25.067,25.067,0,0
2017-08-30,25.067,25.067,25.067,25.067,0,0
2017-08-31,25.067,25.067,25.067,25.067,0,0
2017-09-01,25.396,25.396,25.396,25.396,201,0
2017-09-05,25.396,25.396,25.396,25.396,0,0
2017-09-06,25.353,25.353,25.353,25.353,1505,0
2017-09-07,25.346,25.346,25.346,25.346,394,0
2017-09-08,25.287,25.287,25.287,25.287,201,0
2017-09-11,25.396,25.396,25.396,25.396,0,0
2017-09-12,25.735,25.735,25.735,25.735,168,0
2017-09-13,25.735,25.735,25.735,25.735,0,0
2017-09-14,25.735,25.735,25.735,25.735,0,0
2017-09-15,25.71,25.726,25.71,25.726,1003,0
2017-09-18,25.726,25.726,25.726,25.726,0,0
2017-09-19,25.726,25.726,25.726,25.726,0,0
2017-09-20,25.726,25.726,25.726,25.726,0,0
2017-09-21,25.726,25.726,25.726,25.726,0,0
2017-09-22,25.726,25.726,25.726,25.726,0,0
2017-09-25,25.726,25.726,25.726,25.726,0,0
2017-09-26,25.8366,25.8366,25.8366,25.8366,500,0
2017-09-27,25.8366,25.8366,25.8366,25.8366,0,0
2017-09-28,25.8366,25.8366,25.8366,25.8366,0,0
2017-09-29,26.04,26.04,26.04,26.04,158,0
2017-10-02,26.0899,26.21,26.0899,26.21,253,0
2017-10-03,26.21,26.21,26.21,26.21,0,0
2017-10-04,26.22,26.22,26.22,26.22,100,0
2017-10-05,26.22,26.22,26.22,26.22,0,0
2017-10-06,26.22,26.22,26.22,26.22,0,0
2017-10-09,26.1598,26.1598,26.14,26.14,2250,0
2017-10-10,26.14,26.14,26.14,26.14,0,0
2017-10-11,26.14,26.14,26.14,26.14,0,0
2017-10-12,26.14,26.14,26.14,26.14,0,0
2017-10-13,26.215,26.245,26.215,26.245,289,0
2017-10-16,26.245,26.245,26.245,26.245,0,0
2017-10-17,26.245,26.245,26.245,26.245,3,0
2017-10-18,26.245,26.245,26.245,26.245,0,0
2017-10-19,26.245,26.245,26.245,26.245,0,0
2017-10-20,26.245,26.245,26.245,26.245,0,0
2017-10-23,26.245,26.245,26.245,26.245,55,0
2017-10-24,26.245,26.245,26.245,26.245,110,0
2017-10-25,26.245,26.245,26.245,26.245,0,0
2017-10-26,26.4,26.4,26.4,26.4,200,0
2017-10-27,26.35,26.35,26.35,26.35,184,0
2017-10-30,26.35,26.35,26.35,26.35,185,0
2017-10-31,26.57,26.57,26.57,26.57,150,0
2017-11-01,26.48,26.48,26.48,26.48,103,0
2017-11-02,26.48,26.48,26.48,26.48,128,0
2017-11-03,26.48,26.48,26.48,26.48,0,0
2017-11-06,26.66,26.66,26.66,26.66,50,0
2017-11-07,26.6551,26.6551,26.5288,26.54,4775,0
2017-11-08,26.545,26.545,26.545,26.545,100,0
2017-11-09,26.5392,26.5392,26.5392,26.5392,377,0
2017-11-10,26.554,26.554,26.554,26.554,1000,0
2017-11-15,26.4000,26.4000,26.4000,26.4000,100,0
2017-11-16,26.6500,26.7400,26.6500,26.7400,1000,0
2017-11-17,26.7400,26.7400,26.7400,26.7400,100,0
2017-11-20,26.8700,26.8700,26.7710,26.8000,3000,0
2017-11-21,26.9100,26.9100,26.9100,26.9100,200,0
2017-11-22,26.9300,26.9300,26.9100,26.9100,500,0
2017-11-24,26.9100,26.9100,26.9100,26.9100,-,0
2017-11-27,26.9150,26.9150,26.9150,26.9150,400,0
2017-11-28,26.9150,26.9150,26.9150,26.9150,100,0
2017-11-29,26.9150,26.9150,26.9150,26.9150,-,0
2017-11-30,26.9150,26.9150,26.9150,26.9150,-,0
2017-12-01,27.4200,27.4200,27.4200,27.4200,400,0
2017-12-04,27.4200,27.4200,27.4200,27.4200,100,0
2017-12-05,27.4600,27.4600,27.4600,27.4600,1700,0
2017-12-06,27.4600,27.4600,27.4600,27.4600,-,0
2017-12-07,27.4500,27.4500,27.4500,27.4500,54700,0
2017-12-08,27.4500,27.4500,27.4500,27.4500,100,0
2017-12-11,27.5550,27.5550,27.5550,27.5550,700,0
2017-12-12,27.5550,27.5550,27.5550,27.5550,200,0
2017-12-13,27.6100,27.6100,27.6100,27.6100,500,0
2017-12-14,27.6800,27.6800,27.4750,27.4750,4200,0
2017-12-15,27.7350,27.7350,27.7350,27.7350,200,0
2017-12-18,29.2100,29.2100,27.8500,27.8500,11700,0
2017-12-19,27.8400,27.8500,27.8400,27.8400,1200,0
2017-12-20,27.8900,27.8900,27.8500,27.8500,1800,0
2017-12-21,27.8550,27.9400,27.6900,27.9120,1600,0
2017-12-22,27.7700,27.8100,27.7700,27.8060,800,0
2017-12-26,27.7460,27.8000,27.7460,27.7670,1700,0
2017-12-27,27.7700,27.7700,27.7700,27.7700,1500,0
2017-12-28,27.7300,27.7550,27.7300,27.7550,3100,0
2017-12-29,27.8260,27.8260,27.7900,27.7900,1700,0
2018-01-02,27.7800,27.7800,27.7400,27.7400,500,0
2018-01-03,27.8000,27.9200,27.8000,27.9200,1600,0
2018-01-04,28.0150,28.0700,28.0150,28.0700,1400,0
2018-01-05,28.1250,28.2200,28.1250,28.2200,13500,0
2018-01-08,28.2100,28.3300,28.2100,28.2840,4600,0
2018-01-09,28.4000,28.4300,28.3650,28.4000,6100,0
2018-01-10,28.2700,28.2700,28.2200,28.2500,1100,0
2018-01-11,28.3500,28.4480,28.3100,28.4460,13200,0
2018-01-12,28.6000,28.6200,28.5900,28.6200,1600,0
2018-01-16,28.6000,28.6400,28.4370,28.5400,4300,0
2018-01-17,28.6700,28.7800,28.6700,28.7800,2700,0
2018-01-18,28.7700,28.7800,28.7700,28.7800,19500,0
2018-01-19,28.8400,28.8680,28.8050,28.8680,1100,0
2018-01-22,28.9860,29.0100,28.9700,29.0100,1100,0
2018-01-23,29.0800,29.1200,29.0800,29.1200,400,0
2018-01-24,29.2550,29.2550,29.2300,29.2300,700,0
2018-01-25,29.2200,29.2700,29.2000,29.2400,10400,0
2018-01-26,29.3900,29.3900,29.3900,29.3900,200,0
2018-01-29,29.4200,29.4500,29.4200,29.4400,700,0
2018-01-30,29.1350,29.1350,29.1350,29.1350,300,0
2018-01-31,29.0800,29.1050,29.0800,29.0800,600,0
2018-02-01,29.0800,29.0800,29.0800,29.0800,-,0
2018-02-02,28.5900,28.5900,28.5250,28.5250,900,0
2018-02-05,28.4800,28.4800,27.5700,27.5700,2300,0
2018-02-06,27.3080,27.7700,27.2650,27.7380,2000,0
2018-02-07,27.6000,27.8500,27.6000,27.7960,1500,0
2018-02-08,27.4400,27.4800,27.1800,27.1800,2100,0
2018-02-09,26.4700,26.9000,26.4700,26.9000,2900,0
2018-02-12,27.4950,27.5800,27.4200,27.4250,2900,0
2018-02-13,27.4250,27.4250,27.4250,27.4250,100,0
2018-02-14,27.4250,27.4250,27.4250,27.4250,300,0
2018-02-15,28.2200,28.2200,28.2200,28.2200,200,0
2018-02-16,28.4400,28.4400,28.3200,28.3760,1000,0
2018-02-20,28.0800,28.0800,28.0500,28.0500,800,0
2018-02-21,28.2500,28.2500,28.2500,28.2500,100,0
2018-02-22,28.0900,28.0900,27.9350,27.9700,1700,0
2018-02-23,28.0500,28.0900,28.0480,28.0500,2400,0
2018-02-26,28.3800,28.3800,28.3800,28.3800,200,0
2018-02-27,28.3500,28.3500,28.2800,28.2800,400,0
2018-02-28,28.1750,28.2100,28.1750,28.2100,1000,0
2018-03-01,27.9300,27.9300,27.6150,27.6700,1100,0
2018-03-02,27.6700,27.6700,27.6700,27.6700,-,0
2018-03-05,28.0800,28.2000,28.0640,28.2000,2900,0
2018-03-06,28.2800,28.3300,28.2450,28.3300,1600,0
2018-03-07,28.2300,28.2300,28.2300,28.2300,1300,0
2018-03-08,28.2300,28.2300,28.2300,28.2300,100,0
2018-03-09,28.6800,28.6800,28.6800,28.6800,300,0
2018-03-12,28.7200,28.7200,28.7200,28.7200,200,0
2018-03-13,28.7200,28.7200,28.7200,28.7200,200,0
2018-03-14,28.7200,28.7200,28.7200,28.7200,100,0
2018-03-15,28.7200,28.7200,28.7200,28.7200,300,0
2018-03-16,28.7200,28.7200,28.7200,28.7200,100,0
2018-03-19,28.5300,28.5300,28.3060,28.3600,2500,0
2018-03-20,28.4310,28.4310,28.4310,28.4310,500,0
2018-03-21,28.5200,28.5200,28.4500,28.4800,1200,0
2018-03-22,28.0700,28.1000,28.0700,28.1000,500,0
2018-03-23,27.7050,27.7390,27.6910,27.7000,1400,0
2018-03-26,27.7450,27.9600,27.7450,27.9600,1200,0
2018-03-27,27.8400,27.8400,27.8400,27.8400,100,0
2018-03-28,27.6600,27.6600,27.6150,27.6150,400,0
2018-03-29,28.0300,28.0300,28.0300,28.0300,500,0
2018-04-02,27.4550,27.4550,27.4550,27.4550,400,0
2018-04-03,27.4550,27.4550,27.4550,27.4550,200,0
2018-04-04,27.7800,27.9800,27.7800,27.9800,2200,0
2018-04-05,28.0800,28.0800,28.0800,28.0800,100,0
2018-04-06,28.0000,28.0000,28.0000,28.0000,1500,0
2018-04-09,27.9900,27.9052,27.9052,27.9052,1176,0