Date,Open,High,Low,Close,Volume,OpenInt
2017-07-20,24.4,24.4,24.4,24.4,100,0
2017-07-21,27.66,27.66,27.66,27.66,100,0
2017-07-25,25.1299,25.1299,25.12,25.12,801,0
2017-07-27,22.4,22.4,22.4,22.4,199,0
2017-07-31,21.43,21.43,21.43,21.43,168,0
2017-08-01,21.35,21.95,21.35,21.95,994,0
2017-08-02,22.11,22.11,21.64,21.64,1009,0
2017-08-03,22.22,22.22,22.22,22.22,162,0
2017-08-07,22.19,22.19,22,22,361,0
2017-08-08,21.52,21.52,21.52,21.52,137,0
2017-08-10,21.52,21.7874,21.52,21.7874,630,0
2017-08-11,23.01,23.2113,23,23,2382,0
2017-08-14,23.45,23.55,23.45,23.5201,3824,0
2017-08-15,24.51,24.51,24.06,24.12,2871,0
2017-08-16,24,24.8,23.68,24.8,1310,0
2017-08-17,24.63,24.77,24.58,24.58,2496,0
2017-08-21,22.73,24.11,22.73,24.11,398,0
2017-08-28,24.3734,24.3734,24.3734,24.3734,179,0
2017-08-29,26.286,26.286,26.286,26.286,169,0
2017-08-30,25.28,25.28,25.28,25.28,161,0
2017-08-31,23.96,23.96,23.96,23.96,130,0
2017-09-06,21.1818,21.2801,21.1818,21.2801,349,0
2017-09-07,21.32,21.32,21.32,21.32,278,0
2017-09-08,22.05,22.05,22.04,22.04,868,0
2017-09-11,23.85,23.85,22.43,22.43,2288,0
2017-09-12,22.4,22.4,22.4,22.4,174,0
2017-09-13,21.85,21.85,21.85,21.85,352,0
2017-09-15,20,20,20,20,1022,0
2017-09-21,19.85,19.85,19.85,19.85,143,0
2017-09-26,18.763,18.763,18.763,18.763,459,0
2017-09-27,18.08,18.08,18.08,18.08,180,0
2017-09-28,18.84,18.84,18.84,18.84,400,0
2017-10-04,20.19,20.19,20.12,20.12,227,0
2017-10-05,19.52,19.52,19.1879,19.1879,2658,0
2017-10-10,19.47,19.47,18.902,19.14,3190,0
2017-10-11,18.6603,18.6603,18.6603,18.6603,141,0
2017-10-12,19.295,19.42,19.295,19.42,3418,0
2017-10-13,18.5,18.6314,18.5,18.59,1905,0
2017-10-16,17.81,18.07,17.81,18.07,866,0
2017-10-17,18.26,18.26,18.0345,18.035,745,0
2017-10-18,18.16,18.16,18.15,18.16,804,0
2017-10-20,18.92,18.988,18.5446,18.5446,800,0
2017-10-23,18.1,18.1,18.1,18.1,197,0
2017-10-24,17.75,17.75,17.75,17.75,104,0
2017-10-25,17.76,17.9672,17.76,17.91,4338,0
2017-10-27,16.67,16.72,16.27,16.39,4336,0
2017-10-30,15.8401,16.18,15.8401,16.18,1293,0
2017-10-31,15.9328,15.9328,15.9328,15.9328,210,0
2017-11-01,15.64,16.08,15.64,16.08,1205,0
2017-11-03,14.76,14.8,14.76,14.8,294,0
2017-11-06,14.37,14.37,13.251,13.51,3724,0
2017-11-07,13.41,13.4599,13.4,13.42,2680,0
2017-11-08,13.69,13.69,13.55,13.55,801,0
2017-11-09,13.35,13.35,13.35,13.35,606,0
2017-11-10,13.81,13.81,13.67,13.67,612,0
2017-11-13,13.5930,13.9100,13.5930,13.9100,200,0
2017-11-14,14.5900,14.6750,14.5500,14.5500,1700,0
2017-11-15,14.8000,14.8000,14.8000,14.8000,300,0
2017-11-16,15.0490,15.0490,14.8000,14.8900,900,0
2017-11-17,14.0100,14.0100,13.8300,13.8300,1200,0
2017-11-20,14.1600,14.1600,14.1600,14.1600,200,0
2017-11-21,13.7000,13.8800,13.7000,13.8800,600,0
2017-11-22,13.2400,13.2400,13.0200,13.0900,1900,0
2017-11-24,12.4300,12.4300,12.4300,12.4300,200,0
2017-11-27,12.7500,12.9390,12.7500,12.8100,1700,0
2017-11-28,13.0400,13.0400,13.0400,13.0400,600,0
2017-11-29,12.9800,13.6600,12.7400,13.2550,17200,0
2017-11-30,13.3400,13.5000,13.2500,13.4200,2000,0
2017-12-01,12.5000,12.8100,12.3700,12.8100,1000,0
2017-12-04,13.0000,13.1700,13.0000,13.1700,500,0
2017-12-05,13.1140,13.1140,13.1140,13.1140,200,0
2017-12-06,13.6500,14.1860,13.6500,14.1860,5600,0
2017-12-07,13.8700,13.9800,13.6100,13.6600,6400,0
2017-12-08,13.1200,13.3000,13.1200,13.2600,2100,0
2017-12-11,13.0700,13.0700,12.8000,12.8000,5300,0
2017-12-12,12.8400,13.3600,12.8000,13.3000,5100,0
2017-12-13,13.2510,13.7100,13.2510,13.5600,3400,0
2017-12-14,13.8700,13.9100,13.3400,13.3400,7400,0
2017-12-15,13.1500,13.2600,13.1300,13.2300,4100,0
2017-12-18,13.1700,13.4000,12.9800,13.3800,17600,0
2017-12-19,13.3800,13.3800,13.3800,13.3800,-,0
2017-12-20,13.3800,13.3800,13.3800,13.3800,100,0
2017-12-21,12.5110,12.5800,12.5110,12.5800,800,0
2017-12-22,12.5800,12.5800,12.5800,12.5800,200,0
2017-12-26,12.3100,12.3100,11.5800,11.5800,1000,0
2017-12-27,11.7700,11.7700,11.7700,11.7700,200,0
2017-12-28,11.7700,11.7700,11.7700,11.7700,-,0
2017-12-29,11.2330,11.3170,10.9000,11.3170,500,0
2018-01-02,11.2500,11.2500,11.2500,11.2500,500,0
2018-01-03,11.2500,11.2500,11.2500,11.2500,-,0
2018-01-04,11.2500,11.2500,11.2500,11.2500,-,0
2018-01-05,10.6000,10.6200,10.6000,10.6200,400,0
2018-01-08,10.6200,10.6200,10.6200,10.6200,-,0
2018-01-09,10.6200,10.6200,10.6200,10.6200,-,0
2018-01-10,9.6200,9.6200,9.6200,9.6200,400,0
2018-01-11,9.5400,9.5400,9.5400,9.5400,300,0
2018-01-12,9.6800,9.6800,9.2000,9.2000,3800,0
2018-01-16,9.3700,9.4010,9.3500,9.4000,1500,0
2018-01-17,9.4500,9.4500,9.4500,9.4500,200,0
2018-01-18,9.3000,9.3000,9.3000,9.3000,300,0
2018-01-19,9.5600,9.6470,9.5600,9.5800,1900,0
2018-01-22,9.4200,9.4200,9.3800,9.4110,2600,0
2018-01-23,9.2000,9.2000,9.0000,9.0000,2900,0
2018-01-24,8.8700,8.9320,8.5800,8.5800,1900,0
2018-01-25,8.3500,8.7400,8.3500,8.7400,2200,0
2018-01-26,8.4880,8.4880,8.4880,8.4880,300,0
2018-01-29,8.7300,8.7300,8.6000,8.6100,1600,0
2018-01-30,9.0800,9.0800,9.0600,9.0600,900,0
2018-01-31,8.9930,8.9930,8.9200,8.9200,3000,0
2018-02-01,8.6800,8.6800,8.6800,8.6800,300,0
2018-02-02,8.9000,8.9400,8.7000,8.7000,400,0
2018-02-05,8.8500,8.8500,8.7280,8.7280,4500,0
2018-02-06,9.5200,9.5200,9.0610,9.2500,7200,0
2018-02-07,9.2550,10.3300,9.2550,10.1500,1800,0
2018-02-08,10.2000,10.7800,10.2000,10.7800,3800,0
2018-02-09,10.9450,11.6300,10.9450,11.3900,7500,0
2018-02-12,11.1500,11.1500,11.0000,11.0000,200,0
2018-02-13,11.5000,11.5000,11.2990,11.2990,2400,0
2018-02-14,11.9100,11.9100,10.6100,10.6200,3000,0
2018-02-15,10.7300,10.9900,10.6400,10.6400,4100,0
2018-02-16,9.8800,10.0500,9.8800,10.0400,8700,0
2018-02-20,9.8400,9.8500,9.8400,9.8500,3200,0
2018-02-21,10.0150,10.0230,10.0150,10.0230,1100,0
2018-02-22,9.4400,9.4400,9.4400,9.4400,300,0
2018-02-23,9.2320,9.2320,9.2320,9.2320,100,0
2018-02-26,8.9290,8.9290,8.9290,8.9290,100,0
2018-02-27,8.9900,8.9900,8.9900,8.9900,4000,0
2018-02-28,8.9900,8.9900,8.9900,8.9900,-,0
2018-03-01,10.5100,10.5100,10.0910,10.1710,3900,0
2018-03-02,10.3400,10.4990,10.0750,10.0750,1700,0
2018-03-05,9.9570,9.9570,9.4470,9.4470,2400,0
2018-03-06,9.4200,9.5210,9.4200,9.4900,3100,0
2018-03-07,9.7000,9.7610,9.5750,9.5750,1600,0
2018-03-08,10.4750,10.4750,10.3850,10.3980,2300,0
2018-03-09,9.9000,9.9000,9.6500,9.6500,300,0
2018-03-12,10.0600,10.0600,9.9470,9.9470,800,0
2018-03-13,9.9600,10.3000,9.6100,10.2800,1600,0
2018-03-14,10.2500,10.3500,10.0600,10.0600,1700,0
2018-03-15,10.0000,10.0000,10.0000,10.0000,4000,0
2018-03-16,9.4900,9.4900,9.3890,9.3890,3100,0
2018-03-19,9.7100,9.7300,9.4240,9.4240,2300,0
2018-03-20,8.9500,8.9500,8.7100,8.8200,3000,0
2018-03-21,8.4700,8.4700,8.1000,8.1000,9400,0
2018-03-22,8.4580,8.4830,8.4400,8.4710,3000,0
2018-03-23,8.1400,8.1400,7.8170,7.8170,5400,0
2018-03-26,7.9250,7.9800,7.8600,7.9600,2300,0
2018-03-27,7.9800,8.2400,7.9800,8.2400,1700,0
2018-03-28,8.3230,8.6130,8.3200,8.6130,3100,0
2018-03-29,8.2200,8.2380,8.2200,8.2380,1700,0
2018-04-02,8.5000,8.9000,8.5000,8.8320,6900,0
2018-04-03,8.6550,8.6700,8.6550,8.6700,2300,0
2018-04-04,9.2990,9.2990,7.3900,8.6610,5900,0
2018-04-05,8.6700,8.6700,8.6500,8.6500,1400,0
2018-04-06,9.2200,9.2200,9.2200,9.2200,1100,0
2018-04-09,8.6900,8.6900,8.6501,8.6900,1770,0