Date,Open,High,Low,Close,Volume,OpenInt
2017-10-31,25.2252,25.2299,25.2252,25.2299,200,0
2017-11-01,25.2759,25.289,25.2759,25.289,600,0
2017-11-03,25.3799,25.3799,25.3783,25.3783,302,0
2017-11-06,25.48,25.49,25.48,25.49,200,0
2017-11-07,25.47,25.47,25.36,25.36,702,0
2017-11-09,25.2799,25.2799,25.2799,25.2799,148,0
2017-11-13,25.2290,25.2290,25.2290,25.2290,300,0
2017-11-14,25.2290,25.2290,25.2290,25.2290,-,0
2017-11-15,25.0000,25.1300,25.0000,25.1300,200,0
2017-11-16,25.1300,25.1300,25.1300,25.1300,-,0
2017-11-17,25.4200,25.4200,25.4200,25.4200,200,0
2017-11-20,25.4200,25.4200,25.4200,25.4200,-,0
2017-11-21,25.4200,25.4200,25.4200,25.4200,-,0
2017-11-22,25.4200,25.4200,25.4200,25.4200,-,0
2017-11-24,25.4200,25.4200,25.4200,25.4200,100,0
2017-11-27,25.4200,25.4200,25.4200,25.4200,-,0
2017-11-28,25.4200,25.4200,25.4200,25.4200,-,0
2017-11-29,25.4200,25.4200,25.4200,25.4200,-,0
2017-11-30,25.4200,25.4200,25.4200,25.4200,-,0
2017-12-01,25.4200,25.4200,25.4200,25.4200,-,0
2017-12-04,25.8200,25.8200,25.8200,25.8200,200,0
2017-12-05,25.8200,25.8200,25.8200,25.8200,-,0
2017-12-06,25.8200,25.8200,25.8200,25.8200,-,0
2017-12-07,25.8200,25.8200,25.8200,25.8200,-,0
2017-12-08,25.8200,25.8200,25.8200,25.8200,-,0
2017-12-11,25.8200,25.8200,25.8200,25.8200,-,0
2017-12-12,25.8200,25.8200,25.8200,25.8200,-,0
2017-12-13,25.8200,25.8200,25.8200,25.8200,-,0
2017-12-14,25.8200,25.8200,25.8200,25.8200,-,0
2017-12-15,25.8800,25.8800,25.8800,25.8800,100,0
2017-12-18,25.8800,25.8800,25.8800,25.8800,-,0
2017-12-19,25.8800,25.8800,25.8800,25.8800,-,0
2017-12-20,25.8800,25.8800,25.8800,25.8800,-,0
2017-12-21,25.8800,25.8800,25.8800,25.8800,-,0
2017-12-22,25.8800,25.8800,25.8800,25.8800,-,0
2017-12-26,25.8800,25.8800,25.8800,25.8800,-,0
2017-12-27,25.8800,25.8800,25.8800,25.8800,-,0
2017-12-28,26.2900,26.2900,26.2900,26.2900,1000,0
2017-12-29,26.2900,26.2900,26.2900,26.2900,-,0
2018-01-02,26.2900,26.2900,26.2900,26.2900,-,0
2018-01-03,26.2900,26.2900,26.2900,26.2900,-,0
2018-01-04,26.2900,26.2900,26.2900,26.2900,-,0
2018-01-05,26.2900,26.2900,26.2900,26.2900,-,0
2018-01-08,26.2900,26.2900,26.2900,26.2900,-,0
2018-01-09,26.2900,26.2900,26.2900,26.2900,-,0
2018-01-10,26.2900,26.2900,26.2900,26.2900,-,0
2018-01-11,26.2900,26.2900,26.2900,26.2900,-,0
2018-01-12,27.4690,27.4690,27.4690,27.4690,500,0
2018-01-16,27.4690,27.4690,27.4690,27.4690,-,0
2018-01-17,27.4690,27.4690,27.4690,27.4690,-,0
2018-01-18,27.4690,27.4690,27.4690,27.4690,-,0
2018-01-19,27.8200,27.8200,27.8200,27.8200,400,0
2018-01-22,27.8200,27.8200,27.8200,27.8200,-,0
2018-01-23,27.8200,27.8200,27.8200,27.8200,-,0
2018-01-24,27.8200,27.8200,27.8200,27.8200,-,0
2018-01-25,27.8200,27.8200,27.8200,27.8200,-,0
2018-01-26,27.8200,27.8200,27.8200,27.8200,-,0
2018-01-29,27.8200,27.8200,27.8200,27.8200,-,0
2018-01-30,27.8200,27.8200,27.8200,27.8200,-,0
2018-01-31,27.8200,27.8200,27.8200,27.8200,-,0
2018-02-01,27.8200,27.8200,27.8200,27.8200,-,0
2018-02-02,27.8200,27.8200,27.8200,27.8200,-,0
2018-02-05,27.8200,27.8200,27.8200,27.8200,-,0
2018-02-06,25.7800,26.5300,25.7800,26.5300,800,0
2018-02-07,26.5300,26.5300,26.5300,26.5300,-,0
2018-02-08,26.5300,26.5300,26.5300,26.5300,-,0
2018-02-09,26.5300,26.5300,26.5300,26.5300,-,0
2018-02-12,26.0300,26.0300,26.0300,26.0300,400,0
2018-02-13,26.0300,26.0300,26.0300,26.0300,-,0
2018-02-14,26.0300,26.0300,26.0300,26.0300,-,0
2018-02-15,26.0300,26.0300,26.0300,26.0300,-,0
2018-02-16,26.0300,26.0300,26.0300,26.0300,-,0
2018-02-20,26.0300,26.0300,26.0300,26.0300,-,0
2018-02-21,26.7800,26.7800,26.7800,26.7800,800,0
2018-02-22,26.7800,26.7800,26.7800,26.7800,-,0
2018-02-23,26.7800,26.7800,26.7800,26.7800,-,0
2018-02-26,26.7800,26.7800,26.7800,26.7800,-,0
2018-02-27,26.7800,26.7800,26.7800,26.7800,-,0
2018-02-28,26.7800,26.7800,26.7800,26.7800,-,0
2018-03-01,26.7800,26.7800,26.7800,26.7800,-,0
2018-03-02,26.7800,26.7800,26.7800,26.7800,-,0
2018-03-05,26.7800,26.7800,26.7800,26.7800,-,0
2018-03-06,26.7800,26.7800,26.7800,26.7800,-,0
2018-03-07,26.7800,26.7800,26.7800,26.7800,-,0
2018-03-08,26.7800,26.7800,26.7800,26.7800,-,0
2018-03-09,26.7800,26.7800,26.7800,26.7800,-,0
2018-03-12,26.7800,26.7800,26.7800,26.7800,-,0
2018-03-13,26.7800,26.7800,26.7800,26.7800,-,0
2018-03-14,26.7800,26.7800,26.7800,26.7800,-,0
2018-03-15,26.7800,26.7800,26.7800,26.7800,-,0
2018-03-16,26.7800,26.7800,26.7800,26.7800,-,0
2018-03-19,26.7800,26.7800,26.7800,26.7800,-,0
2018-03-20,26.7800,26.7800,26.7800,26.7800,-,0
2018-03-21,26.7800,26.7800,26.7800,26.7800,-,0
2018-03-22,26.7800,26.7800,26.7800,26.7800,-,0
2018-03-23,26.7800,26.7800,26.7800,26.7800,-,0
2018-03-26,26.7800,26.7800,26.7800,26.7800,-,0
2018-03-27,26.7800,26.7800,26.7800,26.7800,-,0
2018-03-28,26.7800,26.7800,26.7800,26.7800,-,0
2018-03-29,26.7800,26.7800,26.7800,26.7800,-,0
2018-04-02,26.7800,26.7800,26.7800,26.7800,-,0
2018-04-03,26.7800,26.7800,26.7800,26.7800,-,0
2018-04-04,26.7800,26.7800,26.7800,26.7800,-,0
2018-04-05,26.7800,26.7800,26.7800,26.7800,-,0
2018-04-06,26.7800,26.7800,26.7800,26.7800,-,0