Date,Open,High,Low,Close,Volume,OpenInt
2017-05-04,24.862,24.871,24.772,24.842,270278,0
2017-05-05,24.884,25.041,24.884,25.041,69906,0
2017-05-08,25.041,25.041,24.971,24.971,6250,0
2017-05-09,25.011,25.011,25.011,25.011,1143,0
2017-05-10,25.051,25.111,24.965,25.111,5666,0
2017-05-11,24.752,25,24.752,25,529,0
2017-05-12,24.922,24.932,24.862,24.902,803,0
2017-05-15,25.051,25.071,25.001,25.071,49649,0
2017-05-16,25.051,25.07,25.051,25.07,714,0
2017-05-17,24.772,24.772,24.762,24.762,1890,0
2017-05-18,24.673,24.673,24.611,24.611,437,0
2017-05-19,24.931,24.948,24.922,24.922,4960,0
2017-05-22,24.971,24.981,24.934,24.981,1345,0
2017-05-23,24.942,25.007,24.942,24.965,5165,0
2017-05-24,24.961,24.961,24.882,24.922,1516,0
2017-05-25,25.091,25.091,25.031,25.031,18478,0
2017-05-26,24.961,25.001,24.87,25.001,10220,0
2017-05-30,25.041,25.051,24.994,25.031,3510,0
2017-05-31,25.071,25.071,24.912,24.991,1285,0
2017-06-01,25.231,25.241,25.231,25.241,2114,0
2017-06-02,25.31,25.49,25.31,25.48,37829,0
2017-06-05,25.52,25.52,25.376,25.42,47137,0
2017-06-06,25.33,25.37,25.278,25.3,12610,0
2017-06-07,25.36,25.4,25.31,25.4,13079,0
2017-06-08,25.37,25.49,25.37,25.47,10027,0
2017-06-09,25.51,25.539,25.26,25.31,18357,0
2017-06-12,25.27,25.27,25.161,25.171,2710,0
2017-06-13,25.33,25.41,25.29,25.41,12656,0
2017-06-14,25.26,25.394,25.231,25.231,7743,0
2017-06-15,25.101,25.101,24.863,24.863,7367,0
2017-06-16,24.991,24.991,24.942,24.971,4210,0
2017-06-19,25.071,25.31,25.071,25.31,3813,0
2017-06-20,25.211,25.236,25.081,25.111,15359,0
2017-06-21,25.141,25.161,25.121,25.134,4754,0
2017-06-22,24.971,25.201,24.971,25.171,4364,0
2017-06-23,25.191,25.231,25.165,25.196,2178,0
2017-06-26,25.31,25.33,25.205,25.245,11319,0
2017-06-27,25.26,25.28,25.141,25.141,6803,0
2017-06-28,25.181,25.32,25.181,25.32,13605,0
2017-06-29,25.3,25.3,24.908,25.041,12158,0
2017-06-30,24.991,25.141,24.991,25.121,21626,0
2017-07-03,25.166,25.21,25.141,25.141,10130,0
2017-07-05,25.161,25.171,25.069,25.121,2990,0
2017-07-06,25.011,25.051,24.971,24.971,11502,0
2017-07-07,25.031,25.081,25.026,25.081,4427,0
2017-07-10,25.171,25.191,25.101,25.161,18245,0
2017-07-11,25.161,25.201,25.131,25.201,8220,0
2017-07-12,25.42,25.42,25.42,25.42,2507,0
2017-07-13,25.51,25.559,25.44,25.559,23594,0
2017-07-14,25.629,25.669,25.585,25.669,5137,0
2017-07-17,25.659,25.679,25.649,25.649,8791,0
2017-07-18,25.649,25.659,25.585,25.659,9123,0
2017-07-19,25.818,25.888,25.79,25.856,8827,0
2017-07-20,25.948,25.988,25.913,25.968,4107,0
2017-07-21,25.958,25.958,25.763,25.848,11345,0
2017-07-24,25.858,25.858,25.755,25.818,6994,0
2017-07-25,25.868,25.938,25.868,25.918,1775,0
2017-07-26,26.008,26.048,26.007,26.048,7830,0
2017-07-27,26.078,26.097,25.908,25.968,13834,0
2017-07-28,25.918,25.928,25.908,25.928,1014,0
2017-07-31,26.008,26.028,25.898,25.988,19877,0
2017-08-01,26.018,26.038,25.948,26.028,26339,0
2017-08-02,26.097,26.097,25.898,25.998,27955,0
2017-08-03,25.988,25.988,25.938,25.943,2960,0
2017-08-04,25.958,25.988,25.928,25.988,10447,0
2017-08-07,26.087,26.137,26.087,26.134,1237,0
2017-08-08,26.187,26.207,26.064,26.087,15118,0
2017-08-09,26.117,26.117,25.877,25.958,5405,0
2017-08-10,25.729,25.729,25.432,25.441,9337,0
2017-08-11,25.48,25.569,25.48,25.569,54591,0
2017-08-14,25.792,25.838,25.792,25.828,5462,0
2017-08-15,25.769,25.769,25.659,25.739,5877,0
2017-08-16,25.908,25.944,25.876,25.908,8178,0
2017-08-17,25.898,25.898,25.549,25.549,4258,0
2017-08-18,25.5,25.649,25.5,25.602,6485,0
2017-08-21,25.529,25.579,25.526,25.569,5433,0
2017-08-22,25.679,25.888,25.679,25.788,7307,0
2017-08-23,25.779,25.843,25.779,25.816,2824,0
2017-08-24,25.938,25.968,25.789,25.813,6584,0
2017-08-25,25.828,25.928,25.828,25.908,9032,0
2017-08-28,25.868,25.868,25.779,25.789,832,0
2017-08-29,25.779,25.827,25.709,25.827,10867,0
2017-08-30,25.881,25.881,25.828,25.877,4365,0
2017-08-31,25.958,26.197,25.958,26.183,6343,0
2017-09-01,26.247,26.367,26.247,26.317,82516,0
2017-09-05,26.317,26.317,26.058,26.142,45480,0
2017-09-06,26.232,26.277,26.207,26.266,3880,0
2017-09-07,26.317,26.426,26.317,26.406,7110,0
2017-09-08,26.396,26.396,26.35,26.35,2210,0
2017-09-11,26.565,26.636,26.559,26.576,8225,0
2017-09-12,26.655,26.745,26.636,26.745,19277,0
2017-09-13,26.715,26.715,26.675,26.705,10173,0
2017-09-14,26.705,26.705,26.536,26.612,20712,0
2017-09-15,26.725,26.725,26.636,26.715,19202,0
2017-09-18,26.795,26.795,26.715,26.724,2130,0
2017-09-19,26.794,26.845,26.77,26.845,21628,0
2017-09-20,26.865,26.865,26.815,26.858,1956,0
2017-09-21,26.855,26.855,26.646,26.675,22081,0
2017-09-22,26.725,26.735,26.681,26.735,5823,0
2017-09-25,26.64,26.71,26.64,26.663,8523,0
2017-09-26,26.685,26.7,26.57,26.68,25739,0
2017-09-27,26.73,26.9,26.72,26.89,9984,0
2017-09-28,26.86,26.96,26.8306,26.96,2866,0
2017-09-29,27.04,27.1499,27.04,27.1262,10346,0
2017-10-02,27.27,27.27,27.1163,27.26,27148,0
2017-10-03,27.3,27.31,27.24,27.31,30743,0
2017-10-04,27.35,27.36,27.35,27.35,7395,0
2017-10-05,27.35,27.37,27.33,27.3566,13565,0
2017-10-06,27.2399,27.28,27.2231,27.2316,4020,0
2017-10-09,27.17,27.23,27.165,27.17,2900,0
2017-10-10,27.45,27.45,27.3656,27.42,6529,0
2017-10-11,27.4599,27.509,27.44,27.48,13594,0
2017-10-12,27.445,27.49,27.44,27.49,3270,0
2017-10-13,27.5726,27.6032,27.5726,27.59,3483,0
2017-10-16,27.63,27.63,27.5535,27.566,8236,0
2017-10-17,27.61,27.61,27.539,27.5498,2699,0
2017-10-18,27.68,27.68,27.6,27.6,952,0
2017-10-19,27.53,27.53,27.36,27.5,39902,0
2017-10-20,27.6505,27.69,27.645,27.655,11506,0
2017-10-23,27.76,27.76,27.7,27.7,8631,0
2017-10-24,27.77,27.78,27.67,27.76,7660,0
2017-10-25,27.66,27.66,27.635,27.635,641,0
2017-10-26,27.75,27.759,27.75,27.759,278,0
2017-10-27,27.75,27.78,27.75,27.78,2571,0
2017-10-30,27.76,27.77,27.67,27.77,10551,0
2017-10-31,27.82,27.92,27.82,27.9091,1999,0
2017-11-01,28.034,28.089,27.98,27.98,5663,0
2017-11-02,27.9306,28,27.9306,28,420,0
2017-11-03,27.9497,28.04,27.92,27.92,8925,0
2017-11-06,27.91,28.1,27.91,28.0754,3562,0
2017-11-07,28,28.04,27.998,27.998,2716,0
2017-11-08,28.079,28.1264,28.079,28.1264,928,0
2017-11-09,27.92,27.95,27.78,27.8579,11416,0
2017-11-10,27.82,27.91,27.82,27.8785,8261,0
2017-11-15,27.74,27.74,27.44,27.66,11000,0
2017-11-16,27.69,27.69,27.69,27.69,600,0
2017-11-17,28.17,28.22,28.13,28.20,9800,0
2017-11-20,28.35,28.38,28.25,28.37,13400,0
2017-11-21,28.59,28.59,28.58,28.58,1600,0
2017-11-22,28.58,28.65,28.54,28.58,5000,0
2017-11-24,28.72,28.72,28.71,28.71,5300,0
2017-11-27,28.72,28.72,28.63,28.64,14500,0
2017-11-28,28.61,28.62,28.61,28.62,400,0
2017-11-29,28.76,28.76,28.66,28.66,1200,0
2017-11-30,28.59,28.83,28.59,28.76,4600,0
2017-12-01,28.50,28.53,28.43,28.51,2400,0
2017-12-04,28.77,28.77,28.48,28.49,34300,0
2017-12-05,28.42,28.45,28.32,28.32,3100,0
2017-12-06,28.19,28.25,28.19,28.25,2600,0
2017-12-07,28.47,28.50,28.46,28.50,5900,0
2017-12-08,28.63,28.70,28.63,28.68,3500,0
2017-12-11,28.68,28.73,28.57,28.57,30100,0
2017-12-12,28.58,28.60,28.57,28.58,13000,0
2017-12-13,28.63,28.63,28.63,28.63,200,0
2017-12-14,28.67,28.67,28.43,28.49,11200,0
2017-12-15,28.48,28.69,28.47,28.62,3300,0
2017-12-18,28.87,29.11,28.87,29.11,4800,0
2017-12-19,29.12,29.12,28.92,29.02,235400,0
2017-12-20,29.18,29.18,28.99,29.07,8300,0
2017-12-21,29.12,29.16,29.09,29.10,20500,0
2017-12-22,29.07,29.10,29.03,29.09,1600,0
2017-12-26,29.16,29.16,29.03,29.15,4400,0
2017-12-27,29.07,29.08,29.00,29.00,72100,0
2017-12-28,29.08,29.11,28.99,29.07,114300,0
2017-12-29,29.12,29.12,28.98,28.98,31000,0
2018-01-02,29.00,29.19,29.00,29.19,68500,0
2018-01-03,29.42,29.43,29.36,29.40,11100,0
2018-01-04,29.53,29.61,29.53,29.56,18900,0
2018-01-05,29.71,29.78,29.69,29.75,9100,0
2018-01-08,29.94,29.96,29.78,29.94,21000,0
2018-01-09,30.08,30.08,29.87,29.99,34200,0
2018-01-10,29.92,29.93,29.80,29.88,11300,0
2018-01-11,29.98,30.13,29.98,30.13,31800,0
2018-01-12,30.35,30.50,30.29,30.50,17500,0
2018-01-16,30.68,30.74,30.34,30.44,58000,0
2018-01-17,30.58,30.83,30.41,30.76,20800,0
2018-01-18,30.76,30.76,30.58,30.71,16500,0
2018-01-19,30.89,31.03,30.89,31.03,3400,0
2018-01-22,31.00,31.20,30.88,31.20,28000,0
2018-01-23,31.28,31.28,31.15,31.26,31300,0
2018-01-24,31.39,31.39,31.01,31.04,19500,0
2018-01-25,31.08,31.15,30.93,30.93,24300,0
2018-01-26,31.21,31.26,31.21,31.26,20100,0
2018-01-29,31.37,31.37,31.08,31.16,7400,0
2018-01-30,30.97,30.97,30.62,30.69,27300,0
2018-01-31,30.76,30.76,30.44,30.44,1600,0
2018-02-01,30.60,30.76,30.57,30.61,10500,0
2018-02-02,30.33,30.33,29.99,30.02,30200,0
2018-02-05,30.00,30.00,28.65,28.81,90400,0
2018-02-06,28.33,29.20,28.04,29.18,14200,0
2018-02-07,29.27,29.37,29.07,29.07,5300,0
2018-02-08,29.21,29.21,28.27,28.27,6000,0
2018-02-09,28.33,28.33,27.59,28.00,12000,0
2018-02-12,28.57,28.91,28.47,28.76,16800,0
2018-02-13,28.76,28.89,28.64,28.89,11300,0
2018-02-14,28.75,29.48,28.75,29.45,35900,0
2018-02-15,29.70,29.80,29.58,29.79,12700,0
2018-02-16,29.84,29.92,29.69,29.85,12700,0
2018-02-20,29.75,29.95,29.71,29.83,14400,0
2018-02-21,29.90,29.97,29.68,29.68,11300,0
2018-02-22,29.67,29.71,29.53,29.59,4100,0
2018-02-23,29.51,29.93,29.51,29.93,27900,0
2018-02-26,30.00,30.19,29.97,30.18,238900,0
2018-02-27,30.05,30.05,29.91,29.92,18700,0
2018-02-28,29.90,29.96,29.67,29.70,112300,0
2018-03-01,29.51,29.51,28.91,29.17,36300,0
2018-03-02,29.13,29.39,28.91,29.39,14700,0
2018-03-05,29.40,29.59,29.17,29.58,10700,0
2018-03-06,29.80,29.95,29.74,29.93,45900,0
2018-03-07,29.73,29.90,29.73,29.90,56000,0
2018-03-08,29.93,29.93,29.82,29.87,8400,0
2018-03-09,30.00,30.11,29.96,30.10,3700,0
2018-03-12,30.30,30.30,30.15,30.22,48200,0
2018-03-13,30.31,30.31,29.96,29.96,50100,0
2018-03-14,30.07,30.07,30.04,30.05,16800,0
2018-03-15,30.07,30.08,30.01,30.05,22500,0
2018-03-16,30.00,30.13,30.00,30.07,21100,0
2018-03-19,30.08,30.08,29.56,29.76,14800,0
2018-03-20,29.82,29.83,29.71,29.77,15200,0
2018-03-21,29.83,29.97,29.83,29.93,7700,0
2018-03-22,29.79,29.79,29.28,29.32,10100,0
2018-03-23,29.31,29.31,28.69,28.69,61500,0
2018-03-26,29.06,29.24,28.81,29.22,11000,0
2018-03-27,29.22,29.37,28.80,28.80,18700,0
2018-03-28,28.81,28.87,28.68,28.77,6600,0
2018-03-29,28.95,29.25,28.95,29.22,26800,0
2018-04-02,29.26,29.26,28.42,28.63,130100,0
2018-04-03,28.78,28.93,28.68,28.86,24500,0
2018-04-04,28.50,28.94,28.50,28.94,25700,0
2018-04-05,29.23,29.27,29.09,29.26,18800,0
2018-04-06,28.91,29.08,28.64,28.79,37900,0
2018-04-09,28.96,29.16,28.95,29.00,19979,0