Date,Open,High,Low,Close,Volume,OpenInt
2017-08-03,20.89,21.34,20.41,20.65,11443674,0
2017-08-04,20.65,20.7399,20.35,20.63,1708903,0
2017-08-07,20.44,20.65,20.3,20.53,887001,0
2017-08-08,20.43,20.52,17.85,19.5,2146576,0
2017-08-09,19.74,19.86,19,19.04,733227,0
2017-08-10,18.95,19.5,18.5,19.14,881535,0
2017-08-11,19.11,19.84,18.83,19.55,1092407,0
2017-08-14,19.61,20,19.22,19.22,575395,0
2017-08-15,19.37,19.44,18.79,18.98,417521,0
2017-08-16,18.85,19.285,18.75,18.99,525630,0
2017-08-17,19.06,19.06,18.5,18.65,350491,0
2017-08-18,18.77,18.78,18.535,18.57,357210,0
2017-08-21,18.75,18.9,18.261,18.4,398590,0
2017-08-22,18.45,18.73,18.05,18.36,308680,0
2017-08-23,18.31,18.95,18.31,18.68,215621,0
2017-08-24,18.88,19.662,18.65,19.45,453829,0
2017-08-25,19.56,20.54,19.41,20.07,734181,0
2017-08-28,20.2,20.48,19.91,20.05,788819,0
2017-08-29,20.12,20.5,19.97,20.19,614172,0
2017-08-30,20.12,20.48,19.86,20.34,315212,0
2017-08-31,20.28,20.46,20.1066,20.3,345730,0
2017-09-01,20.37,21,20.37,20.85,874483,0
2017-09-05,20.79,21,20.55,20.84,865301,0
2017-09-06,20.87,21,20.6,20.7,680475,0
2017-09-07,20.77,21.23,20.735,21.18,749123,0
2017-09-08,21.11,21.59,20.75,21.41,374231,0
2017-09-11,21.6,22.37,21.5044,21.98,771070,0
2017-09-12,21.98,22.37,21.74,22.28,448189,0
2017-09-13,22.32,23,22.23,22.23,935957,0
2017-09-14,22.28,22.45,21.28,22.06,571264,0
2017-09-15,22.19,22.7,22.155,22.29,1166595,0
2017-09-18,22.25,23.25,22.02,22.88,863476,0
2017-09-19,22.9,23.44,22.84,22.9,542722,0
2017-09-20,23.08,23.42,22.2,22.58,495276,0
2017-09-21,22.58,22.9,22.25,22.41,129435,0
2017-09-22,22.44,23.27,21.75,22.88,336858,0
2017-09-25,22.83,23.135,22.27,22.43,423260,0
2017-09-26,22.54,22.93,22.3,22.78,256868,0
2017-09-27,22.84,23.15,22.72,22.83,407412,0
2017-09-28,22.79,22.94,22.4458,22.72,430202,0
2017-09-29,22.79,22.79,22.07,22.6,426426,0
2017-10-02,22.66,23.19,22.31,23,671898,0
2017-10-03,23.15,23.4388,22.55,22.81,828697,0
2017-10-04,22.89,23.33,22.52,22.92,690975,0
2017-10-05,23.21,23.73,22.92,23.01,536414,0
2017-10-06,22.99,23.06,22.55,22.78,418422,0
2017-10-09,22.85,23.32,22.66,23.19,210348,0
2017-10-10,23.15,23.53,23.04,23.27,670498,0
2017-10-11,23.3,24.035,23.09,24,781277,0
2017-10-12,24.7,24.725,24.07,24.23,1245341,0
2017-10-13,24.47,24.59,24.03,24.4,587426,0
2017-10-16,24.54,24.7,24.31,24.51,376616,0
2017-10-17,24.61,25.13,24.51,24.6,637565,0
2017-10-18,24.69,24.94,23.86,24.02,664972,0
2017-10-19,23.9,24.05,23.51,23.68,510922,0
2017-10-20,23.79,24.22,23.64,23.85,321920,0
2017-10-23,24.11,24.4,23.74,24.21,529552,0
2017-10-24,24.28,24.88,24.28,24.74,352262,0
2017-10-25,24.81,25.24,24.6529,25.08,747370,0
2017-10-26,25.47,25.58,24.8903,25.5,660930,0
2017-10-27,26.5,26.9,24.55,24.81,1908573,0
2017-10-30,25.05,25.05,24.4,24.64,748445,0
2017-10-31,25,25.23,24.62,25,567104,0
2017-11-01,25.16,25.23,24.71,24.86,640718,0
2017-11-02,24.88,25.1113,24.13,24.43,293273,0
2017-11-03,24.41,24.729,23.5,23.69,1093463,0
2017-11-06,23.69,23.69,22.62,22.86,926905,0
2017-11-07,22.96,22.96,22.19,22.4,815489,0
2017-11-08,22.34,22.69,21.77,22.4,949560,0
2017-11-09,22.38,23.14,22.26,22.77,696832,0
2017-11-10,22.63,23.14,22.56,22.9,925866,0
2017-11-13,22.69,22.99,22.03,22.53,389000,0
2017-11-14,22.52,23.18,22.50,22.88,412800,0
2017-11-15,22.77,22.77,22.18,22.21,313100,0
2017-11-16,22.22,23.09,22.17,23.01,413000,0
2017-11-17,23.09,23.15,22.84,23.10,216500,0
2017-11-20,22.99,23.67,22.92,23.59,270700,0
2017-11-21,23.47,23.81,23.30,23.81,509600,0
2017-11-22,23.70,24.01,23.47,23.61,283900,0
2017-11-24,23.65,23.83,23.23,23.28,275100,0
2017-11-27,23.10,23.59,22.73,23.16,370600,0
2017-11-28,22.50,24.22,22.37,24.06,2004700,0
2017-11-29,23.90,24.25,22.93,22.96,2296200,0
2017-11-30,22.45,22.75,21.65,22.00,16061900,0
2017-12-01,22.25,22.43,21.60,22.14,3233700,0
2017-12-04,22.69,22.80,22.02,22.23,3067000,0
2017-12-05,22.14,22.28,21.78,21.81,1720700,0
2017-12-06,20.10,20.97,20.10,20.58,3674900,0
2017-12-07,20.78,21.49,20.53,20.87,2040700,0
2017-12-08,20.89,21.14,20.44,20.98,2110400,0
2017-12-11,21.02,21.40,20.65,20.78,852500,0
2017-12-12,20.74,21.28,20.67,20.73,1001600,0
2017-12-13,20.70,21.00,20.36,20.37,1228400,0
2017-12-14,20.53,21.24,20.35,21.03,1297000,0
2017-12-15,21.09,21.66,20.76,21.63,1310900,0
2017-12-18,21.65,22.49,21.26,22.20,1578100,0
2017-12-19,22.16,22.36,21.85,22.02,663900,0
2017-12-20,22.13,22.48,21.90,22.17,1008700,0
2017-12-21,22.29,22.43,22.14,22.15,292400,0
2017-12-22,22.05,22.09,21.69,21.73,257100,0
2017-12-26,21.73,22.15,21.60,22.06,506800,0
2017-12-27,22.01,22.30,21.92,21.99,251400,0
2017-12-28,21.91,22.30,21.87,22.26,294900,0
2017-12-29,22.38,22.38,21.81,22.12,349300,0
2018-01-02,22.20,22.97,22.20,22.79,1710600,0
2018-01-03,22.85,23.46,22.35,23.11,1192800,0
2018-01-04,23.17,23.62,22.43,23.00,839000,0
2018-01-05,23.09,23.51,23.01,23.45,1147600,0
2018-01-08,23.45,24.00,23.24,23.62,1448800,0
2018-01-09,23.59,23.80,23.28,23.54,577400,0
2018-01-10,23.44,23.44,22.83,23.15,836900,0
2018-01-11,23.27,23.99,23.12,23.94,1407900,0
2018-01-12,23.97,23.97,23.72,23.91,289800,0
2018-01-16,24.00,24.31,23.27,23.51,815600,0
2018-01-17,23.65,24.08,23.33,23.98,774800,0
2018-01-18,23.83,23.98,23.39,23.55,671400,0
2018-01-19,23.61,24.14,23.36,23.90,728600,0
2018-01-22,23.95,23.99,23.43,23.96,628800,0
2018-01-23,23.77,23.95,23.40,23.68,605400,0
2018-01-24,23.68,23.79,22.96,22.99,1102600,0
2018-01-25,23.32,23.35,22.10,22.31,1533900,0
2018-01-26,22.33,22.82,21.90,22.75,570900,0
2018-01-29,22.58,22.65,21.98,22.42,426900,0
2018-01-30,22.13,22.40,21.60,22.11,586800,0
2018-01-31,22.25,22.74,22.13,22.62,972600,0
2018-02-01,22.59,22.90,22.10,22.42,1121900,0
2018-02-02,22.21,22.42,21.02,21.02,894100,0
2018-02-05,20.83,21.06,19.68,20.10,1291700,0
2018-02-06,19.82,21.73,19.74,21.27,1515800,0
2018-02-07,21.29,22.42,21.10,22.02,1533500,0
2018-02-08,22.11,22.37,20.94,21.03,665900,0
2018-02-09,21.30,21.69,20.55,21.37,573800,0
2018-02-12,21.55,21.80,20.97,21.50,532500,0
2018-02-13,21.27,21.71,21.11,21.35,234500,0
2018-02-14,21.13,21.95,20.92,21.86,307300,0
2018-02-15,22.10,22.68,21.62,21.70,622400,0
2018-02-16,21.42,22.15,21.39,21.74,587000,0
2018-02-20,21.54,22.70,21.41,21.67,732700,0
2018-02-21,21.69,22.15,21.45,21.46,446900,0
2018-02-22,21.53,21.80,21.09,21.12,773500,0
2018-02-23,18.68,20.45,18.68,19.55,3194000,0
2018-02-26,19.65,20.90,19.56,20.30,1529100,0
2018-02-27,20.43,20.60,19.72,19.89,867800,0
2018-02-28,20.10,20.13,18.81,19.14,1418500,0
2018-03-01,19.66,20.14,19.42,19.90,2379300,0
2018-03-02,19.77,19.98,19.43,19.49,657600,0
2018-03-05,19.29,20.10,19.23,19.80,895800,0
2018-03-06,19.87,20.18,19.64,19.87,613900,0
2018-03-07,19.70,20.15,19.70,19.86,436800,0
2018-03-08,19.81,19.88,19.32,19.62,377800,0
2018-03-09,19.63,19.74,19.33,19.65,191600,0
2018-03-12,19.59,20.11,19.28,19.44,949600,0
2018-03-13,19.55,19.89,19.22,19.46,523200,0
2018-03-14,19.64,19.85,19.17,19.46,432200,0
2018-03-15,19.50,19.63,18.85,18.93,266900,0
2018-03-16,19.02,19.16,18.60,18.91,498100,0
2018-03-19,18.88,18.98,18.60,18.80,244800,0
2018-03-20,18.78,18.78,18.12,18.22,351500,0
2018-03-21,18.31,18.90,18.31,18.65,484200,0
2018-03-22,18.54,18.75,18.28,18.34,339300,0
2018-03-23,18.48,18.48,17.60,17.60,570200,0
2018-03-26,17.80,17.97,17.17,17.42,460400,0
2018-03-27,17.55,18.24,17.35,17.51,486200,0
2018-03-28,17.94,17.94,17.59,17.68,294400,0
2018-03-29,17.73,18.13,17.58,18.09,606700,0
2018-04-02,17.93,17.98,17.28,17.65,264800,0
2018-04-03,17.65,17.88,17.43,17.60,488200,0
2018-04-04,17.39,17.67,17.07,17.46,445900,0
2018-04-05,18.08,18.17,17.46,17.63,1223400,0
2018-04-06,17.79,18.03,17.54,17.60,585100,0
2018-04-09,17.79,18.00,17.65,17.69,516743,0