Date,Open,High,Low,Close,Volume,OpenInt
2017-06-23,24.853,24.853,24.844,24.844,474,0
2017-06-26,24.942,24.942,24.907,24.907,402,0
2017-06-27,24.833,24.833,24.768,24.768,1867,0
2017-06-28,24.892,24.892,24.853,24.853,745,0
2017-06-29,24.753,24.753,24.593,24.617,6936,0
2017-06-30,24.713,24.713,24.713,24.713,1007,0
2017-07-03,24.863,24.872,24.863,24.872,201,0
2017-07-06,24.643,24.643,24.643,24.643,402,0
2017-07-07,24.703,24.703,24.703,24.703,3499,0
2017-07-10,24.703,24.703,24.703,24.703,1208,0
2017-07-14,24.843,24.843,24.843,24.843,503,0
2017-07-17,24.922,24.981,24.922,24.961,1107,0
2017-07-18,24.91,24.91,24.906,24.906,1207,0
2017-07-21,25.049,25.099,25.049,25.099,604,0
2017-07-28,25,25.099,25,25.099,393,0
2017-08-01,25.228,25.228,25.213,25.213,1493,0
2017-08-03,25.347,25.347,25.242,25.242,1227,0
2017-08-04,25.347,25.347,25.228,25.228,3971,0
2017-08-07,25.271,25.297,25.271,25.297,1710,0
2017-08-08,25.357,25.357,25.347,25.347,209,0
2017-08-09,25.312,25.384,25.312,25.365,805,0
2017-08-10,25.327,25.327,25.287,25.287,1106,0
2017-08-11,25.327,25.327,25.288,25.295,6229,0
2017-08-15,25.421,25.421,25.421,25.421,430,0
2017-08-16,25.466,25.499,25.465,25.476,2110,0
2017-08-17,25.416,25.416,25.266,25.276,1005,0
2017-08-23,25.286,25.286,25.246,25.246,75971,0
2017-08-24,25.236,25.256,25.232,25.252,3015,0
2017-08-30,25.207,25.246,25.207,25.246,805,0
2017-08-31,25.276,25.276,25.276,25.276,1423,0
2017-09-05,25.023,25.028,25.023,25.028,442,0
2017-09-06,25.107,25.107,25.107,25.107,1105,0
2017-09-07,24.932,24.932,24.932,24.932,573,0
2017-09-08,24.872,25.022,24.872,25.022,9999,0
2017-09-20,25.331,25.331,25.31,25.31,200,0
2017-09-21,25.333,25.333,25.276,25.276,220,0
2017-09-22,25.301,25.301,25.273,25.273,269,0
2017-09-27,25.281,25.281,25.281,25.281,119,0
2017-10-02,25.511,25.511,25.511,25.511,100,0
2017-10-03,25.65,25.65,25.65,25.65,117,0
2017-10-16,25.92,25.92,25.92,25.92,147,0
2017-10-26,25.9999,25.9999,25.9999,25.9999,200,0
2017-10-27,26.1799,26.1799,26.1435,26.1435,390,0
2017-11-01,26.19,26.19,26.19,26.19,101,0
2017-11-02,26.19,26.19,26.19,26.19,190,0
2017-11-03,26.31,26.31,26.31,26.31,200,0
2017-11-07,26.29,26.29,26.29,26.29,700,0
2017-11-09,26.3631,26.3631,26.3631,26.3631,114,0
2017-11-17,26.2700,26.2700,26.2700,26.2700,-,0
2017-11-20,26.3600,26.3600,26.3600,26.3600,100,0
2017-11-21,26.3600,26.3600,26.3600,26.3600,-,0
2017-11-22,26.3600,26.3600,26.3600,26.3600,-,0
2017-11-24,26.3600,26.3600,26.3600,26.3600,100,0
2017-11-27,26.3600,26.3600,26.3600,26.3600,-,0
2017-11-28,26.3600,26.3600,26.3600,26.3600,-,0
2017-11-29,26.3600,26.3600,26.3600,26.3600,-,0
2017-11-30,26.3600,26.3600,26.3600,26.3600,100,0
2017-12-01,26.3600,26.3600,26.3600,26.3600,-,0
2017-12-04,26.3600,26.3600,26.3600,26.3600,-,0
2017-12-05,26.3600,26.3600,26.3600,26.3600,-,0
2017-12-06,26.3600,26.3600,26.3600,26.3600,-,0
2017-12-07,26.3600,26.3600,26.3600,26.3600,-,0
2017-12-08,27.2000,27.2300,27.2000,27.2300,2500,0
2017-12-11,27.3100,27.3100,27.3100,27.3100,100,0
2017-12-12,27.3100,27.3100,27.3100,27.3100,-,0
2017-12-13,27.4800,27.4800,27.4800,27.4800,2200,0
2017-12-14,27.4100,27.4100,27.3400,27.3400,1900,0
2017-12-15,27.3400,27.3400,27.3400,27.3400,-,0
2017-12-18,27.7400,27.7400,27.7400,27.7400,7000,0
2017-12-19,27.7400,27.7400,27.7400,27.7400,-,0
2017-12-20,27.6300,27.6300,27.6000,27.6100,2700,0
2017-12-21,27.6700,27.6700,27.6700,27.6700,1500,0
2017-12-22,27.5000,27.5000,27.5000,27.5000,700,0
2017-12-26,27.5000,27.5000,27.5000,27.5000,-,0
2017-12-27,27.5000,27.5000,27.5000,27.5000,-,0
2017-12-28,27.5500,27.5500,27.5500,27.5500,700,0
2017-12-29,27.5800,27.5800,27.5800,27.5800,200,0
2018-01-02,27.5800,27.5800,27.5800,27.5800,-,0
2018-01-03,27.5800,27.5800,27.5800,27.5800,-,0
2018-01-04,27.5800,27.5800,27.5800,27.5800,-,0
2018-01-05,27.5800,27.5800,27.5800,27.5800,-,0
2018-01-08,27.8200,27.8200,27.8200,27.8200,900,0
2018-01-09,27.8100,27.8100,27.8100,27.8100,100,0
2018-01-10,27.8100,27.8100,27.8100,27.8100,-,0
2018-01-11,27.8100,27.8100,27.8100,27.8100,-,0
2018-01-12,27.8100,27.8100,27.8100,27.8100,-,0
2018-01-16,27.9520,27.9520,27.9520,27.9520,800,0
2018-01-17,28.1020,28.1020,28.1020,28.1020,200,0
2018-01-18,28.1020,28.1020,28.1020,28.1020,-,0
2018-01-19,28.1020,28.1020,28.1020,28.1020,-,0
2018-01-22,28.7600,28.7600,28.7600,28.7600,100,0
2018-01-23,28.7600,28.7600,28.7600,28.7600,-,0
2018-01-24,28.8600,28.8600,28.8400,28.8400,400,0
2018-01-25,28.8200,28.8200,28.8200,28.8200,600,0
2018-01-26,28.9700,28.9700,28.9700,28.9700,300,0
2018-01-29,29.1980,29.1980,29.1180,29.1470,5300,0
2018-01-30,28.8600,28.8670,28.8600,28.8600,800,0
2018-01-31,28.7700,28.7700,28.7700,28.7700,400,0
2018-02-01,28.7700,28.7700,28.7700,28.7700,-,0
2018-02-02,28.7700,28.7700,28.7700,28.7700,-,0
2018-02-05,28.0300,28.1250,27.2250,27.2340,4400,0
2018-02-06,27.3000,27.3000,27.3000,27.3000,100,0
2018-02-07,27.7800,27.7800,27.7500,27.7500,800,0
2018-02-08,27.1800,27.2300,27.1800,27.2300,600,0
2018-02-09,27.2300,27.2300,27.2300,27.2300,-,0
2018-02-12,27.2800,27.2800,27.2800,27.2800,1200,0
2018-02-13,27.4600,27.5500,27.4600,27.5500,13000,0
2018-02-14,27.4950,27.6900,27.4950,27.6900,1100,0
2018-02-15,28.0100,28.0100,28.0100,28.0100,600,0
2018-02-16,28.2000,28.2000,28.1900,28.1900,600,0
2018-02-20,27.8500,27.8700,27.7680,27.7700,1600,0
2018-02-21,27.7700,27.7700,27.7700,27.7700,-,0
2018-02-22,27.7700,27.7700,27.7700,27.7700,-,0
2018-02-23,27.7700,27.7700,27.7700,27.7700,-,0
2018-02-26,27.7700,27.7700,27.7700,27.7700,-,0
2018-02-27,27.7700,27.7700,27.7700,27.7700,-,0
2018-02-28,27.7700,27.7700,27.7700,27.7700,-,0
2018-03-01,27.7700,27.7700,27.7700,27.7700,200,0
2018-03-02,27.7700,27.7700,27.7700,27.7700,-,0
2018-03-05,27.5200,27.7740,27.5200,27.7740,500,0
2018-03-06,27.7740,27.7740,27.7740,27.7740,-,0
2018-03-07,27.7740,27.7740,27.7740,27.7740,-,0
2018-03-08,27.7740,27.7740,27.7740,27.7740,-,0
2018-03-09,27.9400,28.0350,27.9300,28.0350,67600,0
2018-03-12,28.0350,28.0350,28.0350,28.0350,-,0
2018-03-13,28.0350,28.0350,28.0350,28.0350,-,0
2018-03-14,27.8600,27.8800,27.8600,27.8800,13800,0
2018-03-15,27.8800,27.8800,27.8800,27.8800,-,0
2018-03-16,27.9600,27.9700,27.9600,27.9700,1900,0
2018-03-19,27.9700,27.9700,27.9700,27.9700,-,0
2018-03-20,27.7600,27.7600,27.7600,27.7600,700,0
2018-03-21,27.7600,27.7600,27.7600,27.7600,-,0
2018-03-22,27.3700,27.4800,27.2700,27.3400,21100,0
2018-03-23,27.1300,27.1300,26.9000,26.9000,1100,0
2018-03-26,27.0600,27.1900,27.0600,27.1900,600,0
2018-03-27,27.1900,27.1900,27.1900,27.1900,100,0
2018-03-28,27.1900,27.1900,27.1900,27.1900,-,0
2018-03-29,27.3900,27.3900,27.3900,27.3900,1600,0
2018-04-02,26.8530,26.8530,26.8460,26.8460,400,0
2018-04-03,26.8460,26.8460,26.8460,26.8460,-,0
2018-04-04,26.8460,26.8460,26.8460,26.8460,-,0
2018-04-05,26.8460,26.8460,26.8460,26.8460,-,0
2018-04-06,27.5500,27.5700,27.2000,27.2590,3400,0
2018-04-06,27.5500,27.5700,27.2000,27.2594,3382,0