Date,Open,High,Low,Close,Volume,OpenInt
2016-12-22,24.34,24.379,24.34,24.36,719,0
2016-12-23,24.299,24.33,24.282,24.33,442230,0
2016-12-27,24.41,24.41,24.321,24.389,139102,0
2016-12-28,24.392,24.392,24.11,24.12,366377,0
2016-12-29,24.217,24.217,24.158,24.177,6226,0
2016-12-30,24.255,24.255,23.983,24.022,7115,0
2017-01-03,24.742,24.742,24.205,24.285,6827,0
2017-01-04,24.489,24.578,24.441,24.538,14028,0
2017-01-05,24.305,24.305,23.857,23.983,22331,0
2017-01-06,23.876,23.934,23.876,23.904,11451,0
2017-01-09,23.751,23.751,23.632,23.632,7799,0
2017-01-10,23.787,23.857,23.709,23.709,2485,0
2017-01-11,23.729,23.767,23.705,23.749,3519,0
2017-01-12,23.707,23.722,23.632,23.72,6471,0
2017-01-13,23.804,23.804,23.661,23.695,10126,0
2017-01-17,23.778,23.778,23.632,23.681,2010,0
2017-01-18,23.642,23.642,23.554,23.64,7235,0
2017-01-19,23.642,23.642,23.447,23.473,3556,0
2017-01-20,23.642,23.661,23.524,23.574,3706,0
2017-01-23,23.466,23.484,23.437,23.437,2163,0
2017-01-24,23.69,23.763,23.69,23.73,16987,0
2017-01-25,23.914,23.914,23.885,23.885,2398,0
2017-01-26,23.827,23.842,23.72,23.72,3556,0
2017-01-27,23.768,23.768,23.594,23.622,4949,0
2017-01-30,23.459,23.476,23.399,23.476,2930,0
2017-01-31,23.408,23.584,23.408,23.574,12984,0
2017-02-01,23.437,23.457,23.379,23.42,4006,0
2017-02-02,23.262,23.427,23.262,23.427,4930,0
2017-02-03,23.534,23.656,23.515,23.622,6985,0
2017-02-06,23.584,23.584,23.505,23.554,5128,0
2017-02-07,23.515,23.524,23.408,23.448,6136,0
2017-02-08,23.417,23.594,23.417,23.574,15303,0
2017-02-09,23.72,23.749,23.692,23.72,8827,0
2017-02-10,23.787,23.827,23.72,23.827,5866,0
2017-02-13,23.832,23.884,23.823,23.858,13569,0
2017-02-14,23.867,23.914,23.837,23.904,8143,0
2017-02-15,23.881,23.944,23.867,23.914,11386,0
2017-02-16,23.909,23.914,23.837,23.876,4470,0
2017-02-17,23.837,23.884,23.827,23.884,5093,0
2017-02-21,24.139,24.205,24.139,24.171,9808,0
2017-02-22,24.305,24.305,24.121,24.177,5330,0
2017-02-23,24.28,24.338,24.251,24.251,13994,0
2017-02-24,24.331,24.362,24.295,24.362,19328,0
2017-02-27,24.362,24.382,24.285,24.372,7590,0
2017-02-28,24.258,24.258,24.167,24.167,1291,0
2017-03-01,24.362,24.412,24.324,24.353,17557,0
2017-03-02,24.305,24.402,24.305,24.314,12161,0
2017-03-03,24.187,24.217,24.187,24.215,2078,0
2017-03-06,24.197,24.197,24.08,24.158,3743,0
2017-03-07,24.021,24.031,24.002,24.002,11365,0
2017-03-08,24.09,24.095,24.051,24.054,8290,0
2017-03-09,24.027,24.027,23.904,23.944,6998,0
2017-03-10,24.031,24.076,24.031,24.051,2026,0
2017-03-13,24.06,24.08,24.036,24.08,7509,0
2017-03-14,24.016,24.031,24.002,24.031,18324,0
2017-03-15,24.139,24.251,24.113,24.248,3271,0
2017-03-16,24.24,24.252,24.238,24.247,5939,0
2017-03-17,24.296,24.296,24.228,24.246,8847,0
2017-03-20,24.355,24.355,24.021,24.041,3509,0
2017-03-21,23.785,23.805,23.757,23.795,14928,0
2017-03-22,23.639,23.707,23.629,23.707,3072,0
2017-03-23,23.795,23.822,23.767,23.767,1847,0
2017-03-24,23.648,23.661,23.53,23.58,7522,0
2017-03-27,23.472,23.527,23.472,23.511,1574,0
2017-03-28,23.521,23.763,23.521,23.747,11703,0
2017-03-29,23.847,23.847,23.847,23.847,293,0
2017-03-30,23.832,23.883,23.815,23.865,16126,0
2017-03-31,23.888,23.903,23.877,23.903,1522,0
2017-04-03,23.795,23.795,23.57,23.571,10025,0
2017-04-04,23.609,23.629,23.572,23.629,36448,0
2017-04-05,23.774,23.774,23.697,23.697,9196,0
2017-04-06,23.599,23.657,23.582,23.606,4574,0
2017-04-07,23.585,23.609,23.57,23.609,1024,0
2017-04-10,23.531,23.625,23.531,23.624,1132,0
2017-04-11,23.497,23.629,23.497,23.624,1471,0
2017-04-12,23.58,23.645,23.57,23.59,7155,0
2017-04-13,23.599,23.609,23.482,23.501,13352,0
2017-04-17,23.56,23.648,23.55,23.648,6755,0
2017-04-18,23.521,23.654,23.521,23.619,17822,0
2017-04-19,23.732,23.732,23.619,23.629,1818,0
2017-04-20,23.648,23.805,23.648,23.767,1873,0
2017-04-21,23.717,23.752,23.697,23.717,19129,0
2017-04-24,23.855,23.913,23.825,23.894,4110,0
2017-04-25,23.795,24.07,23.795,24.006,4937,0
2017-04-26,24.132,24.158,24.13,24.158,3508,0
2017-04-27,24.002,24.087,24.002,24.08,11372,0
2017-04-28,23.883,23.916,23.825,23.916,5131,0
2017-05-01,23.843,23.843,23.805,23.807,1455,0
2017-05-02,23.766,23.87,23.766,23.83,2048,0
2017-05-03,23.794,23.869,23.785,23.866,7220,0
2017-05-04,23.825,23.825,23.594,23.623,3870,0
2017-05-05,23.747,23.825,23.691,23.825,11679,0
2017-05-08,23.815,23.855,23.806,23.827,5736,0
2017-05-09,23.795,23.893,23.795,23.874,2956,0
2017-05-10,23.913,23.966,23.913,23.966,1437,0
2017-05-11,23.639,23.639,23.567,23.624,2508,0
2017-05-12,23.53,23.53,23.442,23.453,4429,0
2017-05-15,23.629,23.687,23.54,23.56,9359,0
2017-05-16,23.59,23.59,23.404,23.442,5637,0
2017-05-17,23.187,23.217,23.075,23.114,9186,0
2017-05-18,22.951,23.049,22.933,23.049,6153,0
2017-05-19,23.011,23.246,23.011,23.242,7235,0
2017-05-22,23.287,23.344,23.287,23.342,1663,0
2017-05-23,23.324,23.364,23.295,23.295,4837,0
2017-05-24,23.305,23.305,23.207,23.219,7227,0
2017-05-25,23.364,23.364,23.236,23.276,1860,0
2017-05-26,23.266,23.275,23.222,23.275,3252,0
2017-05-30,23.295,23.364,23.295,23.325,2364,0
2017-05-31,23.285,23.285,23.167,23.222,2583,0
2017-06-01,23.521,23.747,23.521,23.727,6266,0
2017-06-02,23.737,23.737,23.658,23.658,2818,0
2017-06-05,23.629,23.669,23.619,23.629,1926,0
2017-06-06,23.452,23.531,23.442,23.472,10731,0
2017-06-07,23.452,23.511,23.422,23.505,39427,0
2017-06-08,23.59,23.629,23.564,23.58,47434,0
2017-06-09,23.599,23.865,23.599,23.808,7786,0
2017-06-12,24.041,24.12,23.963,23.972,7022,0
2017-06-13,24.031,24.1,24.031,24.1,359731,0
2017-06-14,24.139,24.139,23.972,24.08,6641,0
2017-06-15,24.002,24.002,23.956,23.982,10130,0
2017-06-16,23.865,23.889,23.813,23.889,9178,0
2017-06-19,24.065,24.11,24.051,24.07,3896,0
2017-06-20,23.883,23.883,23.805,23.825,15909,0
2017-06-21,23.776,23.776,23.55,23.609,12343,0
2017-06-22,23.629,23.805,23.629,23.737,7986,0
2017-06-23,23.737,23.815,23.737,23.805,4173,0
2017-06-26,23.933,24.041,23.933,24.002,19669,0
2017-06-27,24.101,24.133,24.012,24.061,9749,0
2017-06-28,24.192,24.239,24.16,24.16,16948,0
2017-06-29,24.121,24.131,23.86,23.992,11101,0
2017-06-30,23.982,24.078,23.972,24.078,17270,0
2017-07-03,24.259,24.309,24.239,24.239,3736,0
2017-07-05,24.22,24.22,23.987,24.017,20158,0
2017-07-06,23.874,23.883,23.676,23.705,9199,0
2017-07-07,23.745,23.814,23.686,23.804,12784,0
2017-07-10,23.765,23.794,23.725,23.755,4315,0
2017-07-11,23.705,23.732,23.695,23.732,3736,0
2017-07-12,23.829,23.844,23.794,23.794,2606,0
2017-07-13,23.854,23.963,23.814,23.93,22370,0
2017-07-14,23.953,24.037,23.953,24.032,5411,0
2017-07-17,24.096,24.101,24.056,24.056,7377,0
2017-07-18,23.976,23.976,23.904,23.963,5226,0
2017-07-19,23.972,24.081,23.966,24.081,7393,0
2017-07-20,23.992,24.141,23.992,24.091,5432,0
2017-07-21,24.061,24.066,23.992,24.032,5426,0
2017-07-24,23.893,23.9,23.844,23.844,7339,0
2017-07-25,23.844,24.121,23.844,24.012,6574,0
2017-07-26,23.893,23.933,23.824,23.834,5708,0
2017-07-27,24.002,24.061,23.953,23.963,3208,0
2017-07-28,23.992,23.999,23.784,23.804,3733,0
2017-07-31,23.834,24.042,23.834,24.022,3004,0
2017-08-01,23.972,24.131,23.972,24.131,6084,0
2017-08-02,24.042,24.042,23.735,23.775,7827,0
2017-08-03,23.695,23.695,23.666,23.666,478,0
2017-08-04,23.814,23.827,23.784,23.805,6613,0
2017-08-07,23.804,23.864,23.725,23.784,2081,0
2017-08-08,23.786,23.933,23.688,23.688,5147,0
2017-08-09,23.399,23.399,23.268,23.296,5569,0
2017-08-10,23.033,23.033,22.894,22.909,9495,0
2017-08-11,22.864,22.864,22.814,22.845,4828,0
2017-08-14,22.943,23.112,22.943,23.029,4914,0
2017-08-15,22.798,22.845,22.795,22.795,2438,0
2017-08-16,22.905,22.924,22.795,22.805,8434,0
2017-08-17,22.666,22.686,22.399,22.399,2787,0
2017-08-18,22.211,22.291,22.103,22.291,5262,0
2017-08-21,22.172,22.261,22.152,22.221,34964,0
2017-08-22,22.403,22.528,22.403,22.528,6188,0
2017-08-23,22.577,22.577,22.503,22.508,5470,0
2017-08-24,22.37,22.696,22.37,22.625,2950,0
2017-08-25,22.746,22.805,22.746,22.803,4051,0
2017-08-28,22.785,22.854,22.774,22.854,14412,0
2017-08-29,22.694,22.785,22.686,22.766,5194,0
2017-08-30,22.874,22.874,22.775,22.805,5014,0
2017-08-31,22.919,22.919,22.805,22.835,7334,0
2017-09-01,22.845,23.191,22.845,23.151,2079,0
2017-09-05,23.112,23.112,22.851,22.924,3320,0
2017-09-06,23.131,23.131,23.033,23.072,5576,0
2017-09-07,22.983,22.983,22.825,22.854,4415,0
2017-09-08,22.825,22.874,22.759,22.815,15861,0
2017-09-11,22.988,23.06,22.988,23.06,1465,0
2017-09-12,23.412,23.478,23.412,23.465,1541,0
2017-09-13,23.557,23.582,23.518,23.582,4932,0
2017-09-14,23.468,23.507,23.448,23.448,4423,0
2017-09-15,23.745,23.819,23.745,23.819,2471,0
2017-09-18,23.972,23.972,23.819,23.874,4133,0
2017-09-19,23.97,23.97,23.888,23.9253,2149,0
2017-09-20,23.9,23.98,23.9,23.93,10061,0
2017-09-21,23.9,23.93,23.88,23.89,3475,0
2017-09-22,24.11,24.15,24.11,24.15,2300,0
2017-09-25,24.5,24.53,24.4001,24.4419,24487,0
2017-09-26,24.63,24.65,24.63,24.63,5762,0
2017-09-27,24.75,24.767,24.5376,24.767,1664,0
2017-09-28,24.72,24.83,24.7099,24.8103,5476,0
2017-09-29,24.7899,24.87,24.7756,24.79,5081,0
2017-10-02,24.92,25.043,24.92,25.043,3084,0
2017-10-03,25.11,25.22,25.1034,25.22,7232,0
2017-10-04,25.2542,25.2557,25.14,25.14,2931,0
2017-10-05,25.22,25.27,25.19,25.2,4214,0
2017-10-06,25.1334,25.1553,25.0214,25.1,8445,0
2017-10-09,25.04,25.04,24.95,24.97,9890,0
2017-10-10,25.13,25.13,25.03,25.06,3579,0
2017-10-11,25.01,25.01,24.9368,24.9368,13994,0
2017-10-12,24.97,24.97,24.77,24.79,4284,0
2017-10-13,24.9,24.91,24.85,24.85,17047,0
2017-10-16,24.86,24.86,24.75,24.7634,7557,0
2017-10-17,24.78,24.84,24.7,24.7399,5099,0
2017-10-18,24.8332,24.9301,24.8272,24.93,5625,0
2017-10-19,24.83,24.9645,24.83,24.96,4363,0
2017-10-20,25.17,25.209,25.16,25.16,20784,0
2017-10-23,25.43,25.43,25.2704,25.285,2991,0
2017-10-24,25.23,25.29,25.22,25.25,3380,0
2017-10-25,24.94,24.97,24.77,24.925,2009,0
2017-10-26,25.09,25.1202,25.065,25.11,5052,0
2017-10-27,24.85,24.89,24.8201,24.86,5060,0
2017-10-30,24.74,24.74,24.459,24.6499,5441,0
2017-10-31,24.6615,24.6615,24.6344,24.6479,2159,0
2017-11-01,24.445,24.5,24.429,24.429,3275,0
2017-11-02,24.595,24.68,24.52,24.52,6617,0
2017-11-03,24.47,24.48,24.38,24.39,4046,0
2017-11-06,24.3,24.4,24.3,24.3957,2421,0
2017-11-07,24.2768,24.2768,24.08,24.13,11075,0
2017-11-08,24.085,24.2,24.06,24.1999,4151,0
2017-11-09,24.185,24.3985,24.13,24.27,20074,0
2017-11-10,24.34,24.3966,24.3,24.31,6970,0
2017-11-15,24.0900,24.2720,24.0900,24.2300,6300,0
2017-11-16,24.3800,24.6330,24.3710,24.6100,19700,0
2017-11-17,24.8600,25.0000,24.8600,24.9390,14300,0
2017-11-20,24.8880,25.1300,24.8880,25.0860,7000,0
2017-11-21,25.0600,25.1130,24.9830,25.0150,4500,0
2017-11-22,25.1600,25.1670,25.1000,25.1370,5200,0
2017-11-24,25.0400,25.2300,25.0400,25.1600,5900,0
2017-11-27,25.2400,25.2400,25.0980,25.2200,15300,0
2017-11-28,25.2800,25.6100,25.2800,25.6100,1700,0
2017-11-29,26.1500,26.2600,26.1500,26.2170,3200,0
2017-11-30,26.5000,26.5000,26.1900,26.2100,3500,0
2017-12-01,26.2800,26.2800,25.7600,26.1590,6400,0
2017-12-04,26.7800,26.8130,26.6700,26.7180,3700,0
2017-12-05,26.5500,26.6200,26.5040,26.5200,4400,0
2017-12-06,26.5100,26.5100,26.3900,26.4050,4500,0
2017-12-07,26.4300,26.5500,26.4300,26.5000,5700,0
2017-12-08,26.6000,26.7380,26.5100,26.7300,4100,0
2017-12-11,26.9000,27.0000,26.9000,26.9500,10000,0
2017-12-12,27.0000,27.2100,27.0000,27.1400,4100,0
2017-12-13,27.1650,27.2400,27.1650,27.2300,2500,0
2017-12-14,27.0400,27.0400,26.9000,26.9050,1800,0
2017-12-15,27.1320,27.1700,27.0600,27.0600,9900,0
2017-12-18,27.4600,27.5570,27.4100,27.5570,9500,0
2017-12-19,27.5480,27.5700,27.4700,27.4700,6500,0
2017-12-20,27.4900,27.5440,27.4800,27.5000,13700,0
2017-12-21,27.6700,27.6700,27.6150,27.6600,4300,0
2017-12-22,27.6090,27.6300,27.6000,27.6100,4200,0
2017-12-26,27.8300,27.8600,27.7690,27.7690,5900,0
2017-12-27,27.7300,27.7300,27.5400,27.5400,7600,0
2017-12-28,26.6300,26.6900,26.6000,26.6890,2900,0
2017-12-29,26.8900,26.8900,26.6000,26.6000,5300,0
2018-01-02,26.8500,26.8800,26.8110,26.8800,20300,0
2018-01-03,26.8740,26.8920,26.7480,26.7630,15800,0
2018-01-04,26.7200,26.7200,26.4300,26.6600,10300,0
2018-01-05,26.6600,26.6700,26.5990,26.6700,2100,0
2018-01-08,26.7600,26.8200,26.6500,26.7700,2200,0
2018-01-09,26.8280,26.8280,26.7300,26.7400,6300,0
2018-01-10,26.8700,27.0000,26.8700,26.9300,20900,0
2018-01-11,27.1300,27.3500,27.1100,27.3500,4400,0
2018-01-12,27.2700,27.6000,27.2700,27.5440,5500,0
2018-01-16,27.7300,27.7560,27.4110,27.4110,6200,0
2018-01-17,27.4200,27.4800,27.4000,27.4400,4500,0
2018-01-18,27.4090,27.4230,27.3970,27.4230,2800,0
2018-01-19,27.6600,27.6600,27.4400,27.5750,2000,0
2018-01-22,27.5800,27.7760,27.5770,27.7760,7900,0
2018-01-23,27.8600,27.8610,27.7230,27.7230,10800,0
2018-01-24,27.8520,27.8520,27.6650,27.6700,6800,0
2018-01-25,27.6500,27.6880,27.6030,27.6030,2200,0
2018-01-26,27.7290,27.9000,27.7290,27.9000,2800,0
2018-01-29,27.8000,27.8760,27.7420,27.8760,3400,0
2018-01-30,27.4900,27.4900,27.4000,27.4160,6400,0
2018-01-31,27.4100,27.4450,27.2900,27.3200,3700,0
2018-02-01,27.2300,27.3300,27.2280,27.2280,4000,0
2018-02-02,26.9360,26.9360,26.6500,26.6500,7200,0
2018-02-05,26.6230,26.6230,25.7700,25.8510,10400,0
2018-02-06,25.6730,25.6730,25.5000,25.5000,1500,0
2018-02-07,26.3460,26.3460,26.0310,26.0310,5200,0
2018-02-08,25.7300,25.7650,25.5300,25.5300,1800,0
2018-02-09,25.4900,25.4900,24.8400,25.2300,4800,0
2018-02-12,25.4700,25.7500,25.4700,25.7500,2600,0
2018-02-13,25.5520,25.7750,25.5520,25.7750,5600,0
2018-02-14,25.9710,26.0400,25.9710,26.0370,4700,0
2018-02-15,26.1720,26.4300,26.1600,26.4300,7200,0
2018-02-16,26.6300,26.7000,26.4500,26.5020,7200,0
2018-02-20,26.2250,26.2250,26.1300,26.1350,4100,0
2018-02-21,26.2100,26.3400,26.0600,26.0700,41300,0
2018-02-22,26.2040,26.2750,26.0300,26.1000,25800,0
2018-02-23,26.1500,26.3200,26.1500,26.3200,3700,0
2018-02-26,26.4270,26.6000,26.4270,26.6000,3200,0
2018-02-27,26.8000,26.8100,26.1800,26.1800,8400,0
2018-02-28,26.1900,26.3000,26.0400,26.0400,7400,0
2018-03-01,26.1000,26.1000,25.6900,25.7950,9400,0
2018-03-02,25.7000,26.0780,25.6960,26.0780,10200,0
2018-03-05,25.9900,26.4200,25.9900,26.4100,17000,0
2018-03-06,26.3200,26.4900,26.2720,26.4400,17600,0
2018-03-07,26.4500,26.4500,26.3690,26.4250,3200,0
2018-03-08,26.4200,26.5100,26.4030,26.4800,6900,0
2018-03-09,26.5700,26.6300,26.5300,26.6100,9400,0
2018-03-12,26.8000,26.8000,26.6800,26.7500,8700,0
2018-03-13,26.6800,26.6860,26.4800,26.4800,10100,0
2018-03-14,26.5740,26.5740,26.3400,26.3400,8800,0
2018-03-15,26.3300,26.3300,26.2730,26.3200,7500,0
2018-03-16,26.5600,26.5600,26.4500,26.4800,3400,0
2018-03-19,26.2540,26.2600,26.0300,26.1070,13500,0
2018-03-20,26.1700,26.1700,26.0900,26.1170,28900,0
2018-03-21,26.1100,26.1900,26.0800,26.0800,27200,0
2018-03-22,25.7280,25.8550,25.7280,25.7700,5100,0
2018-03-23,25.3600,25.4500,25.1950,25.1950,6400,0
2018-03-26,25.3240,25.4880,25.2600,25.4880,4900,0
2018-03-27,25.5910,25.7100,25.5810,25.6500,6900,0
2018-03-28,25.5000,25.6240,25.4400,25.5500,1700,0
2018-03-29,25.6450,25.7800,25.6450,25.7720,11500,0
2018-04-02,25.6900,25.6970,25.1580,25.3110,7700,0
2018-04-03,25.4120,25.6100,25.4120,25.5770,5500,0
2018-04-04,25.5600,25.9270,25.5600,25.9030,6300,0
2018-04-05,26.0100,26.2880,26.0100,26.2880,8100,0
2018-04-06,26.1500,26.1700,25.6970,25.7380,5700,0
2018-04-09,25.8932,26.1000,25.8932,25.9233,20826,0