Date,Open,High,Low,Close,Volume,OpenInt
2017-01-06,25.86,25.88,25.43,25.55,5800,0
2017-01-09,24.33,24.33,22.96,22.96,4695,0
2017-01-10,23.71,23.71,22.01,22.01,28177,0
2017-01-11,22.23,23.722,21.54,23.21,8493,0
2017-01-12,24.61,24.62,24.1232,24.34,7863,0
2017-01-13,23.85,24,23.43,23.56,3234,0
2017-01-17,24.47,24.5,23.68,23.68,2500,0
2017-01-18,22.23,22.9,21.82,21.97,8462,0
2017-01-19,22.3552,22.36,21.77,21.77,2005,0
2017-01-20,23.54,23.82,23.19,23.25,13730,0
2017-01-23,22.31,23,22.2799,22.9,7070,0
2017-01-24,23.41,23.6701,23.11,23.11,5665,0
2017-01-25,22.84,23.56,22.75,22.886,5638,0
2017-01-26,23.55,24.24,23.46,24.12,12650,0
2017-01-27,23.33,23.41,22.58,23.18,11330,0
2017-01-30,22.73,22.73,22.3,22.5,8620,0
2017-01-31,23.15,23.6,22.61,22.61,13875,0
2017-02-01,23.21,23.84,22.96,23.64,3926,0
2017-02-02,24.1901,24.1901,23.94,23.94,4175,0
2017-02-03,23.75,24.42,23.66,23.87,3980,0
2017-02-06,24.01,24.01,23.07,23.07,3729,0
2017-02-07,22.03,22.0399,21.45,21.81,14307,0
2017-02-08,21.56,22.315,21.0483,22.14,11163,0
2017-02-09,22.99,22.99,22.5,22.78,7745,0
2017-02-10,23.83,24.07,23.78,23.8453,7217,0
2017-02-13,22.6199,22.67,22.5,22.67,3727,0
2017-02-14,23.44,23.4401,23.1,23.1,3305,0
2017-02-15,22.9305,23.16,22.72,22.92,5641,0
2017-02-16,23.2344,23.2773,22.38,23.05,5172,0
2017-02-17,22.54,22.81,22.49,22.71,4940,0
2017-02-21,24.2,24.2,23.97,23.97,13415,0
2017-02-22,22.84,22.84,22.628,22.7,13236,0
2017-02-23,24.08,24.12,23.51,23.68,9811,0
2017-02-24,23.19,23.49,23.19,23.37,6330,0
2017-02-27,23.7,23.7,23.38,23.38,7610,0
2017-02-28,22.88,23.33,22.399,23.33,17146,0
2017-03-01,23.67,23.7303,23.16,23.16,8359,0
2017-03-02,22.03,22.3,21.6499,21.71,30669,0
2017-03-03,21.88,22.54,21.7916,22.3347,38596,0
2017-03-06,22.49,22.8,22.17,22.41,27700,0
2017-03-07,22.98,22.98,22.324,22.324,13828,0
2017-03-08,21.4799,21.9001,18.75,18.85,52863,0
2017-03-09,18.36,18.36,17.1,18.22,52102,0
2017-03-10,18.07,18.07,16.77,16.81,17706,0
2017-03-13,16.92,17.04,16.6,16.82,14599,0
2017-03-14,15.94,16.36,15.65,16.36,26266,0
2017-03-15,16.89,17.37,16.69,17.25,29912,0
2017-03-16,17.25,17.28,16.85,17.19,23436,0
2017-03-17,17.5,17.5,17.04,17.04,6217,0
2017-03-20,16.6,17.072,16.53,16.76,31519,0
2017-03-21,16.8599,16.93,15.86,16,17613,0
2017-03-22,15.52,16.09,15,15.896,10391,0
2017-03-23,15.55,15.61,15.41,15.48,1945,0
2017-03-24,15.5312,15.8001,15.491,15.8,11497,0
2017-03-27,15.12,15.5437,14.9,15.53,12795,0
2017-03-28,15.99,16.43,15.92,16.1344,24977,0
2017-03-29,16.3216,17.2,16.261,17.17,25471,0
2017-03-30,17.65,18.182,17.55,18.16,23843,0
2017-03-31,17.87,18.6,17.87,18.5,24135,0
2017-04-03,18.4,18.46,17.96,18.0598,14463,0
2017-04-04,18.45,19,18.27,18.91,19150,0
2017-04-05,19.54,19.79,18.7,18.7,14941,0
2017-04-06,19.5,19.62,19.45,19.62,6875,0
2017-04-07,19.7733,20.23,19.772,20.16,13606,0
2017-04-10,20.9,21.1332,20.7,21.1332,11448,0
2017-04-11,21.13,21.4474,20.82,21.34,25061,0
2017-04-12,21.75,21.7955,20.94,21.01,13031,0
2017-04-13,21.48,21.51,21.07,21.16,8699,0
2017-04-17,21.16,21.18,20.7,20.7301,18357,0
2017-04-18,20.5803,20.95,20.2132,20.73,5952,0
2017-04-19,20.53,20.66,17.93,18.18,20055,0
2017-04-20,18.18,18.53,17.82,17.95,2958,0
2017-04-21,17.89,17.89,16.47,16.81,17800,0
2017-04-24,16.7,16.7,16.3,16.46,21192,0
2017-04-25,16.18,17.03,16.15,17,9732,0
2017-04-26,16.3402,17.4,16.3,16.57,12598,0
2017-04-27,15.91,16.46,15.45,16.44,19277,0
2017-04-28,16.678,16.7499,16.08,16.3214,15903,0
2017-05-01,16.15,16.15,15.85,15.99,25451,0
2017-05-02,15.92,15.92,14.67,14.94,51279,0
2017-05-03,15.0025,15.15,14.62,15.03,31089,0
2017-05-04,14.18,14.18,12.75,12.86,76551,0
2017-05-05,12.95,13.8899,12.92,13.633,76922,0
2017-05-08,13.69,13.98,13.21,13.75,34704,0
2017-05-09,13.62,13.6752,12.95,13.32,26431,0
2017-05-10,13.8185,14.7667,13.77,14.51,47078,0
2017-05-11,15.0297,15.24,14.73,14.88,54890,0
2017-05-12,14.89,14.9701,14.48,14.93,37619,0
2017-05-15,16.28,16.3,15.7,15.9,60127,0
2017-05-16,15.96,16.02,15.5,15.54,77173,0
2017-05-17,16,16.35,15.73,15.9,56799,0
2017-05-18,15.6597,16.5,15.63,16.21,24301,0
2017-05-19,16.9,17.37,16.9,17.28,48852,0
2017-05-22,17.49,17.84,17.49,17.5744,13607,0
2017-05-23,17.8214,18.136,17.6725,18.1,64877,0
2017-05-24,18.0148,18.21,17.34,17.9199,23808,0
2017-05-25,17.41,17.77,15.0752,15.14,69679,0
2017-05-26,15.5455,16.22,15.41,16.15,12506,0
2017-05-30,15.564,16.22,15.5,15.9,7013,0
2017-05-31,14.75,14.94,14.29,14.67,20257,0
2017-06-01,14.94,15.52,14.51,14.675,21943,0
2017-06-02,14.1,14.4455,13.7,14.29,20667,0
2017-06-05,13.69,14.06,13.5,13.96,55563,0
2017-06-06,13.76,14.7799,13.67,14.72,31469,0
2017-06-07,14.18,14.24,12.4,12.48,103033,0
2017-06-08,12.23,12.64,12.1778,12.32,31149,0
2017-06-09,12.4948,12.748,12.3,12.5565,16559,0
2017-06-12,13.03,13.15,12.64,12.649,28091,0
2017-06-13,12.59,13,12.27,12.95,15008,0
2017-06-14,12.67,12.9,11.36,11.51,73319,0
2017-06-15,11.4301,11.48,11.2999,11.31,16247,0
2017-06-16,11.68,11.68,11.46,11.53,19317,0
2017-06-19,11.71,11.73,11.1,11.1048,13704,0
2017-06-20,10.4,10.5453,10.1452,10.48,82196,0
2017-06-21,10.5135,10.93,9.44,9.66,86606,0
2017-06-22,9.91,10.266,9.86,9.87,35377,0
2017-06-23,9.95,10.23,9.8546,10.17,89991,0
2017-06-26,10.27,10.41,9.9,10.408,17181,0
2017-06-27,10.64,11.11,10.63,10.97,82033,0
2017-06-28,11,11.38,10.84,11.34,92522,0
2017-06-29,11.53,11.84,11.31,11.43,82669,0
2017-06-30,11.8,12.4457,11.6883,12.41,41792,0
2017-07-03,12.63,12.92,12.63,12.87,58298,0
2017-07-05,12.75,12.75,11.3483,11.41,89668,0
2017-07-06,12.15,12.49,11.52,11.59,46091,0
2017-07-07,11.17,11.17,10.4595,10.78,40622,0
2017-07-10,10.641,11.1399,10.641,10.9,9830,0
2017-07-11,10.93,11.51,10.9081,11.41,21281,0
2017-07-12,12.05,12.36,11.42,11.66,57242,0
2017-07-13,11.85,12.2079,11.77,12.14,27504,0
2017-07-14,12.34,12.6,12.26,12.58,42824,0
2017-07-17,12.4128,12.5728,12.06,12.07,33997,0
2017-07-18,12.59,12.59,12.18,12.42,13212,0
2017-07-19,12.55,13.06,12.54,12.96,15395,0
2017-07-20,13.28,13.28,12.6263,12.6263,28599,0
2017-07-21,12.4276,12.45,11.57,11.63,43101,0
2017-07-24,12.1,12.1672,12.02,12.1672,21713,0
2017-07-25,12.94,13.38,12.78,13.38,36259,0
2017-07-26,13.7,14.1949,13.43,13.982,64808,0
2017-07-27,14.24,14.45,13.99,14.4,35775,0
2017-07-28,14.59,14.98,14.5799,14.89,84464,0
2017-07-31,14.77,15.53,14.5,15.4,31542,0
2017-08-01,14.75,14.82,13.74,14.496,46544,0
2017-08-02,14.47,14.83,14.05,14.73,58567,0
2017-08-03,15,15.005,14.1,14.24,35103,0
2017-08-04,14.28,14.75,14.28,14.6809,6619,0
2017-08-07,14.15,14.5891,13.9,14.5891,30940,0
2017-08-08,14.35,14.77,14.2,14.31,19243,0
2017-08-09,14.68,14.75,14.39,14.75,50908,0
2017-08-10,14.881,14.881,13.652,13.7042,34370,0
2017-08-11,13.6664,14.05,13.4401,14,20467,0
2017-08-14,14.17,14.31,12.93,12.93,50212,0
2017-08-15,12.62,13.02,12.56,13.01,11980,0
2017-08-16,13.1301,13.33,12.31,12.36,63109,0
2017-08-17,12.15,12.6,12.15,12.47,13307,0
2017-08-18,12.5,13.9,12.41,13.83,41733,0
2017-08-21,13.45,13.53,12.5989,12.81,14828,0
2017-08-22,13.025,13.2832,12.89,13.03,32499,0
2017-08-23,12.96,13.54,12.96,13.5,26585,0
2017-08-24,13.11,13.1685,12.4875,12.94,62517,0
2017-08-25,12.8216,13.1186,12.8216,13.026,34430,0
2017-08-28,12.89,12.89,11.89,12.25,89852,0
2017-08-29,12.1,12.1958,11.75,12.16,29539,0
2017-08-30,11.98,12.408,11.79,11.82,46463,0
2017-08-31,12.2801,13.01,12.1999,12.81,63983,0
2017-09-01,12.87,12.9705,12.481,12.93,29786,0
2017-09-05,13.74,14.05,13.711,13.74,54818,0
2017-09-06,14.15,14.38,14.05,14.21,63353,0
2017-09-07,14.08,14.29,13.96,14.19,23635,0
2017-09-08,14.2,14.2,12.85,12.98,43515,0
2017-09-11,12.62,13.45,12.577,13.3499,42999,0
2017-09-12,13.3239,13.5513,13.3239,13.52,21287,0
2017-09-13,13.76,14.3825,13.7399,14.36,21224,0
2017-09-14,14.84,15.22,14.57,14.66,28614,0
2017-09-15,14.86,14.974,14.74,14.94,10432,0
2017-09-18,14.708,14.87,14.25,14.87,23774,0
2017-09-19,15.09,15.09,14.373,14.52,7222,0
2017-09-20,14.78,15.38,14.78,15.08,50314,0
2017-09-21,14.87,15.14,14.64,15.12,10841,0
2017-09-22,14.91,15.14,14.85,15.05,8458,0
2017-09-25,15.6,16.48,15.6,16.46,53638,0
2017-09-26,15.97,16.24,15.95,16.1934,8308,0
2017-09-27,16.36,16.45,15.94,16.33,15180,0
2017-09-28,16.85,16.86,15.6,15.855,8802,0
2017-09-29,15.79,15.89,15.58,15.8352,10352,0
2017-10-02,14.73,14.9299,14.5,14.9,25402,0
2017-10-03,14.82,15.09,14.74,14.74,5035,0
2017-10-04,14.84,14.92,14.23,14.31,38378,0
2017-10-05,14.61,15.44,14.61,15.034,25208,0
2017-10-06,14.03,14.03,13.6887,13.78,43541,0
2017-10-09,13.82,14.13,13.82,13.95,16637,0
2017-10-10,14.73,15.2,14.72,15.11,25496,0
2017-10-11,15.23,15.46,14.9399,15.45,24420,0
2017-10-12,14.59,14.94,14.41,14.87,24255,0
2017-10-13,15.51,15.59,15.19,15.43,27423,0
2017-10-16,16.22,16.22,15.81,15.8925,25776,0
2017-10-17,15.95,16.12,15.41,15.97,14651,0
2017-10-18,16.171,16.21,15.75,16,12106,0
2017-10-19,15.39,15.545,15.25,15.37,14194,0
2017-10-20,15.13,15.69,15.12,15.69,27847,0
2017-10-23,15.66,15.78,15.51,15.62,7028,0
2017-10-24,16,16.21,15.58,16.19,12848,0
2017-10-25,16.1,16.1021,15.81,15.99,6426,0
2017-10-26,15.87,16.3376,15.83,16.3376,11565,0
2017-10-27,16.28,17.53,16.28,17.53,23761,0
2017-10-30,17.831,17.9514,17.401,17.74,16860,0
2017-10-31,17.64,18.025,17.601,18,12678,0
2017-11-01,18.51,18.61,17.65,17.81,17791,0
2017-11-02,17.9653,18.36,17.821,18.36,10732,0
2017-11-03,18.25,19.3,18.0753,19.24,16009,0
2017-11-06,19.42,21,19.3477,20.9066,38321,0
2017-11-07,20.75,20.95,20.55,20.86,31191,0
2017-11-08,20.6126,21.52,20.1056,20.43,24679,0
2017-11-09,20.54,21.0875,20.421,20.72,48499,0
2017-11-10,20.75,20.9943,20.2,20.48,48114,0
2017-11-13,20.5600,20.7200,19.8600,20.3290,8500,0
2017-11-14,19.6900,19.7800,18.7300,19.0100,38300,0
2017-11-15,18.7600,18.9200,18.5000,18.7510,7300,0
2017-11-16,18.6400,19.0000,18.4800,18.7000,11900,0
2017-11-17,19.4300,20.1200,19.3400,20.0400,14800,0
2017-11-20,19.5400,19.6540,19.0900,19.6540,5800,0
2017-11-21,19.8800,20.5200,19.8800,20.0400,2600,0
2017-11-22,21.0500,21.5200,20.8000,21.3600,11900,0
2017-11-24,22.1500,22.3500,22.0680,22.3500,26500,0
2017-11-27,21.5300,21.5950,20.9170,21.2400,25100,0
2017-11-28,21.2100,21.3900,20.9800,21.2600,7800,0
2017-11-29,21.2000,21.2300,20.1170,20.6800,6400,0
2017-11-30,21.0600,21.1200,20.1500,20.6030,12500,0
2017-12-01,21.5600,22.2500,21.4000,21.6700,17000,0
2017-12-04,20.9900,21.0570,20.7200,20.7200,3000,0
2017-12-05,20.6400,21.1220,20.6400,21.1220,5800,0
2017-12-06,20.3100,20.3100,19.0200,19.1020,21300,0
2017-12-07,19.5410,19.8900,19.5000,19.7700,7400,0
2017-12-08,20.8500,20.8500,20.2250,20.5000,4700,0
2017-12-11,20.9000,21.1700,20.8400,21.1700,2800,0
2017-12-12,21.1100,21.1100,20.0900,20.3200,14400,0
2017-12-13,20.2200,20.2490,19.6100,19.6500,2800,0
2017-12-14,19.2200,19.9600,19.2200,19.9600,2400,0
2017-12-15,20.4100,20.4150,20.1300,20.3450,7800,0
2017-12-18,20.6300,20.6300,20.2000,20.3000,11800,0
2017-12-19,20.5600,20.7100,20.5300,20.7100,7300,0
2017-12-20,20.9500,21.3100,20.6300,21.2900,23800,0
2017-12-21,21.0010,21.4910,21.0010,21.4910,3600,0
2017-12-22,21.2080,21.6000,21.1900,21.5900,13300,0
2017-12-26,21.9600,23.3100,21.9600,23.1200,19800,0
2017-12-27,23.1500,23.1500,22.8000,23.0000,15700,0
2017-12-28,22.9500,23.3000,22.8000,23.3000,9400,0
2017-12-29,23.4700,23.8200,23.4700,23.5400,4900,0
2018-01-02,23.6400,23.8800,23.5800,23.7700,2100,0
2018-01-03,24.4400,25.3200,24.4400,25.3200,2000,0
2018-01-04,25.3700,25.6700,25.1500,25.5300,13200,0
2018-01-05,24.9800,25.1900,24.9600,25.1000,17600,0
2018-01-08,25.2100,25.6400,25.1100,25.6400,9100,0
2018-01-09,26.0000,26.9900,25.6900,26.8400,74000,0
2018-01-10,27.2100,27.4100,27.1600,27.4100,9000,0
2018-01-11,28.0400,28.8900,27.6000,27.6000,18000,0
2018-01-12,27.4300,28.5500,27.4300,28.4100,17500,0
2018-01-16,28.3600,28.5500,27.5500,27.9600,9700,0
2018-01-17,27.8100,28.3960,27.8100,28.0940,1700,0
2018-01-18,27.9600,28.1400,27.6600,27.8900,23100,0
2018-01-19,27.3280,27.5100,27.0000,27.5100,26000,0
2018-01-22,27.1200,28.3800,27.0800,27.7200,37300,0
2018-01-23,28.3800,29.4500,28.3800,29.2900,4600,0
2018-01-24,29.2000,30.9000,28.9500,30.9000,21200,0
2018-01-25,31.3400,31.4700,29.7300,29.7500,17300,0
2018-01-26,30.3770,31.3300,30.3770,31.1670,7200,0
2018-01-29,30.2500,30.3600,29.6500,30.1600,28300,0
2018-01-30,29.0700,29.0700,28.3600,28.7100,26700,0
2018-01-31,28.7300,29.2200,28.1200,29.2200,31600,0
2018-02-01,30.0500,31.0400,29.7200,31.0400,25500,0
2018-02-02,29.6400,29.8400,28.8900,29.6400,2900,0
2018-02-05,29.4100,29.6850,27.5340,27.7600,14500,0
2018-02-06,27.2600,28.4350,27.1300,27.5100,16500,0
2018-02-07,27.5600,27.9200,24.7800,25.1320,17500,0
2018-02-08,25.1000,25.1000,23.5000,23.5000,12600,0
2018-02-09,23.5200,23.5300,21.5000,21.9100,11900,0
2018-02-12,23.2610,23.3800,22.2000,22.2000,13400,0
2018-02-13,21.7700,22.2500,21.4800,22.2000,3200,0
2018-02-14,21.5000,24.1690,21.5000,24.0050,7000,0
2018-02-15,23.3100,24.8400,23.0670,24.7800,19600,0
2018-02-16,24.4220,25.3900,24.3670,25.0610,13000,0
2018-02-20,25.3800,25.9350,25.1400,25.3100,6200,0
2018-02-21,25.1230,25.3500,24.7800,24.7800,4300,0
2018-02-22,25.8000,27.0600,25.4800,26.5850,7000,0
2018-02-23,27.3300,27.8690,27.3300,27.8200,3300,0
2018-02-26,27.4100,28.6200,27.2800,28.1100,1800,0
2018-02-27,28.1800,28.1800,26.8000,27.0290,5200,0
2018-02-28,27.3450,27.4210,25.0300,25.0500,21700,0
2018-03-01,24.2700,24.9450,23.6390,24.9450,10100,0
2018-03-02,24.1200,24.8600,23.6300,24.7600,18900,0
2018-03-05,25.6800,26.4800,25.6800,26.4800,8500,0
2018-03-06,26.6400,26.6400,26.1800,26.3500,6400,0
2018-03-07,26.2800,26.2800,24.3000,24.7560,3300,0
2018-03-08,24.5400,24.5400,23.3300,23.7300,6600,0
2018-03-09,24.6700,25.6800,24.6250,25.6600,5900,0
2018-03-12,25.1700,25.1700,24.1200,24.9100,1600,0
2018-03-13,25.2000,25.2000,23.8370,24.2600,5000,0
2018-03-14,24.4740,24.5900,23.8100,24.4900,8500,0
2018-03-15,24.9200,25.2260,24.6000,24.8640,3000,0
2018-03-16,24.8600,26.2400,24.8600,26.1110,6500,0
2018-03-19,26.0800,26.0800,25.2100,25.8440,1700,0
2018-03-20,27.4000,27.9500,27.3800,27.6000,16600,0
2018-03-21,28.7060,30.2650,28.5800,30.2650,10600,0
2018-03-22,28.8750,29.0250,28.4050,28.4050,4300,0
2018-03-23,28.8750,30.7440,28.4050,30.7250,4800,0
2018-03-26,30.3000,30.3890,29.7700,30.2500,4500,0
2018-03-27,30.0000,30.2700,29.1200,29.1200,17100,0
2018-03-28,28.7290,29.3820,27.8000,27.8000,12800,0
2018-03-29,28.8700,29.7700,28.8700,29.3150,9100,0
2018-04-02,28.6000,28.6000,26.8310,26.8750,4400,0
2018-04-03,26.9900,27.5200,26.9900,27.4500,900,0
2018-04-04,25.8200,27.3500,25.8200,27.3500,12300,0
2018-04-05,27.9000,28.1470,27.1000,27.5600,14500,0
2018-04-06,27.3000,27.3000,25.3150,25.3150,4600,0
2018-04-09,26.5500,27.2200,26.6250,27.1295,6137,0