Date,Open,High,Low,Close,Volume,OpenInt
2017-08-09,18.12,18.69,17.44,17.875,1709678,0
2017-08-10,17.97,18.45,17.87,18.19,180610,0
2017-08-11,18.02,18.14,17.6,17.9,175038,0
2017-08-14,17.96,18.1999,17.88,17.88,63780,0
2017-08-15,17.81,17.9,17.72,17.89,40966,0
2017-08-16,17.95,18,17.87,17.89,13209,0
2017-08-17,18.02,18.04,17.74,17.81,13787,0
2017-08-18,17.3,18,16.07,17.58,44026,0
2017-08-21,17.81,17.89,17.25,17.7,31633,0
2017-08-22,17.78,17.93,17.13,17.8308,41504,0
2017-08-23,17.9,18,17.18,17.85,34452,0
2017-08-24,18.4,18.75,18.4,18.54,91324,0
2017-08-25,19.06,19.4928,19.06,19.24,77993,0
2017-08-28,18.95,19.35,18.95,18.98,13048,0
2017-08-29,19.16,19.3,18.83,18.84,11296,0
2017-08-30,18.74,18.94,18.61,18.75,19274,0
2017-08-31,18.75,19.02,18.71,18.8,26095,0
2017-09-01,19.04,19.65,18.89,19.65,45574,0
2017-09-05,20.25,20.33,19.9,19.99,184096,0
2017-09-06,20.17,20.27,19.985,20.15,116165,0
2017-09-07,20.34,20.34,20.09,20.1,64013,0
2017-09-08,20.17,20.3699,19.95,20.12,64189,0
2017-09-11,20.1,20.23,20.1,20.1,34034,0
2017-09-12,20.1,20.17,19.95,20.03,106459,0
2017-09-13,20.2,20.2,20.035,20.04,19273,0
2017-09-14,20.04,20.05,19.52,19.74,89541,0
2017-09-15,19.7,19.8,19.25,19.7,121734,0
2017-09-18,19.45,19.49,18.95,19,135302,0
2017-09-19,19,19,18.64,18.73,13946,0
2017-09-20,18.82,18.881,18.58,18.66,7407,0
2017-09-21,18.62,18.73,18.51,18.51,5114,0
2017-09-22,18.85,18.93,18.5121,18.74,6728,0
2017-09-25,18.66,18.72,18.39,18.44,6603,0
2017-09-26,18.2999,18.3,18.05,18.07,13675,0
2017-09-27,18.87,19.05,18.8005,18.99,55111,0
2017-09-28,18.95,19.24,18.95,19.06,12604,0
2017-09-29,19,19.22,18.92,19.14,10240,0
2017-10-02,18.82,18.95,18.82,18.91,1950,0
2017-10-03,19.179,19.179,19,19.01,6232,0
2017-10-04,19.25,19.25,19.02,19.03,10807,0
2017-10-05,19.03,19.08,18.97,19,8691,0
2017-10-06,19.21,19.21,18.7,18.7,13521,0
2017-10-09,19.1,19.1,19,19.02,2867,0
2017-10-10,19.11,19.14,19.06,19.06,1349,0
2017-10-11,19.3,19.3,19.11,19.11,2483,0
2017-10-12,19.26,19.36,19.05,19.36,12422,0
2017-10-13,19.23,19.23,18.9201,18.9201,1818,0
2017-10-16,18.97,19.12,18.83,18.84,6908,0
2017-10-17,18.74,18.74,18.55,18.61,12391,0
2017-10-18,18.59,18.59,18.52,18.52,937,0
2017-10-19,18.8,18.81,18.53,18.54,8157,0
2017-10-20,18.471,18.63,18.47,18.63,6970,0
2017-10-23,18.71,18.86,18.63,18.66,5513,0
2017-10-24,18.91,18.91,18.45,18.7,6061,0
2017-10-25,18.73,18.76,18.4369,18.74,3775,0
2017-10-26,18.65,18.65,18.35,18.35,2014,0
2017-10-27,18.41,18.49,18.27,18.27,2246,0
2017-10-30,18.4,18.49,18.22,18.22,9837,0
2017-10-31,18.48,18.51,18.23,18.29,10029,0
2017-11-01,18.28,18.49,18.11,18.48,10175,0
2017-11-02,17,17.15,16.345,16.6,102041,0
2017-11-03,15.56,15.56,15.1,15.1,27245,0
2017-11-06,15.54,15.6,15.36,15.49,5410,0
2017-11-07,14.9,15.24,14.57,14.92,5715,0
2017-11-08,15.16,15.16,14.52,14.73,37366,0
2017-11-09,14.24,14.47,13.91,13.91,33649,0
2017-11-10,14.39,14.94,14.35,14.94,36979,0
2017-11-13,14.52,14.96,14.51,14.96,28800,0
2017-11-14,14.50,14.62,14.20,14.62,16600,0
2017-11-15,14.06,14.41,13.92,14.41,400,0
2017-11-16,14.83,15.30,14.72,14.73,33100,0
2017-11-17,14.60,14.74,14.55,14.55,6600,0
2017-11-20,14.56,14.56,14.36,14.42,6100,0
2017-11-21,14.45,14.49,14.45,14.45,9300,0
2017-11-22,14.32,14.37,14.19,14.37,17700,0
2017-11-24,14.65,14.65,14.11,14.11,1900,0
2017-11-27,14.20,14.21,14.01,14.01,3000,0
2017-11-28,13.58,13.86,13.45,13.45,22800,0
2017-11-29,13.50,13.69,12.54,12.54,3200,0
2017-11-30,14.09,14.17,13.66,13.67,6800,0
2017-12-01,14.16,14.20,14.06,14.10,4400,0
2017-12-04,14.15,14.15,13.88,13.92,3600,0
2017-12-05,13.67,13.68,13.35,13.57,27900,0
2017-12-06,13.34,13.34,12.88,13.26,30400,0
2017-12-07,13.27,13.95,13.19,13.45,41500,0
2017-12-08,14.02,14.08,13.76,14.00,30100,0
2017-12-11,13.83,13.89,13.55,13.84,21200,0
2017-12-12,13.54,13.58,13.27,13.30,15100,0
2017-12-13,13.38,13.50,13.13,13.50,18900,0
2017-12-14,13.42,13.42,13.15,13.18,2900,0
2017-12-15,13.33,13.33,12.99,12.99,13600,0
2017-12-18,13.13,13.20,12.75,12.75,7700,0
2017-12-19,12.72,12.72,12.60,12.65,2200,0
2017-12-20,12.57,12.60,12.45,12.46,3200,0
2017-12-21,13.18,13.43,12.77,13.33,7900,0
2017-12-22,13.73,13.83,13.50,13.50,2900,0
2017-12-26,13.62,13.67,13.52,13.52,26100,0
2017-12-27,13.93,13.93,13.77,13.77,4200,0
2017-12-28,14.14,14.15,13.69,13.92,12200,0
2017-12-29,13.80,13.80,13.39,13.60,5200,0
2018-01-02,13.99,14.34,13.39,13.39,23300,0
2018-01-03,14.77,14.80,14.43,14.43,9300,0
2018-01-04,15.03,15.13,15.00,15.10,3100,0
2018-01-05,14.82,14.85,14.59,14.85,11900,0
2018-01-08,14.76,14.92,14.70,14.85,23000,0
2018-01-09,14.61,14.77,14.56,14.77,9100,0
2018-01-10,14.48,14.48,14.29,14.40,12000,0
2018-01-11,14.16,14.41,14.12,14.34,11100,0
2018-01-12,14.47,14.87,14.47,14.87,5100,0
2018-01-16,14.76,15.99,14.68,15.13,8900,0
2018-01-17,14.73,15.32,14.72,14.92,48400,0
2018-01-18,14.83,15.83,14.83,15.83,23500,0
2018-01-19,14.82,15.24,14.82,15.05,28600,0
2018-01-22,15.00,16.08,14.90,15.32,33700,0
2018-01-23,15.75,16.40,15.64,16.09,34100,0
2018-01-24,15.82,16.06,15.60,15.68,7900,0
2018-01-25,15.72,16.48,15.43,15.68,18300,0
2018-01-26,16.00,16.24,15.94,16.08,22300,0
2018-01-29,16.65,17.26,16.62,17.20,11600,0
2018-01-30,16.81,17.02,16.57,16.68,9200,0
2018-01-31,16.83,17.23,16.82,16.87,36900,0
2018-02-01,16.97,17.78,16.97,17.78,33000,0
2018-02-02,16.64,16.75,16.27,16.34,12100,0
2018-02-05,15.99,16.13,15.85,15.96,16900,0
2018-02-06,15.21,16.71,15.21,15.70,38900,0
2018-02-07,15.42,16.62,15.13,15.16,48400,0
2018-02-08,15.21,16.75,14.83,14.96,29100,0
2018-02-09,15.00,15.32,14.82,15.28,37000,0
2018-02-12,15.24,15.26,15.00,15.13,11900,0
2018-02-13,15.02,15.12,15.00,15.00,1800,0
2018-02-14,15.10,15.80,15.10,15.80,14900,0
2018-02-15,15.24,15.69,15.18,15.55,42000,0
2018-02-16,15.30,15.68,15.17,15.40,18800,0
2018-02-20,15.24,15.48,15.02,15.43,19500,0
2018-02-21,15.30,15.43,15.27,15.30,14200,0
2018-02-22,15.40,15.63,15.40,15.46,12600,0
2018-02-23,15.88,15.96,15.77,15.90,17600,0
2018-02-26,15.97,16.31,15.95,16.14,11600,0
2018-02-27,15.78,15.78,15.71,15.78,62800,0
2018-02-28,15.59,15.59,15.40,15.54,8700,0
2018-03-01,15.50,15.74,15.41,15.48,17500,0
2018-03-02,15.36,15.36,15.35,15.36,23000,0
2018-03-05,15.52,15.99,15.52,15.73,4500,0
2018-03-06,15.72,15.97,15.72,15.97,3000,0
2018-03-07,15.51,15.70,15.29,15.55,65700,0
2018-03-08,15.44,16.69,15.44,15.51,28500,0
2018-03-09,15.50,16.13,15.50,16.01,105700,0
2018-03-12,15.46,16.40,15.34,15.96,23700,0
2018-03-13,15.46,16.40,15.34,15.78,150500,0
2018-03-14,15.50,15.98,15.50,15.98,31800,0
2018-03-15,15.50,15.60,15.40,15.46,14600,0
2018-03-16,15.38,15.38,15.16,15.19,10800,0
2018-03-19,15.41,15.61,14.61,14.61,9600,0
2018-03-20,16.11,16.31,15.95,16.17,24500,0
2018-03-21,15.85,16.45,15.80,15.99,6300,0
2018-03-22,15.77,16.06,15.72,15.90,9700,0
2018-03-23,15.66,15.73,15.48,15.55,72500,0
2018-03-26,15.83,15.89,15.48,15.89,33100,0
2018-03-27,15.79,15.79,15.43,15.66,12700,0
2018-03-28,15.51,15.57,15.39,15.39,4400,0
2018-03-29,15.38,15.61,14.72,15.02,6500,0
2018-04-02,15.10,15.38,14.84,14.95,45800,0
2018-04-03,15.43,15.66,15.35,15.45,9100,0
2018-04-04,15.36,15.57,15.32,15.55,3100,0
2018-04-05,15.54,15.54,15.34,15.34,2800,0
2018-04-06,15.36,15.59,14.60,14.60,30300,0
2018-04-09,15.76,15.89,15.63,15.88,5480,0