Date,Open,High,Low,Close,Volume,OpenInt
2017-09-01,7.61,8.68,7.5,8.45,300344,0
2017-09-05,9.16,9.65,8.8,9.485,149436,0
2017-09-06,9.94,10.5,9.5,10.27,171520,0
2017-09-07,10.45,10.5,8.5,8.86,176800,0
2017-09-08,8.88,8.88,8.1701,8.32,65657,0
2017-09-11,8.4,8.94,7.78,7.92,47404,0
2017-09-12,7.85,8.11,7.85,7.91,29664,0
2017-09-13,8,8.24,8,8,36706,0
2017-09-14,8.0101,8.2,7.92,7.92,33559,0
2017-09-15,8.17,8.17,7.9,8.15,47074,0
2017-09-18,8.16,8.17,7.95,8.1,23999,0
2017-09-19,8.07,8.26,7.95,8.26,24535,0
2017-09-20,8.37,8.97,8.34,8.49,51196,0
2017-09-21,8.54,8.54,8.4,8.48,9061,0
2017-09-22,8.54,8.6,8.318,8.35,25589,0
2017-09-25,8.49,8.62,8.26,8.42,32568,0
2017-09-26,8.46,8.46,8.26,8.37,6604,0
2017-09-27,8.29,8.754,8.27,8.57,42664,0
2017-09-28,8.7,8.7,8.53,8.62,6032,0
2017-09-29,8.6001,8.68,8.6,8.615,5111,0
2017-10-02,8.76,8.78,8.62,8.65,10643,0
2017-10-03,8.651,8.75,8.4,8.5,18788,0
2017-10-04,8.51,8.59,8.41,8.44,15394,0
2017-10-05,8.4,8.579,8.4,8.5,7927,0
2017-10-06,8.59,8.77,8.5,8.69,25923,0
2017-10-09,8.78,8.97,8.6,8.73,71500,0
2017-10-10,8.73,9.42,8.7,9.25,196448,0
2017-10-11,9.43,9.43,8.88,9.33,153564,0
2017-10-12,9.44,9.44,9.14,9.41,47365,0
2017-10-13,9.4762,10.2,9.37,9.87,297788,0
2017-10-16,10.23,10.23,8.8405,8.8766,58960,0
2017-10-17,9.3,9.49,7.84,8.11,116650,0
2017-10-18,8.37,8.619,7.5,8,114421,0
2017-10-19,8.09,8.35,7.6,8.16,30134,0
2017-10-20,8.23,8.48,8.15,8.23,20853,0
2017-10-23,8.56,8.67,7.66,7.88,41554,0
2017-10-24,7.85,7.99,7.7,7.76,26580,0
2017-10-25,7.69,7.755,6.72,6.81,43090,0
2017-10-26,6.75,7.1848,6.74,6.88,32057,0
2017-10-27,6.82,6.899,6.7,6.84,21405,0
2017-10-30,6.952,6.952,6.8,6.9,8324,0
2017-10-31,6.95,7.1,6.77,7.1,21620,0
2017-11-01,7,7.3,7,7.15,18456,0
2017-11-02,7.14,7.34,7.05,7.33,20760,0
2017-11-03,7.27,7.38,7.19,7.34,13807,0
2017-11-06,7.33,7.7099,7.31,7.38,7534,0
2017-11-07,7.52,7.52,7.3156,7.33,7732,0
2017-11-08,7.36,7.37,7.11,7.26,16881,0
2017-11-09,7.29,7.6265,7.29,7.33,18622,0
2017-11-10,7.2,7.607,7.2,7.41,9357,0
2017-11-13,7.33,7.52,7.20,7.44,16200,0
2017-11-14,7.52,7.52,7.38,7.50,15700,0
2017-11-15,7.46,7.50,7.42,7.45,8600,0
2017-11-16,7.41,7.51,7.40,7.50,4800,0
2017-11-17,7.52,8.00,7.47,7.67,56800,0
2017-11-20,7.70,7.74,7.65,7.73,16400,0
2017-11-21,7.65,7.90,7.65,7.76,39100,0
2017-11-22,7.71,7.71,7.60,7.66,22500,0
2017-11-24,7.62,7.80,7.59,7.67,11800,0
2017-11-27,7.59,7.76,7.59,7.76,14500,0
2017-11-28,7.69,7.76,7.67,7.69,6800,0
2017-11-29,7.73,7.90,7.70,7.82,15700,0
2017-11-30,7.91,7.96,7.83,7.83,15400,0
2017-12-01,7.90,7.90,7.78,7.89,22700,0
2017-12-04,7.92,7.92,7.85,7.91,2400,0
2017-12-05,7.94,7.94,7.80,7.80,20400,0
2017-12-06,7.93,7.99,7.87,7.97,24800,0
2017-12-07,8.00,8.32,8.00,8.25,94900,0
2017-12-08,8.28,8.29,8.08,8.17,48400,0
2017-12-11,8.15,8.25,8.06,8.06,24100,0
2017-12-12,8.10,8.14,8.03,8.11,29200,0
2017-12-13,8.06,8.10,8.04,8.05,20000,0
2017-12-14,8.01,8.22,8.01,8.21,24900,0
2017-12-15,8.22,8.22,8.10,8.12,12900,0
2017-12-18,8.22,8.90,8.22,8.39,68300,0
2017-12-19,8.44,8.55,8.38,8.44,20500,0
2017-12-20,8.53,8.65,8.45,8.53,45300,0
2017-12-21,8.60,9.00,8.53,8.65,109200,0
2017-12-22,8.70,9.00,8.69,8.74,48900,0
2017-12-26,9.00,9.23,8.90,8.92,37800,0
2017-12-27,9.00,9.17,8.88,9.11,43800,0
2017-12-28,16.00,16.00,9.79,10.10,2716800,0
2017-12-29,9.89,10.00,8.61,9.80,374600,0
2018-01-02,10.00,11.47,10.00,11.47,229000,0
2018-01-03,11.78,11.87,11.11,11.50,179000,0
2018-01-04,11.57,11.65,10.86,11.57,94900,0
2018-01-05,11.98,11.98,10.91,11.42,125700,0
2018-01-08,11.67,12.10,11.29,12.09,100300,0
2018-01-09,12.05,12.18,11.69,12.11,81400,0
2018-01-10,12.45,12.85,11.14,11.35,466800,0
2018-01-11,11.17,11.51,10.03,10.63,130800,0
2018-01-12,10.60,10.68,10.25,10.61,45300,0
2018-01-16,10.90,10.90,9.65,9.80,97700,0
2018-01-17,9.86,9.86,8.33,8.95,136100,0
2018-01-18,9.05,10.09,9.02,9.77,133300,0
2018-01-19,9.80,10.15,9.60,10.11,49200,0
2018-01-22,10.10,10.29,9.82,10.11,71400,0
2018-01-23,10.20,10.40,10.20,10.38,31000,0
2018-01-24,10.40,10.47,10.00,10.44,45000,0
2018-01-25,10.48,10.49,10.37,10.37,27300,0
2018-01-26,10.49,10.49,9.63,10.00,22900,0
2018-01-29,9.89,10.23,9.89,10.15,26600,0
2018-01-30,10.27,10.27,9.53,9.96,47600,0
2018-01-31,10.24,10.43,8.42,8.76,187000,0
2018-02-01,8.91,9.03,8.50,8.88,76800,0
2018-02-02,8.90,8.90,8.26,8.40,35200,0
2018-02-05,8.34,8.34,7.11,7.58,53100,0
2018-02-06,7.11,7.59,6.70,7.14,53100,0
2018-02-07,7.27,7.98,7.23,7.61,35700,0
2018-02-08,7.71,8.09,7.63,7.84,17300,0
2018-02-09,7.91,8.26,7.91,8.15,10000,0
2018-02-12,8.25,8.30,7.50,7.97,183000,0
2018-02-13,8.11,8.13,7.56,7.93,135700,0
2018-02-14,7.98,8.20,7.90,8.16,88900,0
2018-02-15,8.25,8.25,8.00,8.14,55600,0
2018-02-16,8.15,8.15,7.61,7.67,21200,0
2018-02-20,7.87,8.05,7.61,7.68,36100,0
2018-02-21,7.76,7.82,7.36,7.36,45400,0
2018-02-22,7.44,7.56,7.20,7.41,32000,0
2018-02-23,7.37,7.37,6.90,6.91,31100,0
2018-02-26,6.84,7.27,6.84,7.12,99900,0
2018-02-27,7.22,7.35,6.85,7.18,75600,0
2018-02-28,7.18,7.20,7.09,7.19,54300,0
2018-03-01,7.29,7.29,7.01,7.19,28200,0
2018-03-02,7.13,7.19,7.06,7.11,14600,0
2018-03-05,7.00,7.14,7.00,7.08,13100,0
2018-03-06,7.07,7.20,7.07,7.10,10100,0
2018-03-07,7.01,7.20,7.01,7.12,21000,0
2018-03-08,7.17,7.17,7.00,7.15,14700,0
2018-03-09,7.15,7.25,7.09,7.16,34100,0
2018-03-12,7.14,7.22,7.14,7.18,23300,0
2018-03-13,7.14,7.24,7.11,7.24,34300,0
2018-03-14,7.14,7.20,7.04,7.16,27300,0
2018-03-15,7.33,7.37,7.12,7.24,85900,0
2018-03-16,7.25,7.34,7.11,7.29,119900,0
2018-03-19,7.30,7.30,7.08,7.13,9200,0
2018-03-20,7.19,7.19,7.06,7.08,10800,0
2018-03-21,7.14,7.14,7.04,7.08,8000,0
2018-03-22,7.11,7.15,6.55,6.91,36600,0
2018-03-23,7.13,7.14,6.97,7.02,13900,0
2018-03-26,7.15,7.15,6.64,6.79,31300,0
2018-03-27,7.10,7.13,6.68,6.90,35300,0
2018-03-28,6.92,7.03,6.68,6.70,27000,0
2018-03-29,6.74,6.87,6.71,6.71,11700,0
2018-04-02,6.80,6.83,6.54,6.66,15700,0
2018-04-03,6.62,6.62,6.01,6.13,45100,0
2018-04-04,6.60,6.60,6.02,6.39,26000,0
2018-04-05,6.43,6.87,6.31,6.87,51000,0
2018-04-06,6.82,6.84,6.54,6.77,7800,0
2018-04-09,6.80,6.84,6.62,6.79,4545,0