Date,Open,High,Low,Close,Volume,OpenInt
2017-09-20,24.25,30,23.8,27.93,5029142,0
2017-09-21,28.18,32.64,28,31.11,1322409,0
2017-09-22,31.19,31.19,27.1,27.73,759244,0
2017-09-25,27.61,27.8549,26.62,27.01,364965,0
2017-09-26,27.21,28.8,26.73,27.55,394482,0
2017-09-27,28.09,28.98,27.41,27.62,351787,0
2017-09-28,26.75,27.2,26.75,27.03,229998,0
2017-09-29,27.15,27.1501,26.1,27,374039,0
2017-10-02,26.93,26.93,26.2,26.41,149397,0
2017-10-03,27.05,27.85,26.22,26.97,156145,0
2017-10-04,27.09,27.4,26.875,27.1,157704,0
2017-10-05,27.16,27.2,26.37,26.89,112341,0
2017-10-06,26.63,28.95,26.63,28.45,138746,0
2017-10-09,28.39,30.85,28.21,30.77,249149,0
2017-10-10,30.86,32.85,30.45,32.62,350326,0
2017-10-11,33.7,34.83,32.539,34.09,320978,0
2017-10-12,35.5,35.74,31.5601,32.63,312132,0
2017-10-13,33.5875,33.5875,30.85,32.19,119666,0
2017-10-16,31.57,32.4584,30.49,31.99,177833,0
2017-10-17,31.85,32.4191,30.611,30.84,141484,0
2017-10-18,30.62,31.12,28.6,28.64,271140,0
2017-10-19,28.56,28.56,27,27.59,275115,0
2017-10-20,27.7,28.47,27.7,28.24,203382,0
2017-10-23,28.42,28.719,26.11,26.46,193160,0
2017-10-24,26.43,27.34,26.43,26.98,295601,0
2017-10-25,27.02,27.2,26.33,27.07,157440,0
2017-10-26,27.13,27.13,26.6242,27.09,119379,0
2017-10-27,26.87,27.275,26.511,26.87,240190,0
2017-10-30,26.84,27.3699,26.78,27.09,249998,0
2017-10-31,27.28,27.48,26.82,27.01,92027,0
2017-11-01,27.13,28.52,27.11,27.99,77354,0
2017-11-02,27.78,30.16,27.0884,29.07,150019,0
2017-11-03,29.18,29.42,27.6,28,120058,0
2017-11-06,27.99,28.0451,27.84,27.91,43172,0
2017-11-07,28.41,28.41,26.77,27,73265,0
2017-11-08,27.28,27.72,26.81,27.03,108314,0
2017-11-09,27.52,27.52,27,27.03,82507,0
2017-11-10,26.96,28.43,26.96,27.78,20502,0
2017-11-13,28.02,28.02,27.02,27.39,39200,0
2017-11-14,27.31,28.00,26.50,26.85,80700,0
2017-11-15,26.65,27.61,26.16,26.20,184700,0
2017-11-16,26.40,27.13,24.39,24.62,140300,0
2017-11-17,24.65,26.00,24.65,25.00,76500,0
2017-11-20,25.07,26.00,24.40,24.66,37200,0
2017-11-21,24.81,27.83,24.58,25.68,162500,0
2017-11-22,25.70,27.24,25.70,26.84,85200,0
2017-11-24,27.01,27.03,26.50,26.80,17700,0
2017-11-27,27.00,27.19,25.80,26.72,87000,0
2017-11-28,26.49,26.67,25.10,25.86,76200,0
2017-11-29,25.53,26.50,25.00,25.39,77400,0
2017-11-30,25.41,26.29,25.20,26.11,42300,0
2017-12-01,26.04,26.48,25.00,25.92,53000,0
2017-12-04,25.95,27.11,25.75,27.11,44100,0
2017-12-05,27.20,27.20,25.33,25.73,60100,0
2017-12-06,25.54,26.94,25.54,25.74,42900,0
2017-12-07,25.83,26.34,25.40,25.55,73200,0
2017-12-08,25.37,26.38,25.12,25.49,94900,0
2017-12-11,25.05,26.10,25.05,25.35,56000,0
2017-12-12,25.25,26.00,25.02,25.63,41700,0
2017-12-13,26.00,26.00,25.26,25.28,41100,0
2017-12-14,25.50,25.68,25.06,25.21,23100,0
2017-12-15,25.17,26.00,24.75,24.95,93000,0
2017-12-18,25.08,25.75,23.51,23.89,152800,0
2017-12-19,23.95,24.17,23.22,23.51,37900,0
2017-12-20,23.60,24.94,22.30,22.86,100800,0
2017-12-21,23.10,23.10,21.50,21.82,194300,0
2017-12-22,21.99,21.99,20.67,21.44,132000,0
2017-12-26,21.27,22.37,21.17,21.50,76100,0
2017-12-27,21.46,22.92,21.27,22.04,107400,0
2017-12-28,22.04,22.28,21.27,21.36,105000,0
2017-12-29,21.49,22.50,20.80,21.23,119200,0
2018-01-02,21.10,22.63,20.91,22.26,72300,0
2018-01-03,22.29,22.97,22.05,22.35,79100,0
2018-01-04,22.72,23.39,21.50,22.10,58000,0
2018-01-05,22.26,22.93,22.18,22.81,48300,0
2018-01-08,23.00,23.50,22.51,22.98,92600,0
2018-01-09,23.24,23.88,23.00,23.63,76900,0
2018-01-10,23.65,23.70,22.34,22.53,58500,0
2018-01-11,22.79,23.46,22.51,23.11,29600,0
2018-01-12,23.23,23.66,22.91,23.37,65000,0
2018-01-16,24.00,24.00,23.04,23.44,84300,0
2018-01-17,23.28,23.86,22.23,22.62,69600,0
2018-01-18,22.55,23.51,22.55,23.50,27600,0
2018-01-19,23.03,23.41,22.52,22.64,36400,0
2018-01-22,22.85,23.78,22.85,23.74,45600,0
2018-01-23,23.58,23.85,23.37,23.68,38700,0
2018-01-24,23.83,24.20,22.83,24.12,55100,0
2018-01-25,24.80,24.80,23.81,24.40,18300,0
2018-01-26,24.80,24.80,23.80,24.58,71100,0
2018-01-29,25.99,25.99,24.63,24.96,63000,0
2018-01-30,25.17,25.42,24.52,24.85,34600,0
2018-01-31,25.16,26.97,24.85,26.96,376800,0
2018-02-01,27.34,27.34,25.50,26.39,52700,0
2018-02-02,26.30,27.05,25.21,25.98,48500,0
2018-02-05,25.83,25.83,24.60,25.35,56600,0
2018-02-06,25.19,25.19,22.80,23.05,142100,0
2018-02-07,23.00,23.00,22.21,22.50,68900,0
2018-02-08,22.50,22.90,20.05,20.05,118100,0
2018-02-09,20.21,21.16,19.80,20.25,119700,0
2018-02-12,20.30,21.49,20.30,20.80,128400,0
2018-02-13,20.75,22.11,20.20,22.00,182000,0
2018-02-14,23.60,24.80,22.03,24.22,214500,0
2018-02-15,24.25,24.25,23.45,23.90,97100,0
2018-02-16,23.72,23.99,23.12,23.49,61400,0
2018-02-20,23.65,24.44,23.50,24.25,104100,0
2018-02-21,24.44,24.44,23.83,23.99,115000,0
2018-02-22,24.16,24.35,22.60,23.00,113700,0
2018-02-23,22.98,23.09,22.06,23.00,50300,0
2018-02-26,23.20,23.21,22.33,23.05,56200,0
2018-02-27,23.21,23.21,22.32,22.54,34800,0
2018-02-28,22.46,22.46,21.16,22.15,93700,0
2018-03-01,21.54,21.97,21.01,21.90,17600,0
2018-03-02,21.53,22.16,21.44,21.84,18400,0
2018-03-05,22.09,22.25,21.52,21.97,16100,0
2018-03-06,22.00,22.68,21.51,22.16,58700,0
2018-03-07,22.16,22.18,21.52,21.80,61000,0
2018-03-08,21.89,23.48,21.61,21.96,95400,0
2018-03-09,21.95,22.56,21.89,22.10,195200,0
2018-03-12,22.00,22.92,21.68,22.06,144400,0
2018-03-13,22.00,22.92,21.21,21.63,95100,0
2018-03-14,21.25,21.80,20.52,20.70,71400,0
2018-03-15,20.72,21.67,20.50,20.80,52400,0
2018-03-16,20.83,21.27,20.60,21.02,43500,0
2018-03-19,21.21,21.82,21.00,21.07,83800,0
2018-03-20,21.23,21.55,21.02,21.14,74400,0
2018-03-21,21.00,22.20,20.86,21.78,142500,0
2018-03-22,21.55,21.99,20.55,20.74,108000,0
2018-03-23,20.99,21.64,20.75,20.76,68400,0
2018-03-26,21.06,22.60,20.77,20.78,85700,0
2018-03-27,20.97,21.47,20.78,20.79,90800,0
2018-03-28,20.97,21.00,20.57,20.90,34600,0
2018-03-29,21.12,21.88,20.79,21.35,47700,0
2018-04-02,21.13,21.81,20.98,21.24,18200,0
2018-04-03,20.91,21.25,20.56,21.10,83200,0
2018-04-04,20.87,22.68,20.59,22.41,97200,0
2018-04-05,22.48,22.48,21.27,21.51,68000,0
2018-04-06,21.29,22.00,21.18,21.44,65400,0
2018-04-09,21.54,22.60,21.50,22.44,66096,0